392 403 14 35 55 140 0
453 168 13 34 54 139 1
313 226 24 0 0 0 2
489 308 14 34 54 139 3
324 392 14 32 56 140 4
481 375 14 34 54 139 5
313 310 23 0 0 0 6
392 350 13 34 54 139 7
355 406 11 36 53 140 8
461 140 9 33 53 138 9
495 257 10 36 55 142 10
417 179 14 34 55 140 11
518 296 10 33 52 139 12
501 229 13 34 54 139 13
347 260 10 33 54 139 14
355 355 9 38 52 141 15
478 333 9 30 53 139 16
215 308 10 34 56 138 17
520 260 12 34 54 139 18
266 212 14 33 53 140 19
140 117 12 34 54 139 20
277 162 13 34 54 141 21
489 182 9 33 53 138 22
369 196 14 34 54 139 23
420 394 10 34 54 139 24
327 140 13 34 54 139 25
43 109 10 38 53 139 26
215 420 9 34 54 139 27
243 435 10 33 55 137 28
364 221 10 35 52 139 29
173 137 10 34 55 140 30
464 204 10 34 55 140 31
417 375 9 34 56 138 32
249 182 9 35 54 141 33
42 425 10 33 54 139 34
442 338 10 33 53 140 35
512 327 9 34 53 140 36
443 369 9 34 54 141 37
322 277 11 36 53 139 38
210 243 9 34 55 140 39
333 182 11 33 53 141 40
210 347 9 34 54 139 41
383 140 13 34 54 139 42
316 358 10 31 55 139 43
394 372 7 35 52 139 44
142 411 10 38 53 139 45
308 168 10 34 54 139 46
475 221 7 34 55 137 47
372 322 11 36 55 142 48
173 397 9 34 54 139 49
495 280 12 31 54 140 50
232 196 9 36 52 141 51
280 249 10 36 53 140 52
364 154 10 34 54 139 53
352 327 8 34 54 139 54
170 182 9 31 54 140 55
260 333 9 34 53 140 56
263 271 11 34 54 139 57
501 355 10 32 55 141 58
431 263 8 38 31 228 59
375 372 9 33 53 140 60
422 350 5 32 54 142 61
291 187 6 34 54 141 62
350 142 4 35 52 138 63
217 226 7 33 54 139 64
249 420 6 31 55 139 65
235 240 7 34 55 137 66
372 394 7 35 54 141 67
434 134 14 34 54 139 68
406 257 8 37 30 229 69
112 425 8 166 174 211 70
445 201 6 33 52 139 71
355 176 9 33 53 140 72
204 378 8 34 55 137 73
436 187 6 35 56 138 74
237 263 14 34 54 139 75
470 352 5 34 50 139 76
221 282 8 34 54 139 77
218 394 8 33 53 138 78
280 366 7 165 175 209 79
266 355 6 31 54 140 80
492 338 5 34 56 138 81
212 101 12 35 55 142 82
333 251 4 34 54 139 83
411 336 10 34 54 139 84
389 182 10 35 54 135 85
481 352 5 34 53 140 86
212 366 6 35 52 139 87
352 125 6 31 52 137 88
350 229 6 32 54 136 89
221 140 8 35 56 138 90
386 274 7 36 29 228 91
358 294 6 36 53 139 92
358 383 9 35 56 138 93
330 350 6 34 54 142 94
394 123 7 34 54 141 95
509 187 6 34 53 140 96
403 288 10 36 32 227 97
461 324 6 36 52 141 98
310 375 4 34 55 140 99
243 98 11 31 55 137 100
414 123 8 33 54 139 101
403 154 9 38 53 139 102
218 270 5 34 54 139 103
266 237 6 34 52 141 104
266 302 9 36 53 139 105
249 112 4 35 53 142 106
156 131 8 36 53 139 107
224 235 5 32 53 138 108
434 355 7 34 54 139 109
350 310 9 32 52 139 110
461 341 9 32 55 141 111
249 240 5 37 51 140 112
310 257 7 33 52 143 113
207 156 9 36 53 140 114
456 358 8 34 56 138 115
207 190 6 34 55 137 116
257 372 5 29 49 136 117
341 364 4 30 52 140 118
495 165 9 31 54 140 119
478 145 6 34 52 141 120
187 151 6 34 55 140 121
72 103 9 32 54 136 122
154 327 10 34 54 141 123
254 128 8 37 54 140 124
350 207 7 33 53 140 125
436 392 5 36 53 139 126
478 165 7 37 54 141 127
83 388 9 34 55 137 128
72 428 11 34 54 139 129
235 81 6 34 55 137 130
411 137 6 36 53 140 131
229 151 5 36 57 139 132
380 165 9 37 53 142 133
389 251 10 38 31 230 134
128 428 4 35 52 138 135
240 221 7 34 54 139 136
249 358 7 34 54 141 137
257 251 8 29 55 139 138
467 187 6 33 54 139 139
56 100 6 34 55 137 140
218 118 5 33 54 139 141
487 243 6 33 54 136 142
89 158 5 34 54 139 143
92 145 9 35 54 141 144
56 434 6 33 54 139 145
198 358 7 32 56 138 146
291 145 6 33 54 139 147
185 361 6 37 54 141 148
241 350 5 34 53 140 149
523 280 6 38 52 141 150
495 196 6 39 53 141 151
344 372 4 31 50 137 152
344 389 6 34 54 139 153
117 120 4 33 53 138 154
330 372 6 34 53 140 155
408 240 7 40 31 228 156
95 114 6 34 56 138 157
266 179 6 35 55 140 158
436 154 6 33 54 139 159
422 361 5 27 50 136 160
302 394 6 35 54 141 161
120 128 4 34 53 140 162
75 170 9 33 55 137 163
361 369 5 31 52 137 164
422 156 8 24 44 131 165
109 408 5 34 55 137 166
364 123 6 30 53 139 167
428 285 7 36 32 228 168
95 397 6 32 52 139 169
231 347 6 31 54 140 170
86 422 4 38 52 140 171
288 263 6 31 55 137 172
299 380 6 36 54 137 173
406 198 7 35 55 140 174
294 280 9 33 54 139 175
185 380 7 34 53 140 176
246 338 5 34 53 140 177
509 310 6 33 57 139 178
389 207 8 34 54 139 179
341 154 6 33 54 139 180
249 400 6 32 52 140 181
305 140 8 35 54 141 182
123 406 6 35 52 138 183
481 210 5 32 52 139 184
246 207 6 33 55 137 185
159 414 6 33 54 139 186
277 184 6 25 46 137 187
193 368 5 32 54 142 188
282 291 6 22 49 136 189
156 403 5 33 54 139 190
492 212 6 25 49 137 191
361 134 5 34 54 139 192
422 240 6 36 27 231 193
255 410 6 36 53 139 194
431 198 5 34 56 138 195
523 232 5 33 54 136 196
271 288 5 155 167 203 197
193 162 6 33 54 139 198
190 394 8 36 53 140 199
98 131 6 255 254 253 200
330 263 5 34 55 140 201
224 450 11 30 51 136 202
260 156 5 255 255 255 203
420 198 5 38 57 138 204
237 330 7 33 55 137 205
226 322 6 33 53 138 206
226 434 6 33 53 141 207
251 168 5 253 255 254 208
224 77 6 33 53 140 209
414 410 8 36 54 137 210
109 125 5 38 53 139 211
495 327 5 34 54 139 212
235 210 5 255 255 254 213
475 179 5 36 53 140 214
223 358 6 33 54 139 215
378 120 7 32 52 139 216
162 117 5 35 55 140 217
208 282 5 27 47 134 218
89 407 6 37 54 140 219
271 341 4 32 56 140 220
355 277 7 33 53 140 221
291 389 6 37 54 140 222
434 168 5 35 55 140 223
277 232 6 165 174 208 224
187 173 6 34 54 142 225
248 369 5 49 63 145 226
140 425 4 33 55 137 227
372 411 6 33 54 139 228
302 268 5 34 54 139 229
125 420 4 23 48 134 230
170 123 4 37 54 141 231
341 280 7 255 255 254 232
338 406 5 35 52 139 233
420 274 6 39 30 227 234
237 380 6 253 255 255 235
235 170 9 252 254 254 236
232 408 9 255 255 255 237
470 154 6 31 52 137 238
84 375 5 255 255 255 239
470 392 6 33 54 139 240
461 372 4 31 55 137 241
453 193 5 33 55 137 242
442 405 6 36 53 139 243
411 268 4 253 252 254 244
403 383 7 154 162 202 245
162 341 6 253 255 254 246
170 411 5 33 55 137 247
347 291 5 255 255 255 248
322 254 5 34 54 139 249
190 140 5 34 53 140 250
277 352 5 33 50 137 251
277 280 5 33 53 141 252
210 260 8 19 40 131 253
207 294 6 31 55 137 254
258 394 5 35 53 142 255
481 196 7 36 53 140 256
254 383 7 23 45 133 257
219 201 5 33 54 139 258
246 280 5 33 54 139 259
173 358 6 33 54 139 260
221 127 5 107 120 176 261
512 344 5 36 55 142 262
280 380 5 34 54 139 263
176 344 8 34 55 137 264
299 352 8 31 55 139 265
218 407 5 111 122 182 266
364 341 6 34 54 139 267
470 316 6 33 55 137 268
294 176 5 40 58 141 269
389 327 6 36 52 141 270
198 145 4 31 53 141 271
400 134 5 36 52 141 272
431 408 7 56 75 150 273
257 193 4 16 39 131 274
506 176 5 29 48 135 275
282 196 6 128 142 190 276
254 285 4 38 53 139 277
215 324 5 33 52 139 278
520 218 8 28 54 138 279
198 176 5 22 39 132 280
397 168 6 34 53 140 281
148 198 5 36 54 137 282
378 338 5 21 40 131 283
341 341 5 33 55 137 284
448 145 4 33 54 139 285
274 322 6 162 175 207 286
271 375 5 49 69 147 287
260 114 7 35 54 141 288
324 168 5 33 54 139 289
225 384 5 33 54 136 290
251 229 4 33 55 137 291
509 246 5 34 53 140 292
123 112 5 254 254 254 293
154 187 7 30 49 136 294
366 305 7 34 53 140 295
523 243 5 34 55 137 296
243 120 5 252 254 254 297
344 134 5 255 253 255 298
98 417 8 23 48 134 299
512 201 8 34 54 139 300
196 187 5 160 166 203 301
520 316 4 32 56 138 302
436 274 4 35 28 227 303
280 333 6 23 44 135 304
445 386 5 255 255 251 305
207 137 6 253 255 254 306
232 389 4 251 250 252 307
84 114 4 34 55 137 308
89 170 5 34 53 140 309
151 207 4 34 53 140 310
196 347 5 44 67 147 311
203 397 6 252 254 255 312
217 214 5 17 38 130 313
237 422 5 253 254 250 314
243 232 4 255 255 255 315
260 319 4 255 255 255 316
294 156 5 254 254 254 317
366 168 4 32 52 140 318
383 386 5 38 52 140 319
428 336 4 31 51 138 320
338 243 5 191 197 220 321
481 232 5 35 54 141 322
184 187 5 33 54 139 323
302 369 5 30 51 136 324
114 400 4 253 255 255 325
78 148 5 33 53 140 326
260 142 7 33 55 137 327
358 249 5 22 40 131 328
78 367 5 33 53 138 329
336 330 7 253 255 255 330
352 341 5 255 255 254 331
64 114 4 36 55 136 332
453 378 5 20 41 133 333
389 285 4 40 30 230 334
215 433 4 37 54 140 335
168 204 13 153 159 200 336
56 114 4 33 53 140 337
106 92 18 255 255 254 338
214 84 5 35 55 142 339
244 310 14 36 53 139 340
236 287 8 36 53 139 341
205 205 9 36 53 139 342
456 399 9 36 53 139 343
Neighbours
0 :  67 210 228 245 319
1 :  159 223 238
2 :  113 249 321
3 :  50 178 212 268
4 :  153 155 161 233
5 :  240 241
6 :  38 330
7 :  44 84 283
8 :  67 93 153 228 233
9 :  120 238 285
10 :  18 50 142 292
11 :  74 165 174 204 223 281
12 :  150 178
13 :  142 191 279 292 322
14 :  83 201 221 328
15 :  164 267 331
16 :  81 111
17 :  206 254 278
18 :  10 150 292 296
19 :  185 224 274 276
20 :  107 293
21 :  147 158 187 203 317
22 :  119 151 214 256
23 :  29 72 85 125 179
24 :  32 126 210 245 273
25 :  180 182 298
26 :  140 337
27 :  207 237 266 335
28 :  65 202 207 314
29 :  23 89 125
30 :  107 231 250
31 :  47 71 139 184 242 256
32 :  24 160 245
33 :  158 208 236 274
34 :  145
35 :  109 111 320
36 :  178 212 262 302
37 :  109 115 305 333
38 :  6 201 232
39 :  64 108 253
40 :  72 289
41 :  146 215 311
42 :  53 95 102 133 216 272
43 :  94 265 324
44 :  7 60 245
45 :  186 190 227
46 :  269 289 317
47 :  31 184 322
48 :  54 270 283 295
49 :  199 247
50 :  3 10
51 :  185 213 258
52 :  104 172 224
53 :  42 133 318
54 :  48 110 330 331
55 :  294 323 336
56 :  177 220 286 316
57 :  75 138 197 252 259 277
58 :  262
59 :  234 303
60 :  44 93 164 319
61 :  84 109 160
62 :  187 269 276
63 :  298
64 :  39 108 313
65 :  28 194 314
66 :  75 108 112 315
67 :  0 8 93 319
68 :  101 131 159 165 285
69 :  134 156 244
70 :  230 299
71 :  31 195 242
72 :  23 40 318
73 :  87 188
74 :  11 195
75 :  57 66 77 103 138 259 341
76 :  86 111 115
77 :  75 103 218 341
78 :  237 266 290 307 312
79 :  251 263 287
80 :  251
81 :  16 212
82 :  141 339
83 :  14 201 249 321
84 :  7 61 320
85 :  23 133 281
86 :  76
87 :  73 146 215
88 :  167 192 298
89 :  29
90 :  132 261 306
91 :  334
92 :  110 248 295
93 :  8 60 67 153 164
94 :  43 284
95 :  42 216 272
96 :  275 300
97 :  334
98 :  111 268
99 :  173 324
100 :  106 130
101 :  68 131
102 :  42 165 281
103 :  75 77 253
104 :  52 138 224
105 :  197 340
106 :  100 288 297
107 :  20 30 217
108 :  39 64 66
109 :  35 37 61 160
110 :  54 92 295
111 :  16 35 76 98 115
112 :  66 138 291 315
113 :  2 229 249
114 :  198 271
115 :  37 76 111 241
116 :  301 342
117 :  226 257
118 :  152
119 :  22 127 275
120 :  9 238
121 :  198 250 271
122 :  140 308 332
123 :  246
124 :  288 297 327
125 :  23 29
126 :  24 243 305
127 :  119 214 238
128 :  169 239
129 :  145 171
130 :  100 209
131 :  68 101 272
132 :  90
133 :  42 53 85 281 318
134 :  69
135 :  230
136 :  185 213 291 315
137 :  149 226
138 :  57 75 104 112
139 :  31 214
140 :  26 122
141 :  82 261
142 :  10 13 322
143 :  144 309
144 :  143 200 326
145 :  34 129
146 :  41 87 148 188 311
147 :  21 182 317
148 :  146 188 260
149 :  137 170 177
150 :  12 18
151 :  22 256
152 :  118
153 :  4 8 93
154 :  162 211 293
155 :  4
156 :  69 193
157 :  308 338
158 :  21 33 187
159 :  1 68 165 223
160 :  32 61 109
161 :  4 173 222
162 :  154 211
163 :  309
164 :  15 60 93
165 :  11 68 102 159
166 :  183 299 325
167 :  88 192 216
168 :  234 303
169 :  128 219
170 :  149 215
171 :  129 299
172 :  52 175
173 :  99 161 222 324
174 :  11 204
175 :  172 189 229 252
176 :  188 199
177 :  56 149 205
178 :  3 12 36 302
179 :  23
180 :  25
181 :  194 255
182 :  25 147
183 :  166 325
184 :  31 47 191 256
185 :  19 51 136 213
186 :  45 190 247
187 :  21 62 158 276
188 :  73 146 148 176
189 :  175 197 252
190 :  45 186
191 :  13 184
192 :  88 167
193 :  156
194 :  65 181
195 :  71 74 204
196 :  279 296
197 :  57 105 189 252
198 :  114 121 225
199 :  49 176 312
200 :  144 211
201 :  14 38 83 249
202 :  28 207
203 :  21 327
204 :  11 174 195
205 :  177 206 340
206 :  17 205 278 340
207 :  27 28 202 335
208 :  33 236
209 :  130 339
210 :  0 24 273
211 :  154 162 200
212 :  3 36 81
213 :  51 136 185
214 :  22 127 139
215 :  41 87 170
216 :  42 95 167
217 :  107 231
218 :  77 254
219 :  169 299
220 :  56 304
221 :  14 232
222 :  161 173 263
223 :  1 11 159
224 :  19 52 104
225 :  198 280 323
226 :  117 137 257
227 :  45
228 :  0 8
229 :  113 175
230 :  70 135
231 :  30 217
232 :  38 221 248
233 :  4 8
234 :  59 168 244
235 :  290 307
236 :  33 208
237 :  27 78 266 314
238 :  1 9 120 127
239 :  128 329
240 :  5 343
241 :  5 115 333
242 :  31 71
243 :  126 273 343
244 :  69 234
245 :  0 24 32 44
246 :  123 264
247 :  49 186
248 :  92 232
249 :  2 83 113 201
250 :  30 121 271
251 :  79 80
252 :  57 175 189 197
253 :  39 103
254 :  17 218
255 :  181 257
256 :  22 31 151 184
257 :  117 226 255
258 :  51 313 342
259 :  57 75 277 341
260 :  148 264
261 :  90 141
262 :  36 58
263 :  79 222 287
264 :  246 260
265 :  43
266 :  27 78 237
267 :  15 283 331
268 :  3 98
269 :  46 62
270 :  48
271 :  114 121 250 306
272 :  42 95 131
273 :  24 210 243
274 :  19 33
275 :  96 119
276 :  19 62 187
277 :  57 259
278 :  17 206
279 :  13 196 300
280 :  225 301
281 :  11 85 102 133
282 :  294 310 336
283 :  7 48 267
284 :  94 330 331
285 :  9 68
286 :  56 304
287 :  79 263
288 :  106 124
289 :  40 46
290 :  78 235 307
291 :  112 136 315
292 :  10 13 18
293 :  20 154 338
294 :  55 282 336
295 :  48 92 110
296 :  18 196
297 :  106 124
298 :  25 63 88
299 :  70 166 171 219
300 :  96 279
301 :  116 280 323
302 :  36 178
303 :  59 168
304 :  220 286
305 :  37 126 333 343
306 :  90 271
307 :  78 235 290
308 :  122 157
309 :  143 163
310 :  282 336
311 :  41 146
312 :  78 199
313 :  64 258 342
314 :  28 65 237
315 :  66 112 136 291
316 :  56 340
317 :  21 46 147
318 :  53 72 133
319 :  0 60 67
320 :  35 84
321 :  2 83
322 :  13 47 142
323 :  55 225 301
324 :  43 99 173
325 :  166 183
326 :  144
327 :  124 203
328 :  14
329 :  239
330 :  6 54 284
331 :  15 54 267 284
332 :  122 337
333 :  37 241 305
334 :  91 97
335 :  27 207
336 :  55 282 294 310
337 :  26 332
338 :  157 293
339 :  82 209
340 :  105 205 206 316 341
341 :  75 77 259 340
342 :  116 258 313
343 :  240 243 305
