BoardStartEnd
54 13
280 288 9 35 55 140 0
324 120 9 34 54 139 1
224 162 9 0 0 0 2
350 220 9 34 54 139 3
232 280 9 32 56 140 4
344 268 9 34 54 139 5
224 222 9 0 0 0 6
280 250 9 34 54 139 7
254 290 6 36 53 140 8
330 100 7 33 53 138 9
354 184 6 36 55 142 10
298 128 9 34 55 140 11
370 212 6 33 52 139 12
358 164 9 34 54 139 13
248 186 6 33 54 139 14
254 254 6 38 52 141 15
342 238 6 30 53 139 16
154 220 6 34 56 138 17
372 186 6 34 54 139 18
190 152 9 33 53 140 19
100 84 9 34 54 139 20
198 116 9 34 54 141 21
350 130 6 33 53 138 22
264 140 9 34 54 139 23
300 282 6 34 54 139 24
234 100 9 34 54 139 25
30 78 7 38 53 139 26
154 304 6 34 54 139 27
174 312 7 33 55 137 28
260 158 6 35 52 139 29
124 98 6 34 55 140 30
332 146 6 34 55 140 31
298 268 6 34 56 138 32
178 130 6 35 54 141 33
30 304 7 33 54 139 34
316 242 7 33 53 140 35
366 234 6 34 53 140 36
316 264 6 34 54 141 37
230 198 7 36 53 139 38
150 172 6 34 55 140 39
238 130 6 33 53 141 40
150 248 6 34 54 139 41
274 100 9 34 54 139 42
226 256 6 31 55 139 43
282 266 3 35 52 139 44
102 294 7 38 53 139 45
220 120 6 34 54 139 46
340 158 4 34 55 137 47
266 230 7 36 55 142 48
124 284 6 34 54 139 49
354 200 7 31 54 140 50
166 140 6 36 52 141 51
200 178 6 36 53 140 52
260 110 6 34 54 139 53
252 234 6 34 54 139 54
122 130 6 31 54 140 55
186 238 6 34 53 140 56
188 194 6 34 54 139 57
358 254 6 32 55 141 58
308 188 6 38 31 228 59
268 266 6 33 53 140 60
302 250 3 32 54 142 61
208 134 3 34 54 141 62
250 102 3 35 52 138 63
152 160 4 33 54 139 64
178 300 3 31 55 139 65
168 172 3 34 55 137 66
266 282 3 35 54 141 67
310 96 10 34 54 139 68
290 184 6 37 30 229 69
80 304 6 166 174 211 70
318 144 3 33 52 139 71
254 126 6 33 53 140 72
146 270 4 34 55 137 73
312 134 3 35 56 138 74
170 188 9 34 54 139 75
336 252 3 34 50 139 76
156 202 6 34 54 139 77
158 282 6 33 53 138 78
200 262 4 165 175 209 79
190 254 4 31 54 140 80
352 242 4 34 56 138 81
154 70 4 35 55 142 82
238 180 3 34 54 139 83
294 240 4 34 54 139 84
278 130 6 35 54 135 85
344 252 3 34 53 140 86
152 262 3 35 52 139 87
252 90 3 31 52 137 88
250 164 4 32 54 136 89
158 100 6 35 56 138 90
276 196 3 36 29 228 91
256 210 4 36 53 139 92
256 274 3 35 56 138 93
236 250 4 34 54 142 94
282 88 4 34 54 141 95
364 134 3 34 53 140 96
288 206 7 36 32 227 97
174 208 4 34 54 139 98
330 232 3 36 52 141 99
222 268 3 34 55 140 100
174 70 7 31 55 137 101
296 88 4 33 54 139 102
288 110 6 38 53 139 103
156 192 4 34 54 139 104
190 170 3 34 52 141 105
190 216 3 36 53 139 106
178 80 3 35 53 142 107
112 94 3 36 53 139 108
160 168 3 32 53 138 109
310 254 3 34 54 139 110
250 222 4 32 52 139 111
330 244 4 32 55 141 112
178 172 3 37 51 140 113
222 184 4 33 52 143 114
148 112 4 36 53 140 115
326 256 3 34 56 138 116
148 136 4 34 55 137 117
184 264 3 29 49 136 118
244 260 3 30 52 140 119
354 118 3 31 54 140 120
342 104 3 34 52 141 121
134 108 3 34 55 140 122
52 74 6 32 54 136 123
110 234 7 34 54 141 124
166 212 3 33 51 140 125
182 92 6 37 54 140 126
250 148 3 33 53 140 127
312 280 3 36 53 139 128
342 118 3 37 54 141 129
58 270 6 34 55 137 130
52 306 6 34 54 139 131
168 58 3 34 55 137 132
294 98 3 36 53 140 133
164 108 4 36 57 139 134
272 118 3 37 53 142 135
278 180 3 38 31 230 136
92 306 3 35 52 138 137
172 158 3 34 54 139 138
166 200 3 35 53 136 139
178 254 4 34 54 141 140
184 180 4 29 55 139 141
334 134 3 33 54 139 142
40 72 4 34 55 137 143
156 80 4 33 54 139 144
348 174 3 33 54 136 145
64 116 3 34 54 139 146
66 104 6 35 54 141 147
40 310 4 33 54 139 148
142 258 4 32 56 138 149
208 104 3 33 54 139 150
132 258 4 37 54 141 151
170 250 3 34 53 140 152
374 200 4 38 52 141 153
354 140 3 39 53 141 154
246 266 3 31 50 137 155
246 278 3 34 54 139 156
84 86 3 33 53 138 157
236 266 3 34 53 140 158
292 172 3 40 31 228 159
68 82 4 34 56 138 160
190 128 3 35 55 140 161
312 110 3 33 54 139 162
302 258 3 27 50 136 163
216 282 3 35 54 141 164
86 92 3 34 53 140 165
54 122 4 33 55 137 166
258 264 3 31 52 137 167
302 112 3 24 44 131 168
78 292 3 34 55 137 169
260 88 3 30 53 139 170
306 204 4 36 32 228 171
68 278 3 32 52 139 172
162 248 3 31 54 140 173
62 302 3 38 52 140 174
206 188 3 31 55 137 175
214 272 3 36 54 137 176
174 230 3 32 54 136 177
290 142 4 35 55 140 178
210 200 6 33 54 139 179
132 272 3 34 53 140 180
176 242 3 34 53 140 181
364 222 3 33 57 139 182
278 148 3 34 54 139 183
244 110 3 33 54 139 184
178 286 3 32 52 140 185
218 100 4 35 54 141 186
88 290 3 35 52 138 187
344 150 3 32 52 139 188
176 148 3 33 55 137 189
114 296 4 33 54 139 190
198 132 3 25 46 137 191
138 266 3 32 54 142 192
202 208 3 22 49 136 193
112 288 3 33 54 139 194
352 152 4 25 49 137 195
168 224 3 35 54 141 196
258 96 3 34 54 139 197
162 178 3 35 53 136 198
302 172 3 36 27 231 199
186 290 4 34 53 140 200
174 218 3 33 54 139 201
308 142 3 34 56 138 202
374 166 3 33 54 136 203
194 206 3 155 167 203 204
138 116 3 33 54 139 205
136 282 3 36 53 140 206
70 94 4 255 254 253 207
236 188 3 34 55 140 208
160 326 3 30 51 136 209
186 112 3 255 255 255 210
300 142 3 38 57 138 211
170 236 3 33 55 137 212
162 230 3 33 53 138 213
162 314 3 33 53 141 214
180 120 3 253 255 254 215
160 54 3 33 53 140 216
296 294 3 36 54 137 217
78 90 3 38 53 139 218
354 234 3 34 54 139 219
168 150 4 255 255 254 220
340 128 4 36 53 140 221
158 256 3 33 54 139 222
270 86 3 32 52 139 223
116 84 3 35 55 140 224
146 202 3 27 47 134 225
144 194 3 34 55 136 226
64 286 4 37 54 140 227
194 244 3 32 56 140 228
254 198 3 33 53 140 229
208 278 3 37 54 140 230
310 120 3 35 55 140 231
198 166 3 165 174 208 232
134 124 3 34 54 142 233
176 264 3 49 63 145 234
100 304 3 33 55 137 235
266 294 3 33 54 139 236
216 192 4 34 54 139 237
90 300 3 23 48 134 238
122 88 3 37 54 141 239
244 200 4 255 255 254 240
242 290 3 35 52 139 241
300 196 3 39 30 227 242
170 272 4 253 255 255 243
168 122 4 252 254 254 244
166 292 6 255 255 255 245
336 110 3 31 52 137 246
60 260 3 255 255 255 247
336 280 4 33 54 139 248
330 266 3 31 55 137 249
324 138 3 33 55 137 250
316 290 3 31 55 137 251
294 192 3 253 252 254 252
288 274 3 154 162 202 253
116 244 4 253 255 254 254
122 294 3 33 55 137 255
248 208 3 255 255 255 256
230 182 3 34 54 139 257
136 100 4 34 53 140 258
198 252 3 33 50 137 259
198 196 4 33 53 141 260
148 186 6 19 40 131 261
148 210 3 31 55 137 262
186 282 3 35 53 142 263
344 140 3 36 53 140 264
182 274 3 23 45 133 265
154 144 3 33 54 139 266
176 200 3 33 54 139 267
124 256 3 33 54 139 268
156 88 4 107 120 176 269
366 246 3 36 55 142 270
200 272 3 34 54 139 271
126 246 3 34 55 137 272
214 252 3 31 55 139 273
156 292 4 111 122 182 274
260 244 3 34 54 139 275
336 226 3 33 55 137 276
210 126 3 40 58 141 277
278 234 3 36 52 141 278
142 104 3 31 53 141 279
286 96 3 36 52 141 280
308 292 3 56 75 150 281
184 138 3 16 39 131 282
362 126 3 29 48 135 283
202 140 3 128 142 190 284
182 204 3 38 53 139 285
154 232 3 33 52 139 286
372 156 3 28 54 138 287
142 126 3 22 39 132 288
284 120 4 34 53 140 289
106 142 3 36 54 137 290
270 242 3 21 40 131 291
244 244 4 33 55 137 292
320 104 3 33 54 139 293
196 230 4 162 175 207 294
194 268 4 49 69 147 295
186 82 3 35 54 141 296
232 120 3 33 54 139 297
162 272 4 33 54 136 298
180 164 3 33 55 137 299
364 176 3 34 53 140 300
88 80 4 254 254 254 301
110 134 3 30 49 136 302
262 218 3 34 53 140 303
374 174 3 34 55 137 304
174 86 4 252 254 254 305
246 96 4 255 253 255 306
70 298 6 23 48 134 307
366 144 5 34 54 139 308
140 134 4 160 166 203 309
372 226 3 32 56 138 310
312 196 3 35 28 227 311
200 238 4 23 44 135 312
318 276 4 255 255 251 313
148 98 4 253 255 254 314
166 278 3 251 250 252 315
60 82 3 34 55 137 316
64 124 3 34 53 140 317
108 148 3 34 53 140 318
140 246 4 44 67 147 319
148 284 4 252 254 255 320
154 152 4 17 38 130 321
170 302 4 253 254 250 322
174 166 3 255 255 255 323
186 228 3 255 255 255 324
186 300 3 33 53 138 325
210 112 4 254 254 254 326
262 120 3 32 52 140 327
274 276 3 38 52 140 328
306 240 3 31 51 138 329
242 174 4 191 197 220 330
344 166 3 35 54 141 331
132 134 3 33 54 139 332
216 264 4 30 51 136 333
82 286 3 253 255 255 334
56 106 3 33 53 140 335
186 102 3 33 55 137 336
256 178 3 22 40 131 337
56 254 4 33 53 138 338
240 236 5 253 255 255 339
252 244 4 255 255 254 340
46 82 3 36 55 136 341
324 270 4 20 41 133 342
278 204 3 40 30 230 343
154 314 3 37 54 140 344
120 146 5 153 159 200 345
372 252 3 254 254 254 346
40 82 3 33 53 140 347
76 66 4 255 255 254 348
Neighbours
0 :  67 217 236 253 328
1 :  74 142 162 221 231 246 250 293
2 :  257 330
3 :  50 182 219 276
4 :  100 156 158 164 241
5 :  58 76 86 248 249
6 :  38 339
7 :  44 60 84 278 291
8 :  67 93 156 236 241
9 :  1 121 246 293
10 :  18 50 145 300
11 :  74 168 178 202 211 231 289
12 :  50 153 182
13 :  145 195 203 287 300 331
14 :  83 229 240 337
15 :  119 167 275 340
16 :  3 81 86 99 112 276
17 :  125 262 286
18 :  10 50 153 300 304
19 :  105 189 232 282 284 299
20 :  108 157 165 224 301
21 :  150 161 191 210 277 326
22 :  120 154 221 264 283
23 :  29 72 85 127 183
24 :  0 32 128 217 281
25 :  63 184 186 297 306
26 :  143 347
27 :  274 322 344
28 :  65 214 322
29 :  23 89 127
30 :  108 239 258
31 :  142 188 250 264
32 :  24 37 163 253
33 :  51 161 215 244 282
34 :  148
35 :  110 112 116 329
36 :  219 270 310
37 :  32 110 116 342
38 :  6 208 237 240
39 :  64 109 198 261
40 :  72 297
41 :  149 173 222 286 319
42 :  53 95 103 197 223 280
43 :  94 158 273 333
44 :  7 60 253 328
45 :  190 194 235 238
46 :  25 277 297 326
47 :  31 188 331
48 :  54 278 291 303
49 :  180 194 206 255
50 :  3 10 12 18
51 :  33 220 266
52 :  57 141 175 232
53 :  42 63 135 197 327
54 :  48 111 339 340
55 :  233 302 332 345
56 :  177 181 228 294 324
57 :  52 75 141 204 260 285
58 :  5 81 86 270
59 :  199 242 311
60 :  7 44 93 167 328
61 :  84 110 163 329
62 :  191 277 284
63 :  53 184 197 306
64 :  39 321
65 :  185 200 322 325
66 :  109 113 198 323
67 :  0 8 93 236 328
68 :  102 133 162 168 293
69 :  59 91 97 136 159 252
70 :  238 307 334
71 :  74 202 250
72 :  23 40 184 327
73 :  87 149 192 206 298 320
74 :  1 11 71 202 231 250
75 :  57 66 104 113 139 141 198 267
76 :  5 16 86 112 116 249
77 :  104 125 139 225 262
78 :  73 274 298 315 320
79 :  259 295 333
80 :  79 118 140 228 259
81 :  16 58 86 219 270
82 :  101 144
83 :  14 208 257 330
84 :  7 61 329
85 :  23 135 178 289
86 :  5 16 58 76 81
87 :  73 149 222 298
88 :  170 197 306
89 :  29 127 330 337
90 :  115 134 269 314
91 :  69 343
92 :  111 229 256 303
93 :  8 67 155 156 167
94 :  43 119 158 292
95 :  42 102 223
96 :  22 154 283 308
97 :  252 343
98 :  125 139 201 267
99 :  16 35 112 276
100 :  4 43 158 333
101 :  82 107 132
102 :  68 95 133
103 :  42 133 168 289
104 :  75 77 261
105 :  19 52 113 141 232 299
106 :  193 204 285 294 324
107 :  101 296 305
108 :  20 30 224 239
109 :  39 64 66 138 198
110 :  35 37 61 163
111 :  54 92 303
112 :  16 35 76 99 116
113 :  66 105 141 323
114 :  2 38 237 257
115 :  90 134 205 279 288
116 :  35 37 76 112 249
117 :  51 266 309
118 :  80 140 234 265 295
119 :  15 94 155 158 292
120 :  22 129 283
121 :  9 129 246
122 :  205 258
123 :  143 316 341
124 :  254
125 :  17 77 98 139 196 201
126 :  296 305 336
127 :  23 29 89
128 :  24 251 281 313
129 :  1 120 121 221 246
130 :  172 247
131 :  148 174
132 :  101 216
133 :  68 102 103 280
134 :  90 115 244
135 :  85 289 327
136 :  69
137 :  235 238
138 :  109 189 220 323
139 :  75 77 98 125 267
140 :  80 152 181 234
141 :  52 57 75 105 113
142 :  1 31 221 250 264
143 :  26 123
144 :  82 101 269
145 :  10 13 331
146 :  147 166 317 335
147 :  146 207 335
148 :  34 131
149 :  41 73 87 151 192
150 :  186 326
151 :  149 192 268 272 319
152 :  140 173 181 212
153 :  12 18 50
154 :  22 96 188 195 264 308
155 :  93 119 156 158 167
156 :  4 8 93 155 158 241
157 :  165 218 301
158 :  4 43 94 100 119 155 156
159 :  69 199
160 :  207 218 316 348
161 :  21 33 191 215 282
162 :  1 68 168 231
163 :  32 61 110
164 :  4 176 230
165 :  20 157 218
166 :  317 335
167 :  15 60 93 155
168 :  11 103 162 231
169 :  238 307 334
170 :  88 197 223
171 :  97 242 311
172 :  130 227
173 :  41 152 212 222
174 :  131 307
175 :  52 179 260
176 :  164 230 271 333
177 :  56 196 201 212 213 324
178 :  11 85 183 211
179 :  38 175 193 237 260
180 :  49 151 192 206
181 :  56 140 152 212
182 :  3 12 219 310
183 :  23 85 178
184 :  25 53 63 72 297
185 :  65 200 243 245 263 265 315
186 :  25 150
187 :  45 238 334
188 :  31 47 154 195 264
189 :  19 138 220 282
190 :  45 194 255
191 :  19 21 62 161 277 282 284
192 :  73 149 151 180
193 :  106 179 204 260
194 :  45 49 190
195 :  13 154 188 264 308
196 :  17 125 177 201 213
197 :  42 53 63 88 170
198 :  66 75 109 261
199 :  59 69 159
200 :  185 263 325
201 :  98 125 177 196 324
202 :  71 74 211
203 :  13 287 304
204 :  106 193 260 285
205 :  115 122 233 279 288
206 :  49 73 180 320
207 :  147 160 218
208 :  14 38 83 257
209 :  214 344
210 :  21 215 336
211 :  11 178 202
212 :  152 173 177 181 213
213 :  17 177 196 212 286
214 :  28 209 344
215 :  33 161 210 244
216 :  132
217 :  0 24 281
218 :  157 160 207
219 :  3 36 81 182
220 :  51 138 189 321
221 :  1 22 129 142
222 :  41 87 173 298
223 :  42 95 170
224 :  20 108 239
225 :  77 226 262
226 :  225 261
227 :  130 172 307
228 :  56 80 259 312
229 :  14 92 240 256
230 :  164 176 271
231 :  1 11 74 162 168
232 :  19 52 105
233 :  205 288 332
234 :  118 140 243 265
235 :  45 137
236 :  0 8 67
237 :  38 114 175 179
238 :  45 70 137 187 235
239 :  30 108 224
240 :  14 38 229 256
241 :  4 8 156
242 :  59 97 171 252
243 :  185 234 265 298 315
244 :  33 51 134
245 :  185 274 315 322
246 :  1 9 121 129
247 :  130 338
248 :  5 342
249 :  5 76 116 342
250 :  1 31 71 74 142
251 :  128 281
252 :  69 97 242
253 :  0 24 32 44 328
254 :  124 268 272
255 :  49 190
256 :  92 111 229 240
257 :  2 83 114 208
258 :  30 122 279
259 :  79 80 228
260 :  57 175 179 193 204
261 :  39 104 226
262 :  17 77 225
263 :  185 200 265 295
264 :  22 31 142 154 188
265 :  118 185 234 243 263 295
266 :  51 117 321
267 :  57 75 98 139 285
268 :  151 254 272
269 :  90 144
270 :  36 58 81 346
271 :  176 230 295
272 :  254 268 319
273 :  43 333
274 :  27 78 245
275 :  291 340
276 :  3 16 99
277 :  21 46 62 191
278 :  7 48 291
279 :  115 205 258 314
280 :  42 95 102 133
281 :  24 128 217 251
282 :  19 33 161 189 191
283 :  22 96 120
284 :  19 62 191
285 :  57 98 106 204 267
286 :  17 41 213
287 :  13 203 308
288 :  115 205 233 309
289 :  11 85 103 135
290 :  302 318 345
291 :  7 48 275 278
292 :  94 119 339 340
293 :  1 9 68 162
294 :  56 106 312
295 :  79 80 118 263 265 271
296 :  107 126
297 :  25 40 46 184
298 :  73 87 222 243 315
299 :  19 105 113 138 323
300 :  10 13 18 304
301 :  20 157
302 :  55 290 345
303 :  48 92 111
304 :  18 203 300
305 :  107 126
306 :  25 63 88
307 :  70 169 174 227
308 :  96 154 195 287
309 :  117 288 332
310 :  12 36 182
311 :  59 171 242
312 :  228 294
313 :  128 251 342
314 :  90 115 269 279
315 :  78 185 243 298
316 :  123 160
317 :  146 166
318 :  290 345
319 :  41 149 151 272
320 :  73 78 206
321 :  64 220 266
322 :  27 28 65 245
323 :  66 113 138 299
324 :  56 106 177 201 294
325 :  65 200
326 :  21 46 150 186 277
327 :  53 72 135
328 :  0 44 60 67 253
329 :  35 61 84
330 :  2 14 83 89 337
331 :  13 47 145
332 :  55 233 309
333 :  43 79 100 176 273
334 :  169 187
335 :  146 147 166
336 :  126 210
337 :  14 89 330
338 :  247
339 :  6 54 292
340 :  15 54 275 292
341 :  123 143 347
342 :  37 116 248 249 313
343 :  91 97
344 :  27 209 214
345 :  55 302 318
346 :  270
347 :  26 341
348 :  160
