392 403 14 35 55 140 0
453 168 16 34 54 139 1
313 226 23 0 0 0 2
489 308 14 34 54 139 3
324 392 14 32 56 140 4
481 375 14 34 54 139 5
313 310 23 0 0 0 6
392 350 12 34 54 139 7
355 406 10 36 53 140 8
461 140 11 33 53 138 9
495 257 9 36 55 142 10
417 179 15 34 55 140 11
518 296 9 33 52 139 12
501 229 12 34 54 139 13
347 260 9 33 54 139 14
355 355 9 38 52 141 15
478 333 9 30 53 139 16
215 308 9 34 56 138 17
520 260 12 34 54 139 18
266 212 15 33 53 140 19
140 117 12 34 54 139 20
277 162 13 34 54 141 21
489 182 8 33 53 138 22
369 196 14 34 54 139 23
420 394 10 34 54 139 24
327 140 12 34 54 139 25
42 109 11 38 53 139 26
215 425 12 34 54 139 27
243 436 10 33 55 137 28
364 221 9 35 52 139 29
173 137 10 34 55 140 30
464 204 10 34 55 140 31
417 375 9 34 56 138 32
249 182 9 35 54 141 33
42 425 11 33 54 139 34
442 338 12 33 53 140 35
512 327 11 34 53 140 36
442 369 9 34 54 141 37
322 277 11 36 53 139 38
210 240 11 34 55 140 39
333 182 11 33 53 141 40
210 347 8 34 54 139 41
383 140 12 34 54 139 42
316 358 10 31 55 139 43
394 372 7 35 52 139 44
142 411 9 38 53 139 45
308 168 10 34 54 139 46
475 221 10 34 55 137 47
372 322 11 36 55 142 48
173 397 9 34 54 139 49
495 280 13 31 54 140 50
232 196 9 36 52 141 51
280 249 10 36 53 140 52
364 154 11 34 54 139 53
352 327 8 34 54 139 54
170 182 9 31 54 140 55
260 333 8 34 53 140 56
263 271 9 34 54 139 57
501 355 11 32 55 141 58
431 263 10 38 31 228 59
375 372 11 33 53 140 60
422 350 6 32 54 142 61
291 187 6 34 54 141 62
212 224 5 33 54 139 63
249 420 7 31 55 139 64
235 240 8 34 55 137 65
372 394 7 35 54 141 66
434 134 14 34 54 139 67
406 257 9 37 30 229 68
112 425 11 166 174 211 69
445 201 6 33 52 139 70
355 176 10 33 53 140 71
204 378 9 34 55 137 72
436 187 5 35 56 138 73
237 263 14 34 54 139 74
470 352 7 34 50 139 75
218 282 8 34 54 139 76
221 394 9 33 53 138 77
280 366 5 165 175 209 78
266 355 8 31 54 140 79
492 338 6 34 56 138 80
215 98 9 35 55 142 81
411 336 11 34 54 139 82
389 182 10 35 54 135 83
212 366 5 35 52 139 84
352 125 6 31 52 137 85
350 229 8 32 54 136 86
221 140 8 35 56 138 87
386 274 10 36 29 228 88
358 294 8 36 53 139 89
358 383 9 35 56 138 90
330 350 6 34 54 142 91
394 123 8 34 54 141 92
509 187 6 34 53 140 93
403 288 12 36 32 227 94
243 291 9 34 54 139 95
461 324 7 36 52 141 96
243 98 13 31 55 137 97
414 123 8 33 54 139 98
403 154 9 38 53 139 99
218 268 5 34 54 139 100
266 237 6 34 52 141 101
266 302 11 36 53 139 102
156 131 8 36 53 139 103
434 355 6 34 54 139 104
350 310 9 32 52 139 105
461 341 7 32 55 141 106
249 240 5 37 51 140 107
310 257 8 33 52 143 108
207 156 10 36 53 140 109
456 358 8 34 56 138 110
207 190 7 34 55 137 111
257 369 7 29 49 136 112
495 165 9 31 54 140 113
478 145 6 34 52 141 114
187 151 6 34 55 140 115
72 103 11 32 54 136 116
154 327 10 34 54 141 117
254 128 8 37 54 140 118
350 207 8 33 53 140 119
478 165 7 37 54 141 120
81 378 12 34 55 137 121
72 428 14 34 54 139 122
235 81 5 34 55 137 123
411 137 7 36 53 140 124
229 151 8 36 57 139 125
380 165 8 37 53 142 126
389 251 9 38 31 230 127
240 221 8 34 54 139 128
249 355 8 34 54 141 129
257 251 8 29 55 139 130
467 187 6 33 54 139 131
56 100 5 34 55 137 132
218 112 5 33 54 139 133
487 243 7 33 54 136 134
89 162 6 34 54 139 135
92 145 9 35 54 141 136
56 434 5 33 54 139 137
198 361 8 32 56 138 138
291 145 6 33 54 139 139
184 361 5 37 54 141 140
523 280 7 38 52 141 141
495 196 7 39 53 141 142
344 389 6 34 54 139 143
330 372 7 34 53 140 144
408 240 8 40 31 228 145
95 114 6 34 56 138 146
266 179 6 35 55 140 147
436 154 6 33 54 139 148
302 394 7 35 54 141 149
75 170 10 33 55 137 150
422 156 8 24 44 131 151
364 123 6 30 53 139 152
428 285 9 36 32 228 153
95 389 5 32 52 139 154
226 347 8 31 54 140 155
288 263 6 31 55 137 156
299 380 6 36 54 137 157
243 322 7 32 54 136 158
406 198 7 35 55 140 159
294 280 9 33 54 139 160
184 380 7 34 53 140 161
246 338 8 34 53 140 162
509 310 6 33 57 139 163
389 207 8 34 54 139 164
341 154 8 33 54 139 165
249 400 5 32 52 140 166
305 140 8 35 54 141 167
123 406 10 35 52 138 168
246 207 5 33 55 137 169
159 414 9 33 54 139 170
277 184 6 25 46 137 171
282 291 6 22 49 136 172
492 212 7 25 49 137 173
235 313 5 35 54 141 174
361 134 5 34 54 139 175
422 240 7 36 27 231 176
260 406 7 34 53 140 177
243 305 5 33 54 139 178
431 198 7 34 56 138 179
523 232 7 33 54 136 180
271 288 5 155 167 203 181
193 162 5 33 54 139 182
190 394 8 36 53 140 183
98 131 5 255 254 253 184
224 456 12 30 51 136 185
226 322 5 33 53 138 186
226 439 5 33 53 141 187
251 168 5 253 255 254 188
224 75 7 33 53 140 189
414 411 8 36 54 137 190
109 125 7 38 53 139 191
495 327 5 34 54 139 192
235 210 5 255 255 254 193
475 179 5 36 53 140 194
221 358 5 33 54 139 195
378 120 8 32 52 139 196
162 117 7 35 55 140 197
89 400 7 37 54 140 198
355 277 7 33 53 140 199
291 389 5 37 54 140 200
277 232 6 165 174 208 201
187 173 6 34 54 142 202
372 411 7 33 54 139 203
302 268 5 34 54 139 204
341 280 7 255 255 254 205
338 406 5 35 52 139 206
420 274 6 39 30 227 207
237 380 7 253 255 255 208
235 170 9 252 254 254 209
232 408 9 255 255 255 210
470 154 6 31 52 137 211
470 392 6 33 54 139 212
453 193 5 33 55 137 213
442 406 7 31 55 137 214
403 383 7 154 162 202 215
162 341 6 253 255 254 216
190 140 5 34 53 140 217
277 274 5 33 53 141 218
207 260 8 19 40 131 219
207 294 7 31 55 137 220
481 196 7 36 53 140 221
254 383 9 23 45 133 222
173 358 6 33 54 139 223
218 123 5 107 120 176 224
512 344 5 36 55 142 225
176 344 8 34 55 137 226
299 352 8 31 55 139 227
218 408 5 111 122 182 228
470 316 5 33 55 137 229
294 176 5 40 58 141 230
389 327 7 36 52 141 231
431 408 5 56 75 150 232
506 176 5 29 48 135 233
282 196 6 128 142 190 234
215 324 7 33 52 139 235
520 218 8 28 54 138 236
198 176 5 22 39 132 237
397 168 6 34 53 140 238
341 341 5 33 55 137 239
274 322 5 162 175 207 240
271 375 7 49 69 147 241
260 114 7 35 54 141 242
324 168 5 33 54 139 243
226 380 5 33 54 136 244
509 246 5 34 53 140 245
123 112 5 254 254 254 246
154 187 7 30 49 136 247
366 305 5 34 53 140 248
243 120 5 252 254 254 249
344 134 6 255 253 255 250
98 417 8 23 48 134 251
512 201 8 34 54 139 252
196 187 5 160 166 203 253
280 333 9 23 44 135 254
445 386 6 255 255 251 255
207 137 7 253 255 254 256
196 344 7 44 67 147 257
207 397 5 252 254 255 258
215 212 7 17 38 130 259
237 422 5 253 254 250 260
294 156 5 254 254 254 261
338 243 8 191 197 220 262
302 369 5 30 51 136 263
78 148 5 33 53 140 264
260 142 9 33 55 137 265
358 249 8 22 40 131 266
78 355 11 33 53 138 267
336 330 7 253 255 255 268
352 341 5 255 255 254 269
453 378 6 20 41 133 270
168 204 13 153 159 200 271
106 92 18 255 255 254 272
211 82 7 14 14 14 273
Neighbours
0 :  66 190 203 215
1 :  9 120 131 148 211
2 :  108 262
3 :  50 163 192 229
4 :  143 144 149 206
5 :  212
6 :  38 268
7 :  82
8 :  203 206
9 :  67 114 211
10 :  50 134
11 :  73 151 159 179 238
12 :  141 163
13 :  134 173 236 245
14 :  199 262 266
15 :  269
16 :  80 106
17 :  220 235
18 :  141 245
19 :  169 201 234
20 :  103 246
21 :  147 261
22 :  113 142 194
23 :  29 71 83 119 164
24 :  32 190 232
25 :  165 167 250
26 :  132
27 :  187 228
28 :  64 187 260
29 :  23 86
30 :  103 217
31 :  47 131 213 221
32 :  24 215
33 :  147 188 209
34 :  137
35 :  104 106
36 :  163 192 225
37 :  104 110 255 270
38 :  6 205
39 :  63 219
40 :  71 243
41 :  138 155 195 257
42 :  53 92 196
43 :  91 144 227 263
44 :  60 215
45 :  168 170
46 :  230 243
47 :  31 173
48 :  54 231 248
49 :  183
50 :  3 10
51 :  193
52 :  101 156 201
53 :  42 71 126
54 :  48 105 268 269
55 :  247 271
56 :  162
57 :  218
58 :  80 225
59 :  207
60 :  44 90
61 :  82 104
62 :  171 230 234
63 :  39 259
64 :  28 260
65 :  74 107
66 :  0 90
67 :  9 98 124 148
68 :  127 145
69 :  168 251
70 :  179 213
71 :  23 40 53
72 :  84 138
73 :  11 179
74 :  65 100 130
75 :  106 110
76 :  100 220
77 :  210 228 244 258
78 :  241
79 :  129
80 :  16 58 192
81 :  133 273
82 :  7 61
83 :  23 126 238
84 :  72 138 195
85 :  152 250
86 :  29 262
87 :  125 256
88 :  94
89 :  105 199 248
90 :  60 66 143
91 :  43
92 :  42 196
93 :  233 252
94 :  88
95 :  178
96 :  229
97 :  123
98 :  67 124
99 :  124 151 238
100 :  74 76 219
101 :  130 201
102 :  172 181
103 :  20 30 197
104 :  35 37 61
105 :  54 89 248
106 :  16 35 75
107 :  65 130
108 :  2 204
109 :  182 256
110 :  37 75
111 :  253
112 :  79 129 222 241
113 :  22 120 233
114 :  211
115 :  182 217
116 :  132
117 :  216
118 :  242 249 265
119 :  23 29
120 :  113 194 211
121 :  154 267
122 :  137
123 :  97 189
124 :  98 99
125 :  87 209
126 :  53 83
127 :  68
128 :  169 193
129 :  79 112 162
130 :  74 101 107
131 :  1 31 194
132 :  26 116
133 :  81 224
134 :  10 13
135 :  136 150
136 :  135 184 264
137 :  34 122
138 :  72 84 140 257
139 :  167 261
140 :  138 223
141 :  12 18
142 :  22 173 221 252
143 :  4 90
144 :  4 43
145 :  68 176
146 :  272
147 :  21 33 171
148 :  1 67 151
149 :  4 200
150 :  135
151 :  11 99 148
152 :  85 175 196
153 :  207
154 :  121 198
155 :  41 195
156 :  52
157 :  200 263
158 :  162 174
159 :  11
160 :  172 204
161 :  183
162 :  56 129 158
163 :  3 12 36
164 :  23
165 :  25
166 :  177
167 :  25 139
168 :  45 69
169 :  19 193
170 :  45
171 :  147 234
172 :  160 181
173 :  13 47 142
174 :  158 178 186
175 :  152
176 :  145
177 :  166
178 :  95 174
179 :  70 73
180 :  236
181 :  102 172
182 :  109 115 202
183 :  49 161
184 :  136 191
185 :  187
186 :  174 235
187 :  27 28 185
188 :  33
189 :  123 273
190 :  0 24
191 :  184
192 :  3 36 80
193 :  51 128 169
194 :  22 120 131
195 :  84 155
196 :  42 92 152
197 :  103
198 :  154
199 :  14 89 205
200 :  149 157
201 :  19 52 101
202 :  182 237
203 :  0 8
204 :  108 160
205 :  38 199
206 :  4 8
207 :  59 153
208 :  222 244
209 :  33 125 188
210 :  77 228 260
211 :  1 9 114 120
212 :  5
213 :  31 70
214 :  232
215 :  0 32 44
216 :  117 226
217 :  30 115
218 :  57
219 :  39 100
220 :  17 76
221 :  31 142
222 :  112 208
223 :  140 226
224 :  133
225 :  36 58
226 :  216 223
227 :  43
228 :  27 210
229 :  3 96
230 :  46 62
231 :  48
232 :  24 214
233 :  93 113
234 :  19 62 171
235 :  17 186
236 :  13 180 252
237 :  202 253
238 :  11 83 99
239 :  268 269
240 :  254
241 :  78 112
242 :  118
243 :  40 46
244 :  77 208
245 :  13 18
246 :  20
247 :  55
248 :  48 89
249 :  118
250 :  25 85
251 :  69
252 :  93 142 236
253 :  111 237
254 :  240
255 :  270
256 :  87 109
257 :  41 138
258 :  77
259 :  63
260 :  28 64 210
261 :  21 139
262 :  2 14 86
263 :  43 157
264 :  136
265 :  118
266 :  14
267 :  121
268 :  6 54 239
269 :  15 54 239
270 :  37 255
271 :  55 247
272 :  146
273 :  81 189
