BoardStartEnd
4 199
142 134 13 254 254 254 0
170 228 2 255 251 250 1
108 274 6 187 134 83 2
138 228 3 255 255 249 3
108 234 2 255 255 251 4
142 288 4 154 74 27 5
130 252 6 203 197 186 6
182 224 2 138 55 27 7
94 256 2 248 251 249 8
180 218 2 218 207 193 9
136 206 2 141 63 27 10
84 270 2 253 255 255 11
192 220 5 247 255 255 12
88 260 3 248 244 243 13
104 308 3 253 251 255 14
78 226 4 196 158 110 15
152 240 2 241 247 242 16
142 208 2 124 60 29 17
170 222 2 255 255 251 18
124 260 4 233 222 224 19
98 270 2 250 249 251 20
160 210 2 255 255 254 21
80 304 2 213 172 127 22
136 196 4 189 128 88 23
114 256 2 225 194 171 24
162 220 3 161 58 31 25
166 236 5 253 252 248 26
156 226 2 150 71 22 27
78 246 2 254 254 254 28
92 322 2 175 91 19 29
122 244 2 165 83 18 30
202 218 2 136 51 29 31
94 242 2 252 255 253 32
126 222 2 253 248 249 33
150 212 4 133 62 24 34
142 258 4 251 255 254 35
60 238 2 255 255 247 36
140 272 3 210 210 210 37
78 296 6 197 135 75 38
94 266 2 252 254 254 39
146 234 5 234 232 232 40
80 234 3 255 254 255 41
186 232 2 249 255 248 42
60 220 4 247 250 255 43
92 284 6 245 240 242 44
104 258 2 255 246 244 45
178 234 2 252 250 250 46
122 184 5 209 176 160 47
74 270 2 248 255 255 48
148 224 4 146 75 38 49
126 194 2 252 249 251 50
128 290 2 255 255 254 51
176 226 2 145 62 24 52
84 218 5 177 95 17 53
148 218 2 132 64 29 54
130 212 6 147 71 22 55
84 176 2 176 99 12 56
100 262 2 247 249 255 57
190 204 2 255 253 255 58
116 298 2 160 78 23 59
116 238 2 165 92 18 60
116 224 2 166 85 24 61
118 272 3 255 254 251 62
110 246 2 252 247 248 63
172 204 4 255 253 255 64
134 296 6 254 255 246 65
160 204 2 251 247 252 66
66 266 6 222 187 154 67
68 298 2 250 254 255 68
78 278 6 183 116 37 69
122 278 2 247 255 254 70
122 236 3 189 126 82 71
142 186 6 213 198 196 72
212 220 2 255 251 254 73
190 212 2 137 54 32 74
104 292 6 173 89 17 75
114 308 4 254 255 246 76
72 332 6 191 133 67 77
72 222 2 255 252 248 78
66 228 6 251 252 255 79
94 206 2 243 237 224 80
148 204 2 255 254 255 81
122 212 2 163 83 18 82
130 260 2 227 204 208 83
118 196 5 237 225 213 84
146 194 2 225 218 221 85
56 212 2 195 115 8 86
94 302 4 255 255 254 87
184 118 11 255 255 254 88
116 246 2 237 235 235 89
134 222 2 231 234 242 90
108 314 4 255 255 248 91
104 190 3 221 175 144 92
88 236 4 228 195 169 93
62 284 6 251 251 251 94
156 250 3 144 65 22 95
102 230 2 175 99 33 96
126 308 2 251 253 253 97
64 206 2 190 108 7 98
208 206 2 128 47 32 99
78 252 2 255 254 255 100
96 312 6 214 175 136 101
106 266 2 251 253 253 102
116 212 2 175 87 17 103
118 284 2 251 255 255 104
152 278 6 253 253 253 105
58 302 2 182 105 12 106
112 186 2 251 255 255 107
44 270 4 215 171 108 108
134 282 6 245 250 249 109
50 224 4 185 112 8 110
106 196 3 253 255 255 111
182 212 2 144 56 26 112
38 234 3 232 199 150 113
96 216 5 253 254 250 114
178 206 2 242 236 225 115
100 252 2 250 249 255 116
172 336 3 150 57 32 117
102 330 2 224 203 181 118
166 200 2 249 255 251 119
52 240 5 249 253 255 120
150 180 4 236 216 215 121
122 294 2 164 84 19 122
152 190 4 232 232 232 123
194 228 3 255 245 252 124
200 212 4 197 150 136 125
120 218 4 254 252 255 126
196 246 5 249 254 253 127
76 240 2 245 248 255 128
220 200 5 251 253 254 129
132 322 4 255 253 255 130
162 228 3 250 253 255 131
58 254 7 188 108 13 132
142 178 2 228 217 209 133
142 164 3 176 121 82 134
82 240 3 246 255 255 135
48 288 6 255 252 243 136
76 206 6 171 96 22 137
72 340 2 185 103 14 138
190 236 3 155 103 87 139
104 318 2 169 90 17 140
126 228 2 254 252 251 141
86 62 6 198 161 123 142
42 246 4 254 250 245 143
70 240 2 255 255 247 144
216 224 3 137 39 29 145
116 206 2 169 86 24 146
48 214 4 250 253 255 147
206 106 6 251 253 253 148
116 290 2 253 255 255 149
82 82 5 245 252 255 150
116 176 2 169 83 23 151
56 224 2 185 106 9 152
96 176 3 176 91 19 153
188 196 6 254 250 255 154
58 114 2 246 246 246 155
56 274 4 245 244 240 156
160 106 6 240 238 230 157
88 186 6 242 251 254 158
86 316 4 188 99 8 159
126 174 3 249 246 242 160
66 320 2 177 103 15 161
136 160 3 251 255 255 162
88 332 2 250 253 255 163
142 324 2 150 71 28 164
222 212 3 117 37 26 165
168 216 4 255 253 255 166
128 148 3 223 223 223 167
40 280 2 255 254 253 168
114 320 4 255 255 254 169
96 182 2 172 99 17 170
108 332 2 247 255 246 171
72 78 6 201 131 48 172
216 214 2 181 133 129 173
152 320 5 255 254 254 174
110 286 2 170 92 21 175
164 328 5 251 253 254 176
56 206 2 189 114 11 177
184 238 3 215 190 186 178
152 260 6 254 254 254 179
72 308 2 177 104 20 180
94 70 2 255 254 255 181
54 320 2 197 115 4 182
102 72 6 189 116 48 183
78 182 4 195 110 24 184
60 310 6 215 164 101 185
46 260 4 190 126 42 186
140 172 2 249 242 239 187
98 324 2 170 95 19 188
70 60 2 255 255 254 189
130 244 2 154 71 19 190
146 98 4 247 252 255 191
194 108 2 132 54 25 192
180 102 2 143 65 29 193
220 104 2 120 44 32 194
168 92 6 248 254 249 195
106 324 2 247 223 211 196
98 334 2 173 93 16 197
96 94 8 252 250 250 198
64 292 2 188 116 28 199
88 344 2 255 253 250 200
78 310 2 181 98 6 201
80 94 2 255 252 247 202
104 172 6 251 253 254 203
68 190 6 255 253 252 204
62 200 2 193 108 6 205
50 152 2 192 118 12 206
158 140 4 240 240 240 207
172 104 3 243 254 251 208
122 52 11 252 252 255 209
94 62 2 252 251 255 210
102 52 4 241 238 233 211
32 134 4 207 137 43 212
46 326 2 199 142 67 213
36 210 6 243 251 255 214
108 38 2 254 255 250 215
126 166 3 252 250 255 216
92 48 2 182 99 14 217
140 84 2 194 137 105 218
154 72 3 155 67 27 219
90 76 2 251 253 254 220
82 340 2 247 250 255 221
168 342 4 176 122 97 222
74 50 5 180 98 20 223
130 328 2 226 207 199 224
50 306 2 246 251 249 225
158 86 6 249 251 255 226
142 118 3 236 236 236 227
202 364 2 138 49 28 228
186 374 2 255 250 249 229
62 78 2 255 253 248 230
156 170 2 161 70 25 231
100 58 2 244 255 255 232
160 344 4 180 128 98 233
64 116 2 182 107 15 234
152 104 2 245 255 255 235
66 326 2 176 100 10 236
186 138 4 255 255 255 237
192 134 2 247 255 251 238
126 314 2 251 255 255 239
108 56 2 255 255 255 240
76 188 2 189 104 4 241
116 40 2 165 86 19 242
60 66 2 247 237 227 243
60 108 2 255 254 254 244
60 176 8 255 255 252 245
96 342 6 251 255 254 246
120 338 6 255 254 251 247
60 332 2 186 107 16 248
62 356 2 182 107 9 249
70 116 2 181 101 12 250
72 98 2 185 110 12 251
194 356 2 253 253 255 252
200 126 2 137 46 31 253
150 78 2 235 209 192 254
102 44 2 251 255 249 255
38 136 2 198 121 11 256
74 166 8 255 255 255 257
180 368 2 253 255 252 258
148 84 4 153 76 30 259
52 314 2 195 112 3 260
52 118 3 200 129 32 261
164 350 3 252 246 241 262
220 112 6 253 253 253 263
98 358 9 253 253 253 264
86 42 2 176 99 20 265
148 348 3 158 69 25 266
138 330 2 255 252 251 267
32 96 6 254 254 254 268
176 86 2 253 255 255 269
192 94 3 255 250 252 270
204 374 2 251 255 255 271
52 92 2 188 111 14 272
48 142 6 255 255 250 273
48 78 4 255 254 251 274
56 76 4 255 254 253 275
34 288 4 243 249 254 276
84 100 3 255 255 249 277
68 106 2 255 253 244 278
148 326 2 208 197 183 279
50 108 5 251 253 255 280
104 28 2 175 93 12 281
58 140 4 192 111 6 282
100 80 2 255 251 246 283
62 342 6 255 252 252 284
218 98 2 126 46 35 285
188 362 6 253 255 255 286
84 122 3 182 104 11 287
54 100 3 244 235 225 288
56 356 2 184 107 21 289
202 354 6 165 102 94 290
44 316 6 253 254 252 291
170 118 2 251 255 255 292
66 364 5 254 242 230 293
226 98 2 134 41 32 294
136 66 4 162 86 27 295
44 94 4 222 186 138 296
98 36 6 175 92 14 297
108 338 4 255 255 247 298
56 194 2 186 106 13 299
200 388 4 125 51 33 300
210 380 4 250 250 250 301
36 116 6 255 251 250 302
52 328 3 255 255 250 303
80 42 2 189 99 14 304
196 380 2 255 254 255 305
112 360 2 173 102 38 306
38 164 2 191 122 11 307
68 38 2 182 104 11 308
44 150 2 255 251 255 309
192 384 4 196 161 148 310
170 78 2 252 250 255 311
118 348 3 168 88 29 312
164 360 4 255 255 252 313
196 362 2 255 255 251 314
208 368 3 216 194 189 315
50 84 2 255 254 249 316
226 104 3 124 45 32 317
140 50 4 250 252 253 318
26 288 4 255 255 255 319
78 104 2 183 103 8 320
214 344 4 219 188 185 321
58 324 4 255 254 253 322
64 54 6 250 253 255 323
166 384 4 222 197 187 324
78 114 2 207 160 106 325
172 70 2 158 75 44 326
150 66 4 255 254 255 327
164 368 4 167 108 82 328
232 98 2 123 36 32 329
56 86 2 255 255 251 330
80 36 2 180 104 14 331
136 354 3 157 74 22 332
142 360 4 255 255 255 333
156 98 2 249 255 243 334
220 92 3 143 62 59 335
50 30 11 255 255 250 336
124 348 2 160 80 21 337
58 364 2 249 254 255 338
226 92 2 119 36 35 339
210 332 9 255 255 255 340
212 92 2 132 47 37 341
50 362 4 255 255 250 342
236 212 6 255 255 255 343
142 30 8 255 255 255 344
58 40 2 255 252 253 345
110 28 2 174 91 23 346
204 92 4 221 200 198 347
32 168 4 251 251 251 348
38 130 2 195 120 10 349
186 380 2 255 253 255 350
190 78 10 255 255 255 351
214 362 3 124 42 41 352
68 26 4 250 255 255 353
92 28 2 204 156 104 354
14 134 8 255 255 255 355
116 28 3 169 91 20 356
44 172 5 255 255 255 357
226 368 2 125 36 39 358
48 64 3 255 255 252 359
46 100 2 197 114 0 360
46 118 2 191 123 28 361
40 154 2 247 251 252 362
50 334 3 255 253 252 363
136 46 2 163 77 25 364
232 92 2 132 33 35 365
244 102 5 248 255 254 366
28 154 7 244 249 255 367
40 370 6 255 255 255 368
218 372 5 251 250 246 369
64 44 2 250 255 255 370
194 390 2 143 46 36 371
140 42 4 247 252 250 372
54 46 2 198 114 8 373
224 344 6 255 255 255 374
156 380 6 255 255 255 375
62 374 4 179 102 9 376
124 28 5 255 255 255 377
66 10 6 255 255 251 378
56 372 2 215 172 121 379
222 362 4 250 255 255 380
262 110 8 255 255 255 381
58 380 3 185 105 10 382
74 376 5 255 255 255 383
116 364 4 250 253 251 384
162 396 9 255 255 255 385
252 116 4 255 254 255 386
Neighbours
0 :  167 207 227
1 :  18 26 46 52 131
2 :  20 44 62 102 175
3 :  40 49 90 141
4 :  60 61 63 96
5 :  65 105 109
6 :  19 30 35 83 190
7 :  9 12 42 46 52
8 :  13 39 45 57 116
9 :  7 12 18 52 74 112 166
10 :  17 23 55
11 :  13 39 48 69
12 :  7 74 124 125
13 :  8 11 39 100
14 :  75 91 101
15 :  41 53 78
16 :  26 40 95
17 :  10 34 81
18 :  1 9 52 131 166
19 :  6 24 62 83
20 :  2 39 44 57 102
21 :  25 34 64 66 81 166
22 :  38 87 180 201
23 :  10 50 72 81
24 :  19 45 63 89 102
25 :  21 34 49 54 131 166
26 :  1 16 46 95 131
27 :  25 49 131
28 :  100 128 135
29 :  159 163 188 197
30 :  6 60 71 89 190
31 :  12 73 125
32 :  93 116
33 :  90 126 141
34 :  17 21 25 54 81
35 :  6 37 179
36 :  79 120 144
37 :  35 105 109
38 :  22 44 68 69 87 180
39 :  8 11 13 20 57
40 :  3 16 49 131
41 :  15 135 144
42 :  7 46 52 124 139
43 :  79 86 98 147 152
44 :  2 38 69 75
45 :  8 24 57 63 102 116
46 :  1 7 26 42 52 178
47 :  72 84 107 151 160
48 :  11 67 69
49 :  27 40 54 90
50 :  23 47 84
51 :  65 70 104 109 122
52 :  1 7 9 18 42 46
53 :  15 93 114 137
54 :  25 34 49
55 :  10 33 82 90 126
56 :  153 170 184 257
57 :  8 20 39 45 102 116
58 :  74 112 115 125 154
59 :  75 76 122 149
60 :  4 30 63 71 89
61 :  4 71 126 141
62 :  2 19 70
63 :  4 24 45 60 89 116
64 :  115 119 154 166
65 :  5 51 97
66 :  21 81 119
67 :  48 132 156
68 :  38 106 180 185 199
69 :  11 38 44 48 94
70 :  51 62 104 109
71 :  30 60 61 141 190
72 :  23 47 85 121 123 133
73 :  31 145 173
74 :  9 12 58 112 125
75 :  2 14 44 87 175
76 :  59 75 91 97
77 :  138 163 221 236 248 284
78 :  15 79 137
79 :  36 41 43 78 144 152
80 :  114
81 :  17 21 23 34 66 85
82 :  55 103 126 146
83 :  6 19
84 :  47 50 55 111 146
85 :  23 72 81 123
86 :  43 98 147 177
87 :  38 44 75 101
88 :  192 193 208 237 238 253 292
89 :  24 30 60 63
90 :  3 33 55 141
91 :  14 76 140 169
92 :  84 107 111 170 203
93 :  32 53 96 135
94 :  69 136 156 199
95 :  16 26 179
96 :  4 93 114
97 :  65 76 239
98 :  43 86 137 177 205
99 :  125 129 173
100 :  13 28
101 :  14 22 29 87 140 159
102 :  2 20 24 45 57
103 :  82 126 146
104 :  2 51 70 122 149 175
105 :  5 37 179
106 :  68 136 185 199 225
107 :  47 84 92 151 203
108 :  156 168 186
109 :  5 37 51 65 70 105
110 :  113 120 147 152
111 :  84 92 107 146
112 :  9 58 74 115 166
113 :  110 120 143
114 :  53 80 96
115 :  58 64 112 154
116 :  8 32 45 57 63
117 :  176 222
118 :  171 188 196 197
119 :  64 66
120 :  36 110 113 132 143
121 :  72 123 187 231
122 :  51 59 104 149
123 :  72 81 85
124 :  12 139
125 :  12 31 58 73 99
126 :  33 61 82 103
127 :  139
128 :  28 79 135 144
129 :  99 165 343
130 :  164 224 239 267
131 :  1 25 26 27
132 :  67 120 144 186
133 :  72 187
134 :  162 187
135 :  28 41 93 128
136 :  94 106 168 276
137 :  53 98 204
138 :  77 221 284
139 :  42 124 127 178
140 :  91 101 188 196
141 :  3 33 61 71 90
142 :  172 181 210 217 223
143 :  113 120 132 186
144 :  36 79 128 132
145 :  73 173
146 :  82 84 103 111
147 :  43 86 110 214
148 :  192 263 285 347
149 :  59 104 122 175
150 :  142 172 198 202 220
151 :  47 107 160 203
152 :  43 110
153 :  56 170 203
154 :  58 115
155 :  234 244 261 280
156 :  67 94 108 136
157 :  195 208 235 292 334
158 :  56 92 170 184
159 :  29 101 201
160 :  47 151 187 216
161 :  180 185 236 322
162 :  134 167 216
163 :  29 77 188 197 200 221 246
164 :  130 267 279
165 :  129 173 343
166 :  9 18 21 25 64
167 :  0 162
168 :  108 136 276
169 :  91 171 196 239 247
170 :  92 153 158
171 :  118 196 298
172 :  142 150 230
173 :  73 99 165
174 :  176 279
175 :  2 75 104 149
176 :  117 174 233
177 :  86 98 205 299
178 :  46 127 139
179 :  35 37 95 105
180 :  22 68 161 185 201
181 :  142 183 210 220
182 :  213 260 322
183 :  181 232 283
184 :  56 158 241 257
185 :  68 106 161 180 182 225 260
186 :  108 132 143
187 :  133 134 160
188 :  29 101 118 140 163 196 197
189 :  142 243 323
190 :  6 30 71
191 :  235 259 334
192 :  88 148 270
193 :  88 195 208 270
194 :  148 263 285 317 339
195 :  157 208 226 269 311
196 :  118 140 169 171 188
197 :  29 118 163 188 246 298
198 :  150 202 277 283
199 :  68 94 106
200 :  163 221 246
201 :  22 159 180
202 :  150 251 277 320
203 :  92 107 151 153
204 :  137 205 241 245 299
205 :  98 137 177 204 299
206 :  273 309
207 :  0
208 :  88 157 193 195 292
209 :  211 215 240 242 255 295 318 364 372 377
210 :  142 181 232
211 :  217 232 240 255
212 :  256 302 349 355 367
213 :  182 291 303
214 :  147
215 :  242 255 281 297 346 356
216 :  160 162
217 :  142 211 232 255 265 297
218 :  191 259
219 :  226 254 327
220 :  142 150 181 198 283
221 :  77 138 163 200
222 :  117 176 233
223 :  142 304 323
224 :  130 247 267
225 :  106 185 260 291
226 :  195 254 259 311 334
227 :  0
228 :  271 290 314 315
229 :  258 286 305 350
230 :  172 243 275 330
231 :  121
232 :  183 210 211 217
233 :  176 222 262 266
234 :  155 244 250 278
235 :  157 191 334
236 :  77 161 248 322
237 :  88 238
238 :  88 237 253
239 :  76 97 130 169
240 :  209 211
241 :  184 204
242 :  209 215 346 356
243 :  189 230 275 323 359
244 :  155 234 250 278 280 288
245 :  204 257 357
246 :  163 197 200 264 298
247 :  169 224 298 312 337
248 :  77 236 284 322 363
249 :  284 289 293 338
250 :  234 244 278 325
251 :  202 278 320
252 :  286 290
253 :  88 238
254 :  219 259
255 :  209 211 215 217 297
256 :  212 273 349
257 :  56 245
258 :  229 286
259 :  191 218 226 254
260 :  182 185 225 291
261 :  155 280 361
262 :  233 313
263 :  148 194 317
264 :  200 246 306
265 :  217 297 304 331
266 :  233 332 333
267 :  130 164 224 279
268 :  296 302
269 :  195 311 351
270 :  192 193 347 351
271 :  228 300 301 305 315
272 :  288 296 316 330
273 :  206 256 282 309
274 :  275 316 359
275 :  230 243 274 330 359
276 :  136 168 319
277 :  198 202 320
278 :  234 244 250 251 320 325
279 :  164 174 267
280 :  155 244 261 288 360
281 :  215 297 346
282 :  273
283 :  183 198 220
284 :  77 138 248 249 363
285 :  148 194 294 335 341
286 :  229 252 258 314
287 :  325
288 :  244 272 280 360
289 :  249 284 338 342
290 :  228 252 314 321 352
291 :  182 213 225 260
292 :  88 157 208
293 :  249 338 376 383
294 :  285 317 329 339 365
295 :  209 318 327
296 :  268 272 316 360
297 :  215 217 255 265 281 354
298 :  171 246 247
299 :  177 204 205
300 :  301 371
301 :  271 300 305 369
302 :  268 280 349 361
303 :  213 284 322 363
304 :  223 265 308 331
305 :  229 271 301 310
306 :  264 312 384
307 :  348 357 362 367
308 :  223 304 331 345 353 370
309 :  206 273 362
310 :  271 305 350 371
311 :  226 269 326 351
312 :  247 306 337 384
313 :  262 328
314 :  228 286 290
315 :  228 271 301 352 369
316 :  272 274 296 330
317 :  194 263 294
318 :  209 295 364 372
319 :  276
320 :  202 251 277 278 325
321 :  290 340 374
322 :  182 185 236 248 303
323 :  189 223 243 359 370 373
324 :  375 385
325 :  250 278 287 320
326 :  311 351
327 :  219 295
328 :  313 375
329 :  294 339 365 366
330 :  230 272 275 316
331 :  265 304 308 353
332 :  266 333 337
333 :  266 332
334 :  157 191 226
335 :  285 339 341
336 :  308 345 353 370 373
337 :  312 332
338 :  249 289 293 342 379
339 :  294 329 335 365
340 :  290 321
341 :  148 285 335 347
342 :  289 338 368 379
343 :  129 165
344 :  372 377
345 :  308 336 370 373
346 :  215 242 281 356
347 :  148 270 341
348 :  307 357 367
349 :  212 256 273 302
350 :  229 310
351 :  269 270 311 326 347
352 :  290 315 369 380
353 :  308 331 336 378
354 :  297
355 :  212 367
356 :  215 242 346 377
357 :  245 307
358 :  369 380
359 :  243 274 275 323
360 :  280 288 296
361 :  261 280 302
362 :  307 309 367
363 :  248 284 303
364 :  209 318 372
365 :  294 329 339
366 :  329 381
367 :  212 348 355 362
368 :  342
369 :  301 315 358 380
370 :  308 323 345 373
371 :  300 310
372 :  318 344 364
373 :  323 345 370
374 :  321 380
375 :  324 328
376 :  293 379 382 383
377 :  242 344 356
378 :  353
379 :  338 342 376
380 :  352 358 369 374
381 :  366 386
382 :  376
383 :  293 376
384 :  306 312
385 :  324 375
386 :  366 381
