328 272 4 221 221 221 0
330 134 4 207 207 207 1
170 314 4 144 104 86 2
134 84 4 186 132 79 3
166 120 4 127 66 46 4
134 106 4 178 124 83 5
216 164 4 246 178 155 6
70 218 4 223 204 191 7
328 250 4 248 248 248 8
328 222 4 89 89 89 9
238 150 4 255 226 211 10
92 202 4 210 181 154 11
164 128 4 121 74 47 12
330 318 4 255 255 255 13
128 180 4 187 112 96 14
194 246 4 195 119 90 15
112 240 4 203 155 113 16
62 62 4 249 228 220 17
70 422 4 228 202 190 18
230 372 4 244 210 194 19
330 162 4 123 123 123 20
172 334 4 134 76 47 21
54 350 4 251 236 227 22
62 26 4 239 223 216 23
62 114 4 249 227 215 24
62 270 4 233 216 207 25
70 246 4 241 210 195 26
76 106 4 252 215 201 27
90 62 4 225 183 160 28
92 216 4 228 169 150 29
92 114 4 221 177 154 30
106 142 4 218 148 125 31
106 218 4 211 151 122 32
112 372 4 172 139 100 33
120 128 4 183 128 83 34
134 122 4 184 112 82 35
150 180 4 132 76 47 36
152 290 4 126 65 55 37
152 320 4 136 66 53 38
160 136 4 241 255 255 39
164 328 5 253 255 255 40
170 112 4 251 251 251 41
54 238 4 243 231 225 42
178 154 4 244 255 251 43
178 222 4 182 111 101 44
230 158 4 238 197 182 45
232 400 4 244 212 193 46
Neighbours
0 : 
1 : 
2 : 
3 : 
4 :  12 41
5 : 
6 : 
7 : 
8 : 
9 : 
10 :  45
11 : 
12 :  4 39
13 : 
14 : 
15 : 
16 : 
17 : 
18 : 
19 : 
20 : 
21 :  40
22 : 
23 : 
24 : 
25 : 
26 : 
27 : 
28 : 
29 : 
30 : 
31 : 
32 : 
33 : 
34 : 
35 : 
36 : 
37 : 
38 : 
39 :  12
40 :  21
41 :  4
42 : 
43 : 
44 : 
45 :  10
46 : 
