706 472 15 144 144 144 0
740 164 7 55 55 55 1
626 130 9 47 47 47 2
134 22 11 55 55 55 3
664 206 16 27 27 27 4
108 538 9 38 38 38 5
728 432 5 130 130 130 6
682 514 14 196 196 196 7
556 86 8 24 24 24 8
712 330 7 68 68 68 9
742 346 7 77 77 77 10
622 546 10 27 27 27 11
172 548 21 24 24 24 12
526 576 21 24 24 24 13
710 234 20 24 24 24 14
92 482 14 24 24 24 15
146 160 12 211 211 211 16
120 138 11 235 235 235 17
98 188 11 201 201 201 18
640 56 14 24 24 24 19
516 50 19 24 24 24 20
392 52 11 147 147 147 21
754 396 11 114 114 114 22
222 104 9 139 139 139 23
712 290 10 60 60 60 24
314 114 13 221 221 221 25
190 156 8 145 145 145 26
58 380 9 204 204 204 27
240 114 10 115 115 115 28
90 238 14 253 253 253 29
336 102 12 206 206 206 30
80 302 14 246 246 246 31
430 24 10 17 17 17 32
316 90 10 169 169 169 33
742 308 10 70 70 70 34
142 134 11 237 237 237 35
696 112 13 17 17 17 36
182 96 9 158 158 158 37
78 198 10 197 197 197 38
370 60 12 162 162 162 39
692 420 14 169 168 170 40
630 408 10 72 72 72 41
398 74 10 200 200 200 42
176 478 9 254 254 254 43
434 94 8 218 218 218 44
292 42 7 24 24 24 45
122 162 11 239 239 239 46
104 212 13 236 236 236 47
650 448 12 178 178 178 48
270 558 10 214 214 214 49
128 426 10 249 249 249 50
350 76 13 163 163 163 51
418 228 9 195 195 195 52
108 446 10 228 228 228 53
610 460 8 111 111 111 54
132 86 10 18 18 18 55
378 82 11 197 197 197 56
708 394 15 130 131 129 57
74 392 10 234 234 234 58
210 154 7 130 130 130 59
456 246 9 181 181 181 60
326 570 10 209 209 209 61
334 126 10 143 143 143 62
474 552 9 239 239 239 63
686 308 21 67 67 67 64
672 402 12 90 90 90 65
642 384 8 64 64 64 66
240 366 10 253 253 253 67
248 384 8 245 245 245 68
556 348 8 251 251 251 69
232 536 8 156 156 156 70
362 96 10 167 167 167 71
68 214 8 173 173 173 72
78 346 11 235 235 235 73
82 270 16 246 246 246 74
454 284 8 230 230 230 75
484 84 9 162 162 162 76
472 258 8 192 192 192 77
138 114 8 221 221 221 78
354 546 8 165 165 165 79
412 50 8 148 148 148 80
100 166 10 201 201 201 81
196 410 7 235 235 235 82
122 194 11 223 223 223 83
568 530 14 27 27 27 84
388 406 7 237 237 237 85
678 448 15 190 190 190 86
194 116 9 202 202 202 87
228 384 11 248 248 248 88
122 118 8 231 231 231 89
250 568 8 153 153 153 90
568 390 8 234 234 234 91
210 400 9 242 242 242 92
726 370 11 96 96 96 93
344 578 8 174 174 174 94
200 48 11 17 17 17 95
408 602 9 17 17 17 96
630 460 11 173 173 173 97
104 278 7 239 239 239 98
170 156 11 171 171 171 99
580 184 15 17 17 17 100
722 576 14 219 219 219 101
192 376 7 239 239 239 102
276 364 9 251 251 251 103
656 494 9 207 207 207 104
546 356 4 233 233 233 105
62 326 12 253 253 253 106
106 424 9 245 245 245 107
286 348 7 255 255 255 108
736 548 15 197 197 197 109
212 416 7 241 241 241 110
222 328 9 248 248 248 111
660 472 13 211 211 211 112
614 478 10 190 190 190 113
162 98 7 163 163 163 114
366 22 9 17 17 17 115
396 436 9 242 242 242 116
390 304 5 190 190 190 117
194 394 8 237 237 237 118
688 276 11 63 63 63 119
458 546 8 190 190 190 120
242 328 9 255 255 255 121
630 268 8 54 54 54 122
94 326 12 240 240 240 123
86 156 6 176 176 176 124
414 408 8 230 230 230 125
240 188 10 222 222 222 126
276 158 10 171 171 171 127
176 114 9 225 225 225 128
196 274 7 230 230 230 129
430 50 6 126 126 126 130
240 276 7 223 223 223 131
254 104 6 110 110 110 132
446 54 6 126 126 126 133
258 314 8 254 254 254 134
552 286 6 153 153 153 135
118 406 11 235 235 235 136
326 72 10 129 129 129 137
322 146 11 93 93 93 138
534 548 8 16 16 16 139
740 492 13 204 204 204 140
400 478 6 234 234 234 141
140 184 9 199 199 199 142
262 176 12 187 187 187 143
132 450 12 248 248 248 144
436 236 8 186 186 186 145
456 568 11 17 17 17 146
252 348 10 254 254 254 147
48 266 7 228 228 228 148
524 606 9 17 17 17 149
200 194 7 238 238 238 150
100 146 8 194 194 194 151
248 132 9 93 93 93 152
308 72 7 175 175 175 153
264 510 8 242 242 242 154
242 166 10 118 118 118 155
178 498 9 209 209 209 156
322 594 4 141 141 141 157
428 566 7 165 165 165 158
614 64 6 14 14 14 159
64 442 11 10 10 10 160
186 134 10 196 196 196 161
54 302 11 252 252 252 162
230 596 8 17 17 17 163
662 424 12 129 129 129 164
616 258 7 49 49 49 165
258 366 7 253 253 253 166
260 56 10 17 17 17 167
180 176 8 141 141 141 168
202 98 8 137 137 137 169
134 268 8 172 172 172 170
192 346 8 247 247 247 171
438 114 6 148 148 148 172
148 564 7 12 12 12 173
420 70 10 175 175 175 174
82 172 8 180 180 180 175
452 230 7 141 141 141 176
198 566 10 16 16 16 177
206 136 7 156 156 156 178
524 146 7 114 114 114 179
96 400 11 233 233 233 180
376 114 8 105 105 105 181
542 420 6 218 218 218 182
114 342 11 217 217 217 183
644 254 11 51 51 51 184
160 464 9 249 249 249 185
116 386 8 216 216 216 186
460 60 7 101 101 101 187
254 282 6 237 237 237 188
666 264 12 52 52 52 189
200 258 7 223 223 223 190
182 194 8 217 217 217 191
224 276 7 235 235 235 192
572 356 8 237 237 237 193
652 366 9 60 60 60 194
292 112 8 185 185 185 195
610 234 9 47 47 47 196
164 364 5 197 197 197 197
288 144 8 154 154 154 198
136 370 8 251 251 251 199
98 358 11 220 220 220 200
238 96 8 91 91 91 201
418 470 8 221 221 221 202
646 574 8 17 17 17 203
354 530 7 161 161 161 204
280 518 9 203 203 203 205
422 246 9 222 222 222 206
46 366 7 203 203 203 207
528 108 7 153 153 153 208
50 282 9 247 247 247 209
636 484 12 220 220 220 210
622 442 8 92 92 92 211
586 360 5 171 171 171 212
158 482 9 226 226 226 213
68 366 8 212 212 212 214
556 366 9 249 249 249 215
430 128 7 169 169 169 216
554 332 6 238 238 238 217
460 460 5 196 196 196 218
616 200 14 17 17 17 219
40 236 11 13 13 13 220
222 172 10 114 114 114 221
38 352 9 186 186 186 222
538 264 6 157 157 157 223
672 586 13 95 95 95 224
254 268 7 209 209 209 225
270 348 7 255 255 255 226
214 266 7 232 232 232 227
488 256 7 176 176 176 228
164 134 9 218 218 218 229
390 392 4 224 224 224 230
640 322 6 54 54 54 231
224 310 9 244 244 244 232
448 84 8 144 144 144 233
536 122 8 148 148 148 234
444 296 7 225 225 225 235
136 208 8 247 247 247 236
26 254 11 17 17 17 237
244 400 8 239 239 239 238
394 218 6 194 194 194 239
154 444 8 247 247 247 240
430 456 7 238 238 238 241
582 388 6 204 204 204 242
156 520 7 15 15 15 243
208 380 9 247 247 247 244
256 584 5 115 115 115 245
438 220 6 139 139 139 246
310 582 7 181 181 181 247
304 238 5 154 154 154 248
502 260 6 184 184 184 249
402 462 9 235 235 235 250
142 470 9 224 224 224 251
482 48 9 19 19 19 252
180 514 7 186 186 186 253
404 516 5 199 199 199 254
212 120 9 174 174 174 255
654 510 7 216 216 216 256
198 424 5 240 240 240 257
476 138 8 171 171 171 258
200 174 12 128 128 128 259
190 318 6 247 247 247 260
274 500 5 232 232 232 261
400 128 7 177 177 177 262
20 146 5 17 17 17 263
270 536 10 231 231 231 264
156 114 9 214 214 214 265
210 280 7 237 237 237 266
400 416 8 238 238 238 267
238 292 9 242 242 242 268
200 474 6 248 248 248 269
306 548 8 203 203 203 270
734 284 5 40 40 40 271
340 56 9 113 113 113 272
182 276 6 230 230 230 273
568 324 7 216 216 216 274
150 200 8 248 248 248 275
414 576 9 167 167 167 276
684 374 14 68 68 68 277
752 466 13 214 214 214 278
132 352 9 221 221 221 279
220 194 8 245 245 245 280
116 368 9 229 229 229 281
412 428 8 250 250 250 282
494 158 7 66 66 66 283
402 230 7 230 230 230 284
726 610 14 227 227 227 285
514 98 9 179 179 179 286
112 314 9 248 248 248 287
556 566 10 17 17 17 288
324 548 9 214 214 214 289
554 382 7 245 245 245 290
620 372 7 51 51 51 291
2 282 24 24 24 24 292
712 500 4 70 70 70 293
596 226 6 48 48 48 294
614 508 12 22 22 22 295
156 394 6 212 212 212 296
662 382 9 67 67 67 297
388 102 7 157 157 157 298
562 404 7 230 230 230 299
606 432 6 63 63 63 300
296 524 7 222 222 222 301
398 490 5 212 212 212 302
226 420 6 238 238 238 303
668 356 8 56 56 56 304
284 72 13 17 17 17 305
250 548 11 185 185 185 306
486 524 7 209 209 209 307
500 106 7 221 221 221 308
212 346 9 250 250 250 309
254 526 8 217 217 217 310
428 436 7 241 241 241 311
224 502 7 227 227 227 312
340 536 7 158 158 158 313
404 264 8 241 241 241 314
726 516 11 212 211 213 315
382 148 6 97 97 97 316
170 396 6 217 217 217 317
408 116 7 218 218 218 318
402 162 6 85 85 85 319
572 374 8 245 245 245 320
72 412 8 179 179 179 321
646 278 10 52 52 52 322
240 416 8 238 238 238 323
238 430 6 235 235 235 324
202 330 8 246 246 246 325
272 320 6 254 254 254 326
470 432 6 212 212 212 327
572 340 7 226 226 226 328
586 348 6 163 163 163 329
694 600 11 222 222 222 330
518 158 6 104 104 104 331
192 302 7 240 240 240 332
166 196 8 235 235 235 333
442 408 5 235 235 235 334
388 254 7 240 240 240 335
708 356 8 62 62 62 336
472 242 7 160 160 160 337
270 142 7 144 144 144 338
168 236 5 179 179 179 339
148 422 10 249 249 249 340
158 228 5 143 143 143 341
700 556 11 221 221 221 342
130 252 7 153 153 153 343
582 480 5 139 139 139 344
160 180 9 183 183 183 345
142 402 10 244 244 244 346
694 578 10 225 225 225 347
214 432 5 238 238 238 348
192 484 6 238 238 238 349
466 230 6 123 123 123 350
206 296 7 247 247 247 351
508 250 5 154 154 154 352
702 618 8 231 231 231 353
148 100 7 179 179 179 354
254 254 6 195 195 195 355
406 216 6 193 193 193 356
440 274 9 234 234 234 357
578 400 6 206 206 206 358
590 72 12 12 12 12 359
262 380 6 255 255 255 360
300 98 7 204 204 204 361
220 364 10 251 251 251 362
284 504 5 203 203 203 363
412 282 8 246 246 246 364
556 416 6 213 213 213 365
196 520 8 168 168 168 366
546 408 6 232 232 232 367
458 448 7 219 219 219 368
138 312 9 198 198 198 369
552 320 6 224 224 224 370
508 454 6 205 205 205 371
118 262 6 223 223 223 372
212 82 6 115 115 115 373
256 460 4 204 204 204 374
388 472 7 230 230 230 375
196 502 9 186 186 186 376
638 518 6 14 14 14 377
618 424 8 68 68 68 378
490 556 7 242 242 242 379
398 574 7 177 177 177 380
308 532 7 207 207 207 381
50 394 5 155 155 155 382
552 428 6 201 201 201 383
494 540 6 219 219 219 384
254 296 7 247 247 247 385
334 588 6 174 174 174 386
492 142 8 131 131 131 387
126 296 10 240 240 240 388
486 448 6 203 203 203 389
472 472 6 171 171 171 390
568 292 6 153 153 153 391
400 294 6 222 222 222 392
206 446 5 222 222 222 393
290 572 7 175 175 175 394
440 252 8 217 217 217 395
290 540 9 239 239 239 396
526 284 4 166 166 166 397
438 68 6 165 165 165 398
460 94 7 83 83 83 399
190 208 7 169 169 169 400
92 438 7 204 204 204 401
638 426 9 84 84 84 402
442 444 9 232 232 232 403
488 128 6 188 188 188 404
636 368 7 57 57 57 405
150 266 6 178 178 178 406
448 474 5 172 172 172 407
256 242 6 202 202 202 408
372 586 7 170 170 170 409
300 220 5 140 140 140 410
492 232 6 131 131 131 411
232 346 10 253 253 253 412
324 4 6 38 38 38 413
228 156 7 111 111 111 414
226 128 7 143 143 143 415
524 184 5 66 66 66 416
518 256 5 170 170 170 417
290 558 6 210 210 210 418
652 310 10 53 53 53 419
276 334 7 254 254 254 420
388 238 8 215 215 215 421
228 404 8 246 246 246 422
626 284 8 52 52 52 423
428 518 6 195 195 195 424
202 362 8 248 248 248 425
544 254 5 135 135 135 426
474 520 5 172 172 172 427
388 452 7 238 238 238 428
286 590 6 123 123 123 429
530 170 6 107 107 107 430
124 216 6 242 242 242 431
532 274 5 160 160 160 432
204 314 8 244 244 244 433
34 290 8 216 216 216 434
542 456 4 179 179 179 435
384 126 6 143 143 143 436
504 550 7 213 213 213 437
258 154 8 136 136 136 438
474 96 5 154 154 154 439
56 202 6 144 144 144 440
612 398 8 64 64 64 441
364 158 6 93 93 93 442
60 402 7 163 163 163 443
464 148 7 52 52 52 444
88 420 9 213 213 213 445
68 248 9 239 239 239 446
242 310 8 249 249 249 447
548 306 7 205 205 205 448
558 274 5 138 138 138 449
300 174 6 107 107 107 450
100 380 8 201 201 201 451
688 346 14 60 62 62 452
376 300 6 210 210 210 453
106 264 6 220 220 220 454
468 276 7 209 209 209 455
354 46 8 107 107 107 456
294 264 5 193 193 193 457
260 394 7 241 241 241 458
128 236 9 125 125 125 459
564 282 4 147 147 147 460
354 114 7 118 118 118 461
104 296 10 249 249 249 462
40 322 10 203 203 203 463
308 134 7 174 174 174 464
372 352 5 224 224 224 465
146 296 8 165 165 165 466
430 290 6 239 239 239 467
306 566 9 198 198 198 468
680 238 9 8 8 8 469
650 402 9 75 75 75 470
400 398 4 231 231 231 471
482 538 6 230 230 230 472
318 360 6 236 236 236 473
416 516 6 200 200 200 474
548 450 4 186 186 186 475
486 220 6 106 106 106 476
370 362 5 214 214 214 477
566 422 5 194 194 194 478
614 410 4 66 66 66 479
550 190 4 51 51 51 480
568 144 6 15 15 15 481
154 280 5 168 168 168 482
726 262 10 10 10 10 483
376 136 6 90 90 90 484
300 444 4 229 229 229 485
324 350 5 250 250 250 486
596 240 5 50 50 50 487
250 440 5 217 217 217 488
524 470 6 188 188 188 489
646 32 8 15 15 15 490
412 446 9 242 242 242 491
556 442 5 190 190 190 492
480 270 6 185 185 185 493
158 242 4 152 152 152 494
502 126 8 183 183 183 495
546 466 4 179 179 179 496
198 232 5 207 207 207 497
514 136 6 125 125 125 498
544 294 5 168 168 168 499
442 428 6 242 242 242 500
84 374 9 198 198 198 501
388 486 5 217 217 217 502
558 298 5 167 167 167 503
740 592 5 232 232 232 504
388 562 7 159 159 159 505
272 390 5 243 243 243 506
630 356 6 44 44 44 507
562 494 6 11 11 11 508
594 496 11 14 14 14 509
188 452 5 238 238 238 510
352 156 6 76 76 76 511
168 508 5 181 181 181 512
256 406 5 243 243 243 513
648 334 7 57 57 57 514
424 484 6 176 176 176 515
644 352 6 49 49 49 516
520 22 6 14 14 14 517
124 326 6 238 238 238 518
494 576 10 17 17 17 519
498 528 5 194 194 194 520
302 456 6 221 221 221 521
522 6 4 15 15 15 522
194 288 7 240 240 240 523
712 538 10 204 204 204 524
218 442 5 220 220 220 525
452 140 7 101 101 101 526
254 88 7 102 102 102 527
34 306 7 220 220 220 528
512 240 5 142 142 142 529
486 244 5 168 168 168 530
274 108 5 142 142 142 531
420 212 5 163 163 163 532
372 290 4 236 236 236 533
246 460 4 229 229 229 534
168 302 7 208 208 208 535
528 456 5 187 187 187 536
46 338 7 206 206 206 537
318 216 5 124 124 124 538
560 238 4 73 73 73 539
294 252 5 204 204 204 540
384 424 7 248 248 248 541
278 128 7 138 138 138 542
154 310 7 210 210 210 543
250 452 4 210 210 210 544
304 388 5 160 160 160 545
660 72 6 14 14 14 546
226 260 5 226 226 226 547
440 556 8 115 115 115 548
428 550 4 103 103 103 549
444 128 6 105 105 105 550
438 398 4 239 239 239 551
428 416 6 244 244 244 552
538 232 5 101 101 101 553
202 436 5 232 232 232 554
548 148 8 72 72 72 555
392 200 5 187 187 187 556
48 408 5 145 145 145 557
340 522 6 141 141 141 558
302 350 5 244 244 244 559
232 142 7 113 113 113 560
380 438 7 244 244 244 561
614 348 5 45 45 45 562
526 264 5 183 183 183 563
232 560 8 111 111 111 564
172 442 5 192 192 192 565
448 154 6 82 82 82 566
138 224 6 85 85 85 567
132 494 8 18 18 18 568
596 452 4 85 85 85 569
180 310 6 248 248 248 570
180 298 5 229 229 229 571
116 228 5 239 239 239 572
562 310 7 193 193 193 573
434 152 6 86 86 86 574
384 290 6 229 229 229 575
420 104 9 248 248 248 576
454 206 4 94 94 94 577
596 478 7 170 170 170 578
512 114 7 164 164 164 579
350 562 8 166 166 166 580
132 386 7 209 209 209 581
504 194 4 73 73 73 582
572 302 4 171 171 171 583
286 374 4 217 217 217 584
114 178 6 173 173 173 585
78 460 9 18 18 18 586
276 88 4 202 202 202 587
394 516 4 178 178 178 588
368 540 7 108 108 108 589
368 526 6 127 127 127 590
508 466 5 174 174 174 591
524 80 10 19 19 19 592
162 266 5 203 203 203 593
112 464 6 170 170 170 594
554 232 4 78 78 78 595
498 222 5 126 126 126 596
238 6 13 38 38 38 597
606 248 5 48 48 48 598
586 374 5 197 197 197 599
624 314 4 42 42 42 600
422 264 8 241 241 241 601
222 240 6 193 193 193 602
394 278 9 251 251 251 603
546 54 8 13 13 13 604
506 518 5 171 171 171 605
728 402 4 63 63 63 606
372 318 4 182 182 182 607
612 332 4 52 52 52 608
294 128 8 180 180 180 609
360 580 6 152 152 152 610
456 264 8 208 208 208 611
338 156 7 69 69 69 612
514 474 4 172 172 172 613
544 170 7 93 93 93 614
294 402 6 185 185 185 615
508 442 5 204 204 204 616
276 378 4 235 235 235 617
536 244 6 138 138 138 618
386 550 5 183 183 183 619
628 322 4 39 39 39 620
450 416 5 247 247 247 621
150 326 8 203 203 203 622
200 548 6 11 11 11 623
278 308 5 228 228 228 624
380 362 4 234 234 234 625
450 522 5 176 176 176 626
550 262 4 139 139 139 627
120 276 8 235 235 235 628
186 264 6 215 215 215 629
254 492 4 248 248 248 630
546 438 5 194 194 194 631
558 256 5 123 123 123 632
664 618 8 12 12 12 633
452 198 4 71 71 71 634
538 284 6 164 164 164 635
438 578 8 13 13 13 636
452 308 7 228 225 227 637
462 516 6 191 191 191 638
368 308 5 215 215 215 639
242 262 5 200 200 200 640
288 16 5 20 20 20 641
220 72 4 119 119 119 642
680 94 7 14 14 14 643
234 218 5 181 181 181 644
374 412 6 255 255 255 645
410 184 4 111 111 111 646
318 518 6 173 173 173 647
168 256 4 207 207 207 648
480 232 5 128 128 128 649
214 540 6 173 173 173 650
406 552 5 109 109 109 651
616 274 6 52 52 52 652
258 194 5 180 180 180 653
622 332 5 52 52 52 654
536 430 5 200 200 200 655
180 288 4 229 229 229 656
458 424 6 230 230 230 657
314 62 4 151 151 151 658
452 434 5 218 218 218 659
354 144 6 61 61 61 660
508 226 5 116 116 116 661
144 252 6 136 136 136 662
258 232 4 183 183 183 663
638 296 8 55 55 55 664
506 146 6 110 110 110 665
460 474 6 169 169 169 666
294 162 7 141 141 141 667
534 464 4 191 191 191 668
522 124 6 112 112 112 669
482 436 6 212 212 212 670
258 76 5 209 209 209 671
210 506 5 166 166 166 672
484 460 6 176 176 176 673
292 442 4 226 226 226 674
706 270 6 43 43 43 675
238 498 6 220 220 220 676
482 208 5 91 91 91 677
482 196 4 9 9 9 678
412 484 5 195 195 195 679
648 18 6 15 15 15 680
152 368 7 236 236 236 681
616 322 5 52 52 52 682
378 480 5 212 212 212 683
216 252 5 214 214 214 684
498 446 5 227 227 227 685
246 240 4 191 191 191 686
376 450 5 227 227 227 687
546 274 6 147 147 147 688
626 244 9 47 47 47 689
626 344 6 43 43 43 690
32 340 4 162 162 162 691
376 396 8 230 230 230 692
354 130 6 83 83 83 693
656 346 7 58 58 58 694
378 280 5 237 237 237 695
230 248 5 201 201 201 696
410 136 5 102 102 102 697
54 226 6 180 180 180 698
414 298 4 217 217 217 699
350 594 9 13 13 13 700
310 226 6 152 152 152 701
220 140 5 145 145 145 702
492 210 5 93 93 93 703
472 420 6 219 219 219 704
308 596 6 125 125 125 705
492 170 5 66 66 66 706
444 542 5 147 147 147 707
318 42 7 19 19 19 708
474 66 5 100 100 100 709
444 372 5 230 230 230 710
466 194 4 4 4 4 711
186 82 4 117 117 117 712
186 360 6 241 241 241 713
306 514 6 179 179 179 714
420 534 6 107 107 107 715
690 134 4 15 15 15 716
680 482 7 53 53 53 717
528 134 5 89 89 89 718
188 252 5 223 223 223 719
400 146 6 76 76 76 720
176 210 6 163 163 163 721
170 224 7 143 143 143 722
438 140 6 111 111 111 723
440 520 5 187 187 187 724
426 192 5 193 193 193 725
536 500 5 82 82 82 726
360 186 6 90 90 90 727
298 338 5 230 230 230 728
70 182 7 162 162 162 729
424 202 5 138 138 138 730
296 596 5 110 110 110 731
416 560 6 121 121 121 732
332 610 5 13 13 13 733
370 148 5 84 84 84 734
634 312 5 45 45 45 735
294 510 6 191 191 191 736
244 582 4 107 107 107 737
140 282 7 184 184 184 738
462 76 7 106 106 106 739
406 542 4 109 109 109 740
384 524 6 154 154 154 741
150 216 7 93 93 93 742
90 62 5 16 16 16 743
532 158 6 119 119 119 744
210 480 5 239 239 239 745
550 394 5 236 236 236 746
146 384 7 204 204 204 747
584 334 4 172 172 172 748
316 474 4 166 166 166 749
296 584 5 155 155 155 750
240 228 4 172 172 172 751
198 80 8 109 109 109 752
450 512 4 176 176 176 753
510 538 6 193 193 193 754
296 274 5 167 167 167 755
184 222 4 162 162 162 756
174 360 5 244 244 244 757
212 456 5 230 230 230 758
254 418 6 235 235 235 759
312 350 4 255 255 255 760
518 482 4 158 158 158 761
164 276 5 231 231 231 762
226 228 5 193 193 193 763
232 76 6 104 104 104 764
168 374 5 213 213 213 765
326 530 8 198 198 198 766
422 142 6 123 123 123 767
446 102 6 85 85 85 768
304 148 7 130 130 130 769
530 486 4 171 171 171 770
366 386 6 217 217 217 771
660 602 4 14 14 14 772
584 218 7 54 54 54 773
168 246 4 207 207 207 774
266 276 4 207 207 207 775
746 368 8 68 68 68 776
314 180 7 56 56 56 777
228 462 6 226 226 226 778
336 204 7 77 77 77 779
436 352 5 238 238 238 780
166 330 8 190 190 190 781
234 236 5 187 187 187 782
514 266 5 171 171 171 783
572 160 4 13 13 13 784
364 568 6 137 137 137 785
216 224 5 203 203 203 786
306 478 4 173 173 173 787
364 136 5 88 88 88 788
450 216 4 108 108 108 789
408 530 6 117 117 117 790
526 440 6 213 213 213 791
590 276 6 2 2 2 792
124 470 7 196 196 196 793
62 192 5 137 137 137 794
398 208 4 185 185 185 795
514 490 4 159 159 159 796
164 212 6 146 146 146 797
300 378 4 185 185 185 798
460 526 4 193 193 193 799
266 96 4 92 92 92 800
720 438 4 113 113 113 801
62 234 5 239 239 239 802
154 88 5 126 126 126 803
470 86 5 181 181 181 804
220 488 4 252 252 252 805
170 284 4 210 210 210 806
380 312 5 191 191 191 807
522 246 5 146 146 146 808
58 418 6 146 146 146 809
338 464 6 156 156 156 810
8 356 19 17 17 17 811
568 274 4 119 119 119 812
432 538 6 113 113 113 813
232 484 6 118 118 118 814
472 460 5 187 187 187 815
210 70 6 113 113 113 816
44 384 5 167 167 167 817
710 522 4 190 190 190 818
436 164 4 82 82 82 819
400 190 4 143 143 143 820
278 184 5 154 154 154 821
250 504 7 241 241 241 822
472 448 6 207 207 207 823
160 290 6 213 213 213 824
500 90 7 158 158 158 825
176 262 4 217 217 217 826
340 550 6 187 187 187 827
392 114 5 156 156 156 828
266 594 4 74 74 74 829
598 388 4 18 18 18 830
544 184 4 68 68 68 831
294 230 6 155 155 155 832
268 234 6 173 173 173 833
308 466 5 184 184 184 834
386 172 6 66 66 66 835
376 258 5 223 223 223 836
218 464 4 237 237 237 837
368 554 6 114 114 114 838
506 204 4 64 64 64 839
594 310 5 32 32 32 840
520 276 5 164 164 164 841
324 470 4 156 156 156 842
336 358 4 235 235 235 843
286 456 7 34 34 34 844
652 588 6 12 12 12 845
412 150 6 75 75 75 846
576 426 4 159 159 159 847
300 422 4 220 220 220 848
514 208 4 66 66 66 849
606 444 5 69 69 69 850
54 214 5 156 156 156 851
78 432 6 168 168 168 852
260 330 8 253 253 253 853
188 472 4 253 253 253 854
462 218 6 112 112 112 855
428 404 5 229 229 229 856
488 116 5 159 159 159 857
588 234 4 57 57 57 858
642 502 6 215 215 215 859
560 452 5 174 174 174 860
304 248 4 188 188 188 861
256 118 6 102 102 102 862
284 174 6 135 135 135 863
542 136 5 96 96 96 864
384 588 5 146 146 146 865
618 358 5 51 51 51 866
492 438 4 218 218 218 867
522 220 5 101 101 101 868
562 432 4 196 196 196 869
168 316 6 191 191 191 870
382 226 5 199 199 199 871
254 628 11 24 24 24 872
526 528 4 177 177 177 873
308 340 5 233 233 233 874
186 234 6 195 195 195 875
462 110 9 91 91 91 876
436 486 5 174 174 174 877
564 264 4 131 131 131 878
518 448 5 208 208 208 879
496 470 5 179 179 179 880
180 70 4 100 100 100 881
478 496 7 139 139 139 882
448 34 6 17 17 17 883
204 532 6 156 156 156 884
496 480 4 186 186 186 885
180 388 6 223 223 223 886
474 218 5 111 111 111 887
468 290 6 191 194 178 888
344 492 8 241 241 241 889
268 302 6 244 244 244 890
470 532 7 237 237 237 891
368 126 5 75 75 75 892
446 394 4 237 237 237 893
226 432 5 235 235 235 894
212 214 5 201 201 201 895
310 632 19 17 17 17 896
432 210 5 128 128 128 897
334 350 4 248 248 248 898
396 526 6 131 131 131 899
114 250 6 226 226 226 900
436 388 4 243 243 243 901
262 496 4 231 231 231 902
496 516 5 171 171 171 903
300 84 6 204 204 204 904
216 528 6 185 185 185 905
580 298 4 126 126 126 906
516 524 6 169 169 169 907
210 234 6 196 196 196 908
444 362 4 243 243 243 909
632 220 5 9 9 9 910
248 230 4 174 174 174 911
424 590 7 13 13 13 912
486 70 4 106 106 106 913
266 266 5 218 218 218 914
382 186 4 144 144 144 915
530 254 5 159 159 159 916
636 188 4 12 12 12 917
446 486 4 154 154 154 918
478 152 6 61 61 61 919
222 452 5 225 225 225 920
712 636 8 219 219 219 921
504 168 6 61 61 61 922
260 452 4 219 219 219 923
370 328 4 147 147 147 924
344 360 4 239 239 239 925
754 520 15 190 190 190 926
158 380 5 224 224 224 927
328 486 5 130 130 130 928
302 258 4 198 198 198 929
382 512 5 196 196 196 930
612 306 4 45 45 45 931
368 276 4 226 226 226 932
496 192 4 65 65 65 933
584 468 6 96 96 96 934
338 190 4 75 75 75 935
720 308 4 50 50 50 936
288 336 5 242 242 242 937
676 552 5 52 52 52 938
148 340 6 218 218 218 939
66 286 6 226 226 226 940
502 212 4 95 95 95 941
390 138 6 118 118 118 942
684 622 9 58 58 58 943
572 412 5 213 213 213 944
566 248 6 75 75 75 945
344 424 4 28 28 28 946
554 246 5 94 94 94 947
722 350 5 61 61 61 948
452 404 5 236 237 233 949
162 80 4 132 132 132 950
206 246 6 218 218 218 951
528 236 5 118 118 118 952
436 378 4 233 233 233 953
588 300 4 94 94 94 954
66 426 5 162 162 162 955
228 444 4 233 233 233 956
240 452 5 210 210 210 957
252 480 8 241 241 241 958
338 254 12 33 33 33 959
286 200 5 115 115 115 960
276 466 4 108 108 108 961
414 162 5 103 103 103 962
424 162 4 78 78 78 963
486 344 4 247 245 245 964
262 430 4 234 234 234 965
390 160 6 87 87 87 966
594 560 5 14 14 14 967
240 68 4 213 213 213 968
386 536 6 172 172 172 969
350 178 6 82 82 82 970
528 318 4 134 134 134 971
138 572 4 12 12 12 972
264 128 6 141 141 141 973
496 458 6 185 185 185 974
522 428 4 220 220 220 975
410 26 6 15 15 15 976
708 372 6 81 81 81 977
410 94 5 128 128 128 978
314 384 5 169 169 169 979
380 40 5 116 116 116 980
280 258 10 84 84 84 981
316 288 5 139 139 139 982
224 88 7 128 128 128 983
506 478 4 175 175 175 984
476 122 7 208 208 208 985
476 572 7 12 12 12 986
300 360 4 223 223 223 987
536 448 5 197 197 197 988
462 130 7 98 98 98 989
396 364 9 123 123 123 990
194 242 5 208 208 208 991
322 170 5 31 31 31 992
52 254 5 232 232 232 993
290 360 5 234 234 234 994
438 310 6 198 198 198 995
190 434 4 235 235 235 996
6 322 15 17 17 17 997
302 412 6 203 203 203 998
328 162 4 73 73 73 999
396 548 5 128 128 128 1000
322 496 6 241 241 241 1001
126 178 5 209 209 209 1002
376 160 6 80 80 80 1003
108 124 7 224 224 224 1004
280 116 4 167 167 167 1005
252 430 5 242 242 242 1006
162 408 8 217 217 217 1007
362 398 6 235 235 235 1008
736 474 4 209 209 209 1009
68 522 9 14 14 14 1010
188 424 4 234 234 234 1011
498 246 5 155 155 155 1012
698 206 6 11 11 11 1013
512 216 4 91 91 91 1014
458 160 5 71 71 71 1015
400 304 4 192 192 192 1016
238 442 5 223 223 223 1017
500 424 5 230 230 230 1018
566 226 4 5 5 5 1019
580 324 4 180 180 180 1020
290 432 5 218 218 218 1021
638 342 5 49 49 49 1022
436 362 4 214 214 214 1023
658 522 5 201 201 201 1024
446 320 6 206 206 206 1025
412 204 6 172 172 172 1026
434 370 4 244 244 244 1027
536 306 4 154 154 154 1028
180 340 5 221 221 221 1029
518 460 5 198 198 198 1030
296 298 4 88 88 88 1031
446 166 6 65 65 65 1032
478 510 5 179 179 179 1033
478 484 4 158 158 158 1034
130 578 5 14 14 14 1035
268 290 5 221 221 221 1036
398 538 4 118 118 118 1037
350 402 6 85 85 85 1038
86 212 4 216 216 216 1039
580 260 9 38 38 38 1040
182 244 4 175 175 175 1041
160 342 5 207 207 207 1042
286 98 6 200 200 200 1043
564 462 5 169 169 169 1044
162 352 5 200 200 200 1045
522 210 4 76 76 76 1046
188 332 6 239 239 239 1047
330 194 4 86 86 86 1048
242 82 5 92 92 92 1049
282 324 4 235 235 235 1050
456 484 4 161 161 161 1051
348 346 9 202 202 202 1052
546 238 4 97 97 97 1053
468 484 5 152 152 152 1054
316 318 8 143 143 143 1055
530 204 5 63 63 63 1056
574 282 5 115 115 115 1057
624 296 4 43 43 43 1058
520 196 7 16 16 16 1059
592 204 4 10 10 10 1060
364 374 6 93 93 93 1061
502 272 4 198 199 197 1062
244 220 4 165 165 165 1063
444 188 4 50 50 50 1064
594 250 5 65 65 65 1065
632 330 4 46 46 46 1066
180 432 5 180 180 180 1067
176 456 6 200 200 200 1068
510 276 4 216 215 217 1069
688 396 5 111 111 111 1070
254 222 5 176 176 176 1071
192 224 4 213 213 213 1072
644 466 4 192 192 192 1073
422 500 7 96 96 96 1074
56 242 4 240 240 240 1075
290 422 4 217 217 217 1076
606 264 4 50 50 50 1077
664 532 4 68 68 68 1078
444 494 4 127 127 127 1079
270 400 4 225 225 225 1080
268 82 5 205 205 205 1081
342 512 4 203 203 203 1082
390 350 4 199 199 199 1083
202 458 5 229 229 229 1084
340 142 7 74 74 74 1085
462 412 6 235 239 234 1086
444 208 5 193 193 193 1087
280 296 7 141 141 141 1088
308 376 4 187 187 187 1089
218 562 5 118 118 118 1090
222 216 4 192 192 192 1091
460 298 5 217 217 217 1092
268 192 5 168 168 168 1093
284 382 4 201 201 201 1094
494 270 4 200 200 200 1095
276 596 5 74 74 74 1096
760 440 9 211 211 211 1097
408 494 5 193 193 193 1098
504 180 4 58 58 58 1099
596 336 8 104 104 104 1100
402 104 6 129 129 129 1101
502 236 4 155 155 155 1102
296 188 7 87 87 87 1103
676 608 7 81 81 81 1104
390 184 4 108 108 108 1105
580 418 4 168 168 168 1106
282 480 4 210 210 210 1107
402 200 4 184 184 184 1108
36 276 6 208 208 208 1109
462 42 6 13 13 13 1110
382 372 5 193 193 193 1111
520 324 4 43 45 63 1112
544 220 4 0 0 0 1113
372 180 7 90 90 90 1114
202 208 4 189 189 189 1115
700 442 7 66 66 66 1116
522 536 4 187 187 187 1117
580 244 6 59 59 59 1118
552 472 4 154 154 154 1119
516 436 4 225 225 225 1120
522 294 6 102 102 102 1121
178 328 4 206 206 206 1122
328 218 5 118 118 118 1123
600 300 6 22 22 22 1124
512 182 4 61 61 61 1125
158 254 6 161 161 161 1126
512 598 5 17 17 17 1127
370 210 4 114 114 114 1128
596 464 6 103 103 103 1129
132 148 4 216 216 216 1130
214 552 5 125 125 125 1131
352 286 6 217 217 217 1132
194 444 4 232 232 232 1133
260 468 4 215 215 215 1134
416 126 5 87 87 87 1135
290 304 4 36 36 36 1136
334 182 4 77 77 77 1137
482 424 4 205 209 198 1138
306 212 4 118 118 118 1139
450 68 5 164 164 164 1140
380 328 5 90 90 90 1141
482 164 6 74 74 74 1142
604 312 5 26 26 26 1143
2 546 35 13 13 13 1144
386 578 5 163 163 163 1145
438 194 4 193 193 193 1146
170 76 4 120 120 120 1147
592 394 4 139 139 139 1148
382 26 7 16 16 16 1149
242 212 4 176 176 176 1150
576 314 5 174 174 174 1151
62 262 5 224 224 224 1152
376 248 4 212 212 212 1153
208 466 4 222 222 222 1154
592 292 4 61 61 61 1155
478 284 5 169 169 169 1156
382 354 4 235 235 235 1157
398 92 6 150 150 150 1158
222 64 4 150 150 150 1159
248 200 4 166 166 166 1160
578 492 5 10 10 10 1161
300 308 6 87 87 87 1162
304 368 4 213 213 213 1163
276 446 4 61 61 61 1164
178 370 5 242 242 242 1165
486 482 4 166 166 166 1166
322 304 7 72 72 72 1167
544 374 5 249 249 249 1168
464 208 4 93 93 93 1169
296 200 4 128 128 128 1170
598 402 4 92 92 92 1171
326 56 4 135 135 135 1172
282 426 4 146 146 146 1173
286 276 5 117 117 117 1174
314 482 4 161 161 161 1175
292 494 7 203 203 203 1176
274 278 4 106 106 106 1177
186 416 4 246 246 246 1178
200 216 4 29 29 29 1179
346 368 4 223 223 223 1180
486 100 7 162 162 162 1181
306 428 4 165 165 165 1182
62 272 4 222 222 222 1183
338 478 7 88 88 88 1184
506 494 4 32 32 32 1185
244 148 6 92 92 92 1186
408 192 4 142 142 142 1187
374 504 6 241 241 241 1188
594 324 4 0 0 0 1189
174 406 4 216 216 216 1190
354 274 6 86 86 86 1191
334 372 4 140 140 140 1192
400 180 5 77 77 77 1193
538 490 4 158 158 158 1194
518 230 5 120 120 120 1195
224 570 4 115 115 115 1196
380 202 7 126 126 126 1197
308 300 5 40 40 40 1198
444 382 4 219 219 219 1199
492 362 6 1 2 6 1200
436 176 7 57 57 57 1201
184 442 5 186 186 186 1202
606 414 4 40 40 40 1203
332 328 4 177 177 177 1204
348 310 9 82 82 82 1205
510 428 5 241 241 241 1206
294 242 4 179 179 179 1207
290 214 5 100 100 100 1208
540 314 4 175 175 175 1209
316 506 5 90 90 90 1210
398 38 4 86 86 86 1211
348 328 6 162 162 162 1212
530 30 4 15 15 15 1213
572 448 4 146 146 146 1214
268 410 6 221 221 221 1215
532 520 5 124 124 124 1216
366 200 6 147 147 147 1217
756 574 17 227 227 227 1218
760 364 6 54 54 54 1219
446 352 4 240 240 240 1220
566 442 4 159 159 159 1221
464 496 6 12 12 12 1222
496 390 5 20 25 24 1223
570 234 4 35 35 35 1224
534 510 5 86 86 86 1225
490 428 4 188 189 187 1226
352 518 5 17 17 17 1227
570 470 4 0 0 0 1228
466 172 4 55 55 55 1229
392 598 7 15 15 15 1230
208 516 4 148 148 148 1231
742 638 18 243 243 243 1232
184 406 5 248 248 248 1233
166 452 4 207 207 207 1234
694 540 6 77 77 77 1235
548 486 6 152 152 152 1236
538 334 5 169 169 169 1237
680 468 5 94 94 94 1238
580 436 6 138 138 138 1239
716 554 5 205 205 205 1240
382 344 5 191 191 191 1241
310 278 6 138 138 138 1242
352 432 4 43 43 43 1243
288 610 10 10 10 10 1244
498 506 5 202 202 202 1245
476 108 5 157 157 157 1246
114 238 5 245 245 245 1247
584 286 5 74 74 74 1248
410 394 6 154 154 154 1249
360 418 4 214 214 214 1250
532 414 4 209 209 209 1251
248 72 4 213 213 213 1252
572 212 6 49 49 49 1253
508 504 5 181 181 181 1254
494 180 5 51 51 51 1255
728 390 5 105 105 105 1256
756 608 15 241 241 241 1257
238 202 4 209 209 209 1258
536 144 4 64 64 64 1259
242 56 4 18 18 18 1260
368 42 6 124 124 124 1261
292 384 4 150 150 150 1262
662 246 6 45 45 45 1263
276 474 4 195 195 195 1264
42 400 4 140 140 140 1265
532 326 4 54 54 54 1266
524 624 5 18 18 18 1267
756 424 4 56 56 56 1268
506 158 4 80 80 80 1269
408 338 17 13 13 13 1270
408 38 4 92 92 92 1271
266 116 4 129 129 129 1272
508 78 6 17 17 17 1273
586 408 5 164 164 164 1274
180 350 4 255 255 255 1275
372 268 4 221 221 221 1276
150 244 4 0 0 0 1277
444 342 4 215 215 215 1278
444 332 5 219 219 219 1279
590 444 5 99 99 99 1280
148 456 5 247 247 247 1281
420 86 5 124 124 124 1282
670 488 4 91 91 91 1283
284 222 4 19 19 19 1284
332 450 6 185 185 185 1285
364 510 4 18 18 18 1286
418 546 6 86 86 86 1287
456 366 4 133 129 194 1288
418 176 7 43 43 43 1289
338 416 5 41 41 41 1290
606 370 5 59 59 59 1291
488 490 4 153 153 153 1292
572 480 4 120 120 120 1293
600 380 4 79 79 79 1294
304 504 4 184 184 184 1295
358 228 18 20 20 20 1296
232 578 4 112 112 112 1297
710 596 5 234 234 234 1298
198 26 6 18 18 18 1299
356 360 7 243 243 243 1300
552 214 5 28 28 28 1301
642 238 5 37 37 37 1302
538 398 4 216 216 216 1303
538 344 4 110 110 110 1304
348 446 6 73 73 73 1305
410 82 4 160 160 160 1306
192 464 4 245 245 245 1307
602 352 4 75 75 75 1308
470 380 12 24 24 84 1309
230 64 4 170 170 170 1310
452 358 4 37 29 143 1311
602 182 4 13 13 13 1312
496 38 4 17 17 17 1313
518 368 7 51 51 127 1314
178 78 4 5 5 5 1315
360 334 7 182 182 182 1316
328 396 6 107 107 107 1317
684 258 6 42 42 42 1318
448 534 4 41 41 41 1319
470 304 6 8 14 55 1320
600 420 4 27 27 27 1321
244 532 4 82 82 82 1322
502 434 4 225 225 225 1323
658 288 5 54 54 54 1324
596 636 17 42 42 42 1325
370 516 4 40 40 40 1326
684 150 6 13 13 13 1327
498 70 6 17 17 17 1328
432 506 4 163 163 163 1329
120 528 7 20 20 20 1330
234 266 4 108 108 108 1331
528 422 4 205 205 205 1332
116 486 8 16 16 16 1333
400 386 6 189 189 189 1334
264 104 4 6 6 6 1335
280 402 6 157 157 157 1336
202 490 4 226 226 226 1337
588 2 6 53 53 53 1338
396 316 8 121 121 121 1339
396 26 6 14 14 14 1340
606 324 5 0 0 0 1341
292 288 6 123 123 123 1342
366 464 5 8 8 8 1343
324 282 4 237 237 237 1344
502 306 12 36 36 82 1345
534 194 5 18 18 18 1346
498 338 7 58 46 146 1347
716 108 7 12 12 12 1348
646 148 14 27 27 27 1349
482 8 4 25 25 25 1350
482 318 6 24 24 84 1351
156 146 5 229 229 229 1352
210 202 5 57 57 57 1353
316 264 9 56 56 56 1354
382 268 5 228 228 228 1355
286 468 4 6 6 6 1356
708 606 4 232 232 232 1357
692 634 4 61 61 61 1358
190 66 4 87 87 87 1359
148 352 4 234 234 234 1360
666 368 4 52 52 52 1361
488 382 6 110 112 112 1362
148 228 4 6 6 6 1363
748 448 5 199 199 199 1364
738 226 9 7 7 7 1365
444 462 7 217 217 217 1366
338 560 4 197 197 197 1367
460 328 7 20 35 81 1368
710 414 4 156 156 156 1369
670 636 10 14 14 14 1370
508 288 6 206 202 208 1371
276 438 4 103 103 103 1372
514 400 6 31 21 51 1373
494 406 8 9 15 28 1374
716 272 4 37 37 37 1375
320 130 4 134 134 134 1376
354 380 6 232 232 232 1377
594 356 4 70 70 70 1378
320 202 8 86 86 86 1379
428 324 7 45 45 45 1380
448 112 4 0 0 0 1381
248 590 4 84 84 84 1382
364 496 6 18 18 18 1383
362 434 4 177 177 177 1384
630 378 4 76 76 76 1385
564 200 5 3 3 3 1386
562 122 9 17 17 17 1387
556 206 4 58 58 58 1388
534 406 4 226 226 226 1389
524 636 6 15 15 15 1390
410 372 7 23 23 23 1391
512 328 4 47 40 121 1392
506 354 10 36 36 82 1393
498 376 5 101 110 154 1394
270 424 5 137 137 137 1395
600 362 4 8 8 8 1396
624 114 7 38 38 38 1397
212 494 5 240 240 240 1398
480 398 8 29 24 85 1399
342 296 6 48 48 48 1400
480 350 4 36 36 82 1401
144 360 4 186 186 186 1402
624 230 5 42 42 42 1403
148 30 5 37 37 37 1404
422 296 4 86 86 86 1405
532 180 4 33 33 33 1406
198 64 4 84 84 84 1407
596 266 5 55 55 55 1408
154 18 8 30 30 30 1409
674 166 12 17 17 17 1410
600 28 4 25 25 25 1411
710 512 5 145 145 145 1412
414 316 5 24 24 24 1413
560 482 6 124 124 124 1414
566 606 4 26 26 26 1415
468 184 6 193 193 193 1416
358 426 4 89 89 89 1417
38 466 9 27 27 27 1418
304 198 4 0 0 0 1419
212 92 4 1 1 1 1420
456 342 7 200 198 255 1421
18 222 4 11 11 11 1422
338 402 6 43 43 43 1423
336 8 6 28 28 28 1424
672 334 4 55 55 55 1425
698 362 4 6 6 6 1426
482 358 4 179 183 184 1427
142 436 5 254 254 254 1428
48 182 5 17 17 17 1429
250 18 4 25 25 25 1430
602 8 8 36 36 36 1431
200 146 5 0 0 0 1432
188 604 12 26 26 26 1433
164 438 4 120 120 120 1434
662 562 7 72 72 72 1435
410 616 5 17 17 17 1436
598 410 4 46 46 46 1437
522 390 6 54 57 55 1438
390 36 4 91 91 91 1439
748 142 10 25 25 25 1440
528 358 7 36 36 82 1441
584 618 4 38 38 38 1442
580 608 6 24 24 24 1443
364 410 4 166 166 166 1444
574 10 10 38 38 38 1445
744 270 6 16 16 16 1446
728 422 5 96 96 96 1447
728 466 7 1 1 1 1448
540 202 4 59 59 59 1449
528 336 4 36 36 82 1450
518 304 4 111 115 103 1451
346 388 5 20 20 20 1452
118 40 9 28 28 28 1453
504 616 11 17 17 17 1454
494 14 5 16 16 16 1455
134 334 7 231 231 231 1456
142 506 7 0 0 0 1457
470 364 4 8 9 69 1458
158 504 4 156 156 156 1459
692 490 7 37 37 37 1460
618 600 4 29 29 29 1461
612 18 6 27 27 27 1462
432 4 8 16 16 16 1463
742 260 4 67 67 67 1464
26 164 5 0 0 0 1465
654 532 5 14 14 14 1466
388 382 6 143 143 143 1467
466 24 4 17 17 17 1468
470 164 4 88 88 88 1469
636 394 4 26 26 26 1470
702 528 4 3 3 3 1471
704 502 4 0 0 0 1472
668 342 4 0 0 0 1473
330 290 5 121 121 121 1474
712 306 4 5 5 5 1475
498 326 4 108 112 160 1476
714 318 5 41 41 41 1477
308 440 5 181 181 181 1478
410 384 4 78 78 78 1479
268 572 4 0 0 0 1480
268 456 5 26 26 26 1481
518 380 4 21 20 86 1482
598 106 4 15 15 15 1483
12 454 9 11 11 11 1484
320 454 6 18 18 18 1485
86 220 4 1 1 1 1486
728 142 6 26 26 26 1487
548 504 6 0 0 0 1488
358 260 8 36 36 36 1489
44 500 7 27 27 27 1490
620 24 4 15 15 15 1491
168 598 6 28 28 28 1492
164 496 5 175 175 175 1493
314 18 4 17 17 17 1494
316 240 7 87 87 87 1495
322 584 5 7 7 7 1496
324 436 10 70 70 70 1497
744 190 6 26 26 26 1498
616 86 8 17 17 17 1499
742 432 5 39 39 39 1500
52 456 7 16 16 16 1501
52 88 5 14 14 14 1502
594 592 10 27 27 27 1503
64 352 4 104 104 104 1504
68 58 5 17 17 17 1505
82 446 5 2 2 2 1506
90 514 5 17 17 17 1507
538 68 6 6 6 6 1508
724 410 4 1 1 1 1509
724 328 5 44 44 44 1510
14 176 5 7 7 7 1511
504 24 6 0 0 0 1512
122 552 9 24 24 24 1513
486 614 7 26 26 26 1514
480 180 6 40 40 40 1515
146 74 8 0 0 0 1516
154 50 6 18 18 18 1517
164 60 7 15 15 15 1518
452 618 6 24 24 24 1519
676 542 5 46 46 46 1520
674 566 5 70 70 70 1521
430 394 4 236 236 236 1522
750 252 5 41 41 41 1523
424 380 8 99 99 99 1524
662 96 5 17 17 17 1525
404 242 5 228 228 228 1526
654 104 6 12 12 12 1527
396 2 9 27 27 27 1528
650 598 4 1 1 1 1529
258 600 5 1 1 1 1530
364 118 4 0 0 0 1531
362 450 8 195 195 195 1532
630 628 10 26 26 26 1533
34 382 5 1 1 1 1534
36 372 4 153 153 153 1535
80 548 9 17 17 17 1536
84 566 9 2 2 2 1537
84 524 7 16 16 16 1538
112 20 5 26 26 26 1539
116 516 6 6 6 6 1540
134 560 5 17 17 17 1541
136 524 9 17 17 17 1542
164 46 4 14 14 14 1543
176 588 6 12 12 12 1544
184 622 6 36 36 36 1545
210 32 7 1 1 1 1546
232 52 7 0 0 0 1547
322 250 4 46 46 46 1548
340 604 5 0 0 0 1549
448 606 6 10 10 10 1550
472 606 6 24 24 24 1551
484 332 8 24 24 84 1552
492 596 6 16 16 16 1553
502 590 5 14 14 14 1554
554 12 10 27 27 27 1555
558 606 4 14 14 14 1556
560 508 6 17 17 17 1557
562 74 5 15 15 15 1558
566 154 4 0 0 0 1559
598 98 4 17 17 17 1560
614 102 8 28 28 28 1561
618 492 4 230 230 230 1562
624 532 4 6 6 6 1563
628 72 5 0 0 0 1564
630 14 10 16 16 16 1565
632 90 5 15 15 15 1566
644 126 5 40 40 40 1567
644 166 4 17 17 17 1568
654 128 5 25 25 25 1569
664 130 5 11 11 11 1570
670 288 4 54 54 54 1571
712 446 5 43 43 43 1572
732 340 4 60 60 60 1573
740 120 8 16 16 16 1574
752 340 5 32 32 32 1575
754 280 6 17 17 17 1576
758 56 10 26 26 26 1577
572 86 5 17 17 17 1578
684 638 4 1 1 1 1579
722 454 6 21 21 21 1580
744 288 6 38 38 38 1581
754 354 6 67 67 67 1582
276 4 6 16 16 16 1583
674 226 4 18 18 18 1584
672 498 4 78 78 78 1585
26 334 4 0 0 0 1586
752 328 6 6 6 6 1587
362 8 6 1 1 1 1588
238 572 4 100 100 100 1589
266 42 5 0 0 0 1590
332 42 6 0 0 0 1591
660 544 8 77 77 77 1592
412 12 8 17 17 17 1593
730 154 6 37 37 37 1594
218 16 8 27 27 27 1595
758 232 4 2 2 2 1596
730 356 4 30 30 30 1597
102 62 5 1 1 1 1598
654 184 7 14 14 14 1599
274 618 6 16 16 16 1600
164 610 6 37 37 37 1601
304 26 6 1 1 1 1602
548 538 7 16 16 16 1603
738 442 5 60 60 60 1604
752 222 5 53 53 53 1605
548 72 5 16 16 16 1606
100 518 5 11 11 11 1607
526 344 4 36 36 82 1608
548 38 8 19 19 19 1609
528 14 5 1 1 1 1610
100 40 8 17 17 17 1611
266 610 5 16 16 16 1612
246 516 4 8 8 8 1613
638 612 7 13 13 13 1614
60 504 9 17 17 17 1615
586 546 6 18 18 18 1616
726 186 10 27 27 27 1617
476 14 4 27 27 27 1618
260 32 7 19 19 19 1619
750 232 4 22 22 22 1620
628 602 6 7 7 7 1621
18 202 9 28 28 28 1622
748 418 6 65 65 65 1623
702 630 4 151 151 151 1624
258 16 4 27 27 27 1625
616 588 4 15 15 15 1626
202 620 9 23 23 23 1627
428 620 12 17 17 17 1628
580 558 5 0 0 0 1629
96 54 4 2 2 2 1630
48 110 8 17 17 17 1631
608 166 13 17 17 17 1632
600 214 7 2 2 2 1633
54 488 5 7 7 7 1634
592 146 12 17 17 17 1635
436 602 7 17 17 17 1636
592 532 9 16 16 16 1637
718 128 6 17 17 17 1638
60 84 4 16 16 16 1639
588 512 4 17 17 17 1640
240 34 4 16 16 16 1641
60 100 7 16 16 16 1642
506 2 11 17 17 17 1643
510 390 4 6 15 83 1644
572 624 9 38 38 38 1645
570 28 8 27 27 27 1646
4 170 6 6 6 6 1647
76 68 7 15 15 15 1648
106 508 5 17 17 17 1649
106 496 6 0 0 0 1650
742 406 5 81 81 81 1651
540 86 7 16 16 16 1652
538 102 5 0 0 0 1653
344 20 8 18 18 18 1654
714 146 7 13 13 13 1655
16 154 4 0 0 0 1656
260 6 4 27 27 27 1657
422 276 4 114 114 114 1658
422 394 4 69 69 69 1659
702 518 4 73 73 73 1660
728 132 4 17 17 17 1661
278 44 7 18 18 18 1662
436 58 4 1 1 1 1663
680 220 4 15 15 15 1664
26 176 6 16 16 16 1665
180 6 9 17 17 17 1666
180 20 4 16 16 16 1667
252 612 5 16 16 16 1668
28 222 6 16 16 16 1669
172 26 5 9 9 9 1670
652 606 4 0 0 0 1671
462 598 6 14 14 14 1672
466 10 5 27 27 27 1673
306 12 6 17 17 17 1674
634 570 5 1 1 1 1675
474 4 4 40 40 40 1676
632 38 6 0 0 0 1677
630 524 4 1 1 1 1678
624 156 5 27 27 27 1679
482 62 4 1 1 1 1680
614 38 11 17 17 17 1681
612 128 4 37 37 37 1682
490 628 7 25 25 25 1683
48 532 13 4 4 4 1684
748 108 6 0 0 0 1685
596 546 4 0 0 0 1686
270 24 5 16 16 16 1687
2 244 11 17 17 17 1688
388 610 5 17 17 17 1689
242 610 5 15 15 15 1690
724 300 4 7 7 7 1691
214 610 6 17 17 17 1692
758 154 5 17 17 17 1693
730 172 5 38 38 38 1694
448 8 6 17 17 17 1695
730 592 4 219 219 219 1696
158 578 7 18 18 18 1697
10 230 4 14 14 14 1698
148 528 4 0 0 0 1699
476 590 10 18 18 18 1700
142 588 6 17 17 17 1701
734 452 5 0 0 0 1702
136 540 6 14 14 14 1703
122 62 13 17 17 17 1704
740 52 8 38 38 38 1705
538 24 5 17 17 17 1706
86 144 6 3 3 3 1707
86 500 5 0 0 0 1708
742 246 4 19 19 19 1709
556 100 6 17 17 17 1710
568 548 4 18 18 18 1711
570 168 4 2 2 2 1712
572 68 6 0 0 0 1713
580 590 4 12 12 12 1714
598 198 4 0 0 0 1715
46 480 6 26 26 26 1716
44 10 34 16 16 16 1717
40 188 4 1 1 1 1718
624 182 5 1 1 1 1719
40 452 5 15 15 15 1720
644 626 4 15 15 15 1721
30 196 4 16 16 16 1722
666 112 8 16 16 16 1723
668 58 7 14 14 14 1724
670 184 6 16 16 16 1725
678 128 9 12 12 12 1726
686 198 5 18 18 18 1727
686 210 6 17 17 17 1728
754 296 6 43 43 43 1729
688 84 5 18 18 18 1730
688 178 6 0 0 0 1731
756 176 5 19 19 19 1732
756 188 6 27 27 27 1733
344 618 9 17 17 17 1734
228 612 8 0 0 0 1735
6 158 6 16 16 16 1736
84 30 10 0 0 0 1737
136 48 4 27 27 27 1738
322 612 4 0 0 0 1739
116 2 5 27 27 27 1740
584 92 8 0 0 0 1741
556 164 6 89 89 89 1742
744 68 8 27 27 27 1743
410 628 6 0 0 0 1744
378 606 5 17 17 17 1745
220 36 4 19 19 19 1746
622 218 5 0 0 0 1747
268 10 4 10 10 10 1748
586 566 4 1 1 1 1749
758 550 4 192 194 194 1750
636 198 6 1 1 1 1751
58 472 8 16 16 16 1752
638 592 8 17 17 17 1753
638 180 4 1 1 1 1754
638 538 7 14 14 14 1755
154 590 6 16 16 16 1756
642 90 4 16 16 16 1757
650 78 5 0 0 0 1758
758 416 4 0 0 0 1759
652 634 7 17 17 17 1760
244 42 4 16 16 16 1761
596 114 4 15 15 15 1762
178 56 7 0 0 0 1763
356 608 6 17 17 17 1764
24 446 5 17 17 17 1765
680 190 4 17 17 17 1766
580 508 4 17 17 17 1767
698 152 6 17 17 17 1768
204 8 8 18 18 18 1769
424 602 4 0 0 0 1770
492 24 5 18 18 18 1771
716 80 20 17 17 17 1772
606 56 5 0 0 0 1773
582 34 5 27 27 27 1774
756 484 4 209 209 209 1775
2 228 4 28 28 28 1776
380 8 8 18 18 18 1777
608 590 4 7 7 7 1778
446 22 6 0 0 0 1779
716 162 9 27 27 27 1780
368 608 5 15 15 15 1781
598 126 5 28 28 28 1782
34 132 14 0 0 0 1783
642 552 7 19 19 19 1784
644 188 4 1 1 1 1785
754 118 5 16 16 16 1786
754 208 9 18 18 18 1787
576 108 9 0 0 0 1788
334 232 6 40 40 40 1789
650 228 7 1 1 1 1790
332 22 4 15 15 15 1791
108 10 6 27 27 27 1792
562 136 4 0 0 0 1793
224 638 15 1 1 1 1794
110 636 20 14 14 14 1795
188 38 5 0 0 0 1796
758 130 5 13 13 13 1797
72 474 6 0 0 0 1798
656 8 6 1 1 1 1799
140 56 4 14 14 14 1800
606 122 4 26 26 26 1801
596 36 4 15 15 15 1802
344 636 8 17 17 17 1803
122 600 17 4 4 4 1804
694 142 4 1 1 1 1805
628 562 4 18 18 18 1806
148 2 4 22 22 22 1807
758 540 5 0 0 0 1808
128 6 6 37 37 37 1809
278 636 12 17 17 17 1810
278 30 5 0 0 0 1811
618 578 6 16 16 16 1812
400 622 6 16 16 16 1813
158 2 6 27 27 27 1814
464 32 4 3 3 3 1815
752 94 8 16 16 16 1816
664 44 7 17 17 17 1817
440 14 4 0 0 0 1818
680 76 6 17 17 17 1819
22 188 5 6 6 6 1820
300 4 4 16 16 16 1821
298 54 6 17 17 17 1822
204 634 5 5 5 5 1823
210 590 12 1 1 1 1824
292 26 6 0 0 0 1825
716 210 5 0 0 0 1826
548 598 8 18 18 18 1827
104 554 7 26 26 26 1828
556 550 5 17 17 17 1829
760 30 16 38 38 38 1830
562 58 8 0 0 0 1831
322 410 9 133 133 133 1832
295 473 6 35 35 35 1833
304 492 5 24 24 24 1834
273 487 7 215 215 215 1835
331 510 7 150 150 150 1836
394 502 7 197 197 197 1837
269 213 12 79 79 79 1838
608 282 5 22 22 22 1839
220 291 7 234 234 234 1840
243 250 5 204 204 204 1841
270 248 4 167 167 167 1842
285 238 5 241 241 241 1843
296 324 9 216 216 216 1844
269 580 4 159 159 159 1845
233 515 8 199 199 199 1846
162 427 4 227 227 227 1847
53 352 5 196 196 196 1848
144 238 4 102 102 102 1849
225 476 4 65 65 65 1850
337 277 9 36 36 36 1851
363 299 5 236 236 236 1852
355 198 5 34 34 34 1853
315 398 4 77 77 77 1854
283 416 5 144 144 144 1855
377 465 6 250 250 250 1856
428 364 4 103 103 103 1857
474 199 4 193 193 193 1858
454 176 6 33 33 33 1859
310 163 8 107 107 107 1860
330 383 7 42 42 42 1861
326 335 5 196 196 196 1862
335 315 4 72 72 72 1863
354 504 6 18 18 18 1864
600 275 4 13 13 13 1865
456 505 5 57 57 57 1866
381 492 4 193 193 193 1867
471 355 5 11 10 76 1868
481 293 4 31 26 81 1869
472 334 4 2 0 48 1870
357 463 4 47 47 47 1871
360 474 6 176 176 176 1872
360 485 4 159 159 159 1873
235 473 5 148 148 148 1874
226 549 4 99 99 99 1875
170 420 6 234 234 234 1876
Neighbours
0 :  1448 1460 1580
1 :  1594 1694
2 :  1397 1682
3 :  1404 1409 1809
4 :  1584 1599 1664 1725 1727 1728 1766 1790
5 :  1330 1513 1828
6 :  801 1447
7 :  1585 1660
8 :  1558 1578 1606 1652 1710
9 :  1477 1510
10 :  1573 1575 1582
11 :  1563 1755 1806
12 :  173 177 623
13 :  139 149 288 519 1127 1554 1827
14 :  469 483 1365 1826
15 :  586 1333 1650 1708 1798
16 :  35 46 99 345 1130 1352
17 :  35 46 89 151 1004 1130
18 :  38 47 81 83 585
19 :  490 1564 1677
20 :  517 592 604 1213 1313 1328 1508
21 :  39 42 80 980 1211 1439
22 :  1651
23 :  28 201 255 983 1420
24 :  64 1475 1691
25 :  30 33 62 195 361 464 609 1376
26 :  99 259 1432
27 :  58 207 214 382 817
28 :  23 132 152 201 415 862
29 :  47 74 446 1486
30 :  25 33 62 461
31 :  74 123 162 462 940
32 :  1463 1779 1818
33 :  25 30 137 153 361 904
34 :  1729
35 :  16 17 78 229 1130 1352
36 :  1348 1726
37 :  128 169 712
38 :  18 72 729 794 1039
39 :  21 51 56 456 1261
40 :  57 65 86 1116 1369
41 :  378 402 441 470 479 1470
42 :  21 56 174 1158 1306
43 :  156 185 213 349 854
44 :  233 576 768 1282
45 :  1662 1822 1825
46 :  16 17 81 585 1002 1130
47 :  18 29 83 431 572 1039 1486
48 :  86 97 112 164 1073
49 :  264 306 1480
50 :  107 136 144 340 1428
51 :  39 71 137 272
52 :  145 206 284 356 532
53 :  107 144 401 594
54 :  97 113 850 1129
55 :  1516 1704
56 :  39 42 71
57 :  40 277 606 977 1070 1256 1369
58 :  27 180 321 443 501
59 :  259 1432
60 :  77 176 337 395 611
61 :  94 247 289 468 1367 1496
62 :  25 30 138 1085 1376
63 :  120 379 472
64 :  24 119 419 452 1475 1571
65 :  40 164 297 470 1070
66 :  297 405 470 1385 1470
67 :  68 88 147 166 362 412
68 :  67 88 238 360 458
69 :  105 193 215 217 328
70 :  306 1322 1875
71 :  51 56 461
72 :  38 440 851
73 :  106 123 200 214 1504
74 :  29 31 98 446 454 940 1152 1183
75 :  235 357 455 888 1092
76 :  439 804 825 913 1181
77 :  60 228 337 455 493 611
78 :  35 89 265 354
79 :  204 313 580 589 827 838
80 :  21 1271
81 :  18 46 124 151 175 585
82 :  92 110 118 257 1178 1233
83 :  18 47 142 236 585 1002
84 :  1557 1603 1637 1711
85 :  230 267 471 645 692
86 :  40 48 112 164 1116 1238
87 :  128 161 169 255
88 :  67 68 244 362 422
89 :  17 78 1004
90 :  306 737 1589
91 :  242 290 299 320 358
92 :  82 110 118 244 422
93 :  776 977 1597
94 :  61 386 580 610 700
95 :  1407 1546 1796
96 :  1230 1436 1770
97 :  48 54 113 210 211 1073
98 :  74 454 462 628
99 :  16 26 168 229 1352
100 :  1312 1386 1712
101 :  109 1218 1696
102 :  118 244 425 1165
103 :  108 166 226 584 617 994
104 :  112 210 256 859 1283 1585
105 :  69 215
106 :  73 162 463 537
107 :  50 53 136 445
108 :  103 226 420 937 994
109 :  101 524 926 1218 1240 1750 1808
110 :  82 92 303
111 :  121 232 309 325 412
112 :  48 86 104 210 717 1073 1238 1283
113 :  54 97 210 578 1562
114 :  265 354 803
115 :  1149 1588 1777
116 :  267 282 428 491 541 561
117 :  392 807 1016 1339
118 :  82 92 102 244 886 1233
119 :  64 189 675 1318
120 :  63 146 707 891
121 :  111 147 412 447 853
122 :  165 184 322 423 652
123 :  31 73 183 287
124 :  81 151 175 1707
125 :  267 552 856 1249
126 :  143 155 280 1160 1258
127 :  143 198 338 438 667 863
128 :  37 87 161 265
129 :  190 266 273 523 629
130 :  1663
131 :  188 192 225 268 640 1331
132 :  28 527 862 1335
133 :  187 1663
134 :  326 385 447 853 890
135 :  449 460 499 503 635 688
136 :  50 107 180 186 346
137 :  33 51 153 272 658 1172
138 :  62 464 612 769 999 1085 1376 1860
139 :  13 1603
140 :  278 926 1009 1775
141 :  250 302 375 502 679
142 :  83 275 345 1002
143 :  126 127 155 438 653 821 1093
144 :  50 53 240 251 793 1281 1428
145 :  52 176 206 246 395
146 :  120 548 636 986
147 :  67 121 166 226 412 853
148 :  209 993 1109 1152
149 :  13 1127 1454
150 :  191 259 400 1115 1353
151 :  17 81 124 1707
152 :  28 560 862 973 1186
153 :  33 137 658 904
154 :  205 261 310 822 902
155 :  126 143 221 414 438 1186
156 :  43 253 376 512 1493
157 :  386 1496
158 :  276 548 636 732
159 :  1773
160 :  586 852 955 1501 1506
161 :  87 128 178 229 1432
162 :  31 106 209 463 528 940
163 :  1735 1824
164 :  48 65 86 402
165 :  122 598 652 689 1077
166 :  67 103 147 360
167 :  1590
168 :  99 191 259 345
169 :  37 87 752 1420
170 :  343 372 406 628 738
171 :  309 325 425 713 1029 1047 1275
172 :  216 550 768 1381
173 :  12 972 1541 1697
174 :  42 398 1282 1306
175 :  81 124 729
176 :  60 145 350 789 855
177 :  12 623
178 :  161 255 702 1432
179 :  331 498 718 744 1259
180 :  58 136 445 451
181 :  298 436 828 892 1531
182 :  365 367 383 655 1251
183 :  123 200 279 518
184 :  122 189 322 689 1263 1302
185 :  43 213 251 1068 1234 1281
186 :  136 281 451 581
187 :  133 709 739 1140
188 :  131 225 385 775
189 :  119 184 322 1263 1318
190 :  129 227 629 719 951
191 :  150 168 333 400 721
192 :  131 227 266 1331 1840
193 :  69 212 215 320 328 329
194 :  297 304 405 516 1361
195 :  25 361 609 1005 1043
196 :  294 487 598 689 1403
197 :  681 757 765 1045
198 :  127 338 609 769
199 :  279 281 581 681 747 1402
200 :  73 183 281 451 501
201 :  23 28 527 983 1049
202 :  241 250 515 679
203 :  845 1675
204 :  79 313 558 589 590 1227
205 :  154 264 301 363 736
206 :  52 145 395 601
207 :  27 222 1535
208 :  234 286 579 1653
209 :  148 162 434 940 1109 1183
210 :  97 104 112 113 859
211 :  97 378 850
212 :  193 329 1378
213 :  43 185 251 1493
214 :  27 73 501 1504
215 :  69 105 193 290 320 1168
216 :  172 550 723 767 1135
217 :  69 274 370
218 :  368 666 815
219 :  1633 1715 1719 1747 1751
220 :  237 698 1075 1669
221 :  155 259 414
222 :  207 537 691 811 1848
223 :  426 432 563 627 688 916
224 :  330 347 772 845 1104 1521
225 :  131 188 355 640 775 914
226 :  103 108 147 420
227 :  190 192 266 547 684
228 :  77 249 493 530 1012
229 :  35 99 161 1352
230 :  85 692 1334 1467
231 :  419 514 620 735 1066
232 :  111 433 447 1840
233 :  44 399 739 1140
234 :  208 669 718 864
235 :  75 467 637 995
236 :  83 275 431 567 742
237 :  220 292
238 :  68 323 422 458 513
239 :  284 356 795 871
240 :  144 1234 1281 1428 1434
241 :  202 403 1366
242 :  91 320 358 1148
243 :  1699
244 :  88 92 102 118 362 425
245 :  737 1382
246 :  145 789 897 1087
247 :  61 468 705 750 1496
248 :  701 832 861 1207 1495
249 :  228 352 783 1062 1095
250 :  141 202 375 428 491
251 :  144 185 213 793 1281
252 :  1680
253 :  156 366 512
254 :  474 588 899
255 :  23 87 178 415
256 :  104 859 1024
257 :  82 554 1011
258 :  387 404 444 919 985 989
259 :  26 59 150 168 221
260 :  325 332 433 570 1047
261 :  154 363 1835
262 :  318 436 697 942
263 :  1656 1783
264 :  49 205 306 310 396
265 :  78 114 128 354
266 :  129 192 227 351 1840
267 :  85 116 125 282 541
268 :  131 385 447 1840
269 :  349 745 854 1154 1307
270 :  289 381 396 468
271 :  1581
272 :  51 137 456 1172 1591
273 :  129 629 656
274 :  217 328 370 573 1020 1151
275 :  142 236 333 742
276 :  158 380 732 912
277 :  57 297 304 452 1070 1361 1426
278 :  140 1009 1364 1775
279 :  183 199 1360 1402 1456
280 :  126 1353
281 :  186 199 200 451
282 :  116 267 311 491
283 :  387 706 922 1142 1269
284 :  52 239 356 421 1526
285 :  353 1232 1257 1298 1357 1696
286 :  208 308 579 592 825
287 :  123 462 518
288 :  13 1829
289 :  61 270 766 827
290 :  91 215 746 1168
291 :  405 866 1291 1385
292 :  237 434 997 1688
293 :  1412 1472
294 :  196 487 773 858 1633
295 :  509 1562
296 :  317 346 747 927 1007
297 :  65 66 194 277 1361
298 :  181 828 1101 1158
299 :  91 358 365 367 944
300 :  378 850 1321
301 :  205 381 396 714 736
302 :  141 502 1098 1837
303 :  110 323 422 894
304 :  194 277 452 694 1361 1473
305 :  587 904 1081
306 :  49 70 90 264 310 564 1322
307 :  427 472 520 903
308 :  286 579 825 1181
309 :  111 171 325 362 412 425
310 :  154 264 306 1322 1613
311 :  282 403 491 500
312 :  672 676 1398 1846
313 :  79 204 558 766 827
314 :  601 603
315 :  818 926 1412
316 :  484 734 942 966 1003
317 :  296 886 1007 1190
318 :  262 576 1101 1135
319 :  962 966
320 :  91 193 215 242 599
321 :  58 443 445 809 955
322 :  122 184 189 423 664 1324
323 :  238 303 324 422 759
324 :  323 894 1006 1017
325 :  111 171 260 309 433 1047
326 :  134 420 624 853 1050
327 :  657 670 704
328 :  69 193 274 329 748
329 :  193 212 328 1100 1378
330 :  224 347 353 1104 1298 1357
331 :  179 744 1269
332 :  260 351 433 523 570 571
333 :  191 275 345 721 797
334 :  551 621 949
335 :  421 836 1153 1355
336 :  452 948 977 1426
337 :  60 77 350 530 649
338 :  127 198 438 542 973
339 :  341 494 722 774
340 :  50 346 1007 1428 1847
341 :  339 722 742 1363
342 :  347 524 1235 1240
343 :  170 372 459 662 900
344 :  578 934 1161 1293
345 :  16 142 168 333
346 :  136 296 340 581 747 1007
347 :  224 330 342
348 :  525 554 894
349 :  43 269 376 854 1337
350 :  176 337 649 855 887
351 :  266 332 433 523 1840
352 :  249 417 529 1012
353 :  285 330 943 1357 1624
354 :  78 114 265 803
355 :  225 408 640 1841
356 :  52 239 284 795 1026
357 :  75 611
358 :  91 242 299 944 1274
359 :  1713 1741
360 :  68 166 458 506
361 :  25 33 195 904 1043
362 :  67 88 244 309 412 425
363 :  205 261 736 1176
364 :  392 603 1658
365 :  182 299 367 383 478
366 :  253 376 884 1231
367 :  182 299 365 1303 1389
368 :  218 403 659 823
369 :  388 466 543 622
370 :  217 274 448 573 1209
371 :  591 616 685 879 974 1030
372 :  170 343 454 628 900
373 :  642 752 816 983 1420
374 :  534 544 923 1134
375 :  141 250 502 683 1856
376 :  156 349 366 672 1337
377 :  1678
378 :  41 211 300 402 479
379 :  63 384 437 519
380 :  276 505 1145
381 :  270 301 766
382 :  27 443 817 1265
383 :  182 365 631 869
384 :  379 437 472 520
385 :  134 188 268 447 890 1036
386 :  94 157 700 1496
387 :  258 283 404 495 665 919
388 :  369 462 466 628 738
389 :  670 673 685 823 867 974
390 :  666 815 1034 1054
391 :  460 503 583 906 1057
392 :  117 364 603 1016
393 :  525 554 758 1084 1133
394 :  418 468 750
395 :  60 145 206
396 :  264 270 301 418
397 :  432 635 841 1121
398 :  174 1140 1663
399 :  233 439 768 804 876
400 :  150 191 721 1115 1179
401 :  53 445 852 1506
402 :  41 164 378
403 :  241 311 368 500 659 1366
404 :  258 387 495 857 985
405 :  66 194 291 507 1385
406 :  170 593 662 1126
407 :  666 918 1366
408 :  355 663 686 833
409 :  610 865
410 :  701 832 1139 1208
411 :  476 530 596 649 1102
412 :  67 111 121 147 309 362
413 :  1424
414 :  155 221 560
415 :  28 255 560 702
416 :  1059 1125 1406
417 :  352 563 783 808 916
418 :  394 396 468
419 :  64 231 664 735
420 :  108 226 326 853 937 1050
421 :  284 335 871 1526
422 :  88 92 238 303 323
423 :  122 322 652 664 1058
424 :  474 724 1329
425 :  102 171 244 309 362 713
426 :  223 618 627 947
427 :  307 638 891 1033
428 :  116 250 561 687
429 :  731 750 1096
430 :  614 744 1406
431 :  47 236 572
432 :  223 397 563 635 688 841
433 :  232 260 325 332 351
434 :  209 292 528 1109
435 :  475 496 668 988
436 :  181 262 484 828 942
437 :  379 384 754
438 :  127 143 155 338 1186
439 :  76 399 804 1181 1246
440 :  72 794 851
441 :  41 479 1171
442 :  511 734 1003
443 :  58 321 382 557 809
444 :  258 526 919 1015
445 :  107 180 321 401 852
446 :  29 74 802 993 1075 1152
447 :  121 134 232 268 385
448 :  370 499 503 573 1028 1209
449 :  135 460 688 812 878
450 :  667 777 1103 1860
451 :  180 186 200 281 501
452 :  64 277 304 336 1425 1426 1473
453 :  533 575 639 807 1852
454 :  74 98 372
455 :  75 77 493 611 888 1156
456 :  39 272 1261
457 :  540 755 929 981
458 :  68 238 360 506 513 1080
459 :  343 567 572 1247 1849
460 :  135 391 449 812 1057
461 :  30 71 693 1531
462 :  31 98 287 388
463 :  106 162 528 537
464 :  25 138 609 769 1376
465 :  477 1157 1241
466 :  369 388 543 738 824
467 :  235 1405
468 :  61 247 270 394 418
469 :  14 1584
470 :  41 65 66 1470
471 :  85 1249 1334
472 :  63 307 384 891
473 :  486 760
474 :  254 424
475 :  435 492 631 860 988
476 :  411 596 649 677 703 887
477 :  465 625 1061 1300
478 :  365 847 869 944
479 :  41 378 441 1203
480 :  831
481 :  1559 1793
482 :  738 762 824
483 :  14 1375 1464
484 :  316 436 734 788 892 942
485 :  521 674 1478
486 :  473 760 898
487 :  196 294 598 858 1065
488 :  544 1006 1017
489 :  613 668 761 1030
490 :  19 680 1677
491 :  116 250 282 311
492 :  475 631 860 869 1221
493 :  77 228 455 1156
494 :  339 774 1126 1277
495 :  387 404 498 579
496 :  435 1119
497 :  875 908 991 1072
498 :  179 495 665 669 718
499 :  135 448 635
500 :  311 403 621 659
501 :  58 200 214 451
502 :  141 302 375 683 1867
503 :  135 391 448 573
504 :  1218 1257 1696
505 :  380 619
506 :  360 458 1080 1336
507 :  405 516 690 866
508 :  1414 1557
509 :  295 578 1161 1640 1767
510 :  1068 1133 1202
511 :  442 612 660
512 :  156 253 1459 1493
513 :  238 458 759 1215
514 :  231 694 1022
515 :  202 679 877 1074
516 :  194 507 694 1022
517 :  20 1213 1610
518 :  183 287 1456
519 :  13 379 986 1554 1700
520 :  307 384 605 903
521 :  485 834 844
522 :  1610 1643
523 :  129 332 351 656
524 :  109 342 818 1235 1240 1471
525 :  348 393 894 920 956
526 :  444 550 566 723 989
527 :  132 201 671 800 1049 1081
528 :  162 434 463
529 :  352 808 1102 1195
530 :  228 337 411 649 1012
531 :  1005 1272 1335
532 :  52 730 897 1026
533 :  453 575 695
534 :  374 544 957
535 :  543 570 571 824 870
536 :  668 879 988 1030
537 :  106 222 463 691
538 :  701 1123 1379
539 :  595 945 947 1224
540 :  457 861 929 981 1207
541 :  116 267 561 645
542 :  338 609 973 1005
543 :  369 466 535 622 870
544 :  374 488 534 923 957
545 :  798 979
546 :  1724 1758
547 :  227 684 696 1331
548 :  146 158 549 707
549 :  548 813 1287
550 :  172 216 526 723
551 :  334 856 893 901 1522
552 :  125 856
553 :  618 952 1053
554 :  257 348 393 996 1133
555 :  864 1259
556 :  795 1108 1197
557 :  443 809 1265
558 :  204 313 766 1082 1227 1836
559 :  728 760 874 987
560 :  152 414 415 702 1186
561 :  116 428 541 687
562 :  690 866
563 :  223 417 432 783 841 916
564 :  306 1090 1196 1589 1875
565 :  1067 1202 1234 1434
566 :  526 574 1015 1032
567 :  236 459 742 1363
568 :  1333 1457
569 :  1129 1280
570 :  260 332 535 571 870
571 :  332 535 570 656
572 :  47 431 459 1247
573 :  274 370 448 503 583 1151
574 :  566 723 819
575 :  453 533 603 695
576 :  44 318 978 1101
577 :  634 789 1087 1169
578 :  113 344 509 934 1129
579 :  208 286 308 495 669
580 :  79 94 785 827 1367
581 :  186 199 346 747
582 :  839 933
583 :  391 573 906
584 :  103 617 1094
585 :  18 46 81 83 1002
586 :  15 160 1506 1798
587 :  305 1081
588 :  254 741 899 1837
589 :  79 204 590 838
590 :  204 589 1326
591 :  371 613 880 974 984 1030
592 :  20 286 1273 1508 1652
593 :  406 648 762 1126
594 :  53 793
595 :  539 1053
596 :  411 476 661 703 941
597 :  1430 1595
598 :  165 196 487 1065
599 :  320
600 :  620 682 735
601 :  206 314 1658
602 :  684 696 763 782 908
603 :  314 364 392 575 695 1355
604 :  20 1508 1609 1831
605 :  520 903 907
606 :  57 1256 1509
607 :  639 807 924
608 :  654 682 1341
609 :  25 195 198 464 542
610 :  94 409 700 785
611 :  60 77 357 455
612 :  138 511 999 1085
613 :  489 591 761 984
614 :  430 831 1742
615 :  998 1336
616 :  371 685 879 1120 1323
617 :  103 584 1094
618 :  426 553 808 916 952 1053
619 :  505 969 1000
620 :  231 600 654 682 735 1066
621 :  334 500 657 949 1086
622 :  369 543 781 939 1456
623 :  12 177
624 :  326 890 1088
625 :  477 990 1111 1157
626 :  638 724 753 799 1319
627 :  223 426 632 688
628 :  98 170 372 388
629 :  129 190 273 719 826
630 :  822 902 958
631 :  383 475 492 655
632 :  627 878 945 947
633 :  943 1104 1370
634 :  577
635 :  135 397 432 499 688
636 :  146 158 912
637 :  235 995 1025 1092
638 :  427 626 753 799 1866
639 :  453 607 807 1852
640 :  131 225 355 1331 1841
641 :  1825
642 :  373 764 816 1159
643 :  1730
644 :  751 763 1063 1091 1150
645 :  85 541 692 1444
646 :  1187 1193 1289
647 :  714 766 1210 1836
648 :  593 774 826 1126
649 :  337 350 411 476 530
650 :  884 905 1131
651 :  732 740 1000 1287
652 :  122 165 423 1839
653 :  143 1093 1160
654 :  608 620 682 690 1066
655 :  182 631 791 1332
656 :  273 523 571 806
657 :  327 621 659 704 1086
658 :  137 153
659 :  368 403 500 657
660 :  511 693 788 1085
661 :  596 1014 1102 1195
662 :  343 406 1126 1277
663 :  408 833 911 1071
664 :  322 419 423 735 1058
665 :  387 498 1269
666 :  218 390 407 1051 1054
667 :  127 450 769 863 1860
668 :  435 489 536
669 :  234 498 579 718
670 :  327 389 867 1138 1226
671 :  527 1081 1252
672 :  312 376 1231 1398
673 :  389 815 974
674 :  485 1021
675 :  119 1375
676 :  312 814 822
677 :  476 678 703 887 1858
678 :  677 1858
679 :  141 202 515 1098
680 :  490 1565 1799
681 :  197 199 747 927 1402
682 :  600 608 620 654 1341
683 :  375 502 1867
684 :  227 547 602 951
685 :  371 389 616 867 974
686 :  408 911 1841
687 :  428 561 1532
688 :  135 223 432 449 627 635
689 :  165 184 196 1302 1403
690 :  507 562 654 1022
691 :  222 537 1586
692 :  85 230 645 771 1008
693 :  461 660 788
694 :  304 514 516 1473
695 :  533 575 603 932 1355
696 :  547 602 782 1841
697 :  262 720 767 846 1135
698 :  220 802 851
699 :  1405
700 :  94 386 610 1549 1764
701 :  248 410 538 1495
702 :  178 415 560
703 :  476 596 677 941
704 :  327 657 1086 1138
705 :  247 731
706 :  283 922 1142 1255
707 :  120 548 813 1319
708 :  1591
709 :  187 1680
710 :  909 953 1027 1199
711 :  1416 1858
712 :  37 752 1315
713 :  171 425 757 1165 1275
714 :  301 647 736 1210 1295
715 :  790 813 1287
716 :  1726 1805
717 :  112 1238 1283 1460
718 :  179 234 498 669
719 :  190 629 991 1041
720 :  697 846 942
721 :  191 333 400 722 797
722 :  339 341 721 756 797
723 :  216 526 550 574
724 :  424 626
725 :  730 1146
726 :  1194 1225 1488
727 :  970 1114 1217 1853
728 :  559 874 937 1844
729 :  38 175 794
730 :  532 725 897 1026
731 :  429 705 750 1244
732 :  158 276 651 1287
733 :  1549 1734 1739
734 :  316 442 484 788 1003
735 :  231 419 600 620 664
736 :  205 301 363 714 1176 1295
737 :  90 245 1382
738 :  170 388 466 482
739 :  187 233 804 1140
740 :  651 790 1000 1037 1287
741 :  588 899 930 969
742 :  236 275 341 567 797 1363
743 :  1598 1630 1648
744 :  179 331 430
745 :  269
746 :  290
747 :  199 296 346 581 681 927
748 :  328 1020 1100
749 :  787 834 842 1175
750 :  247 394 429 731
751 :  644 782 911 1063
752 :  169 373 712 816
753 :  626 638 1866
754 :  437 907 1117
755 :  457 1174
756 :  722 875 1072
757 :  197 713 1165 1275
758 :  393 837 920 1084 1154
759 :  323 513 1006
760 :  473 486 559 874
761 :  489 613 796
762 :  482 593 806
763 :  602 644 782 786
764 :  642 968 983 1049 1310
765 :  197 927 1165
766 :  289 313 381 558 647
767 :  216 697 846
768 :  44 172 399 876 1381
769 :  138 198 464 667 1860
770 :  1194
771 :  692 1008 1061 1377
772 :  224 1529 1671
773 :  294 1253 1633
774 :  339 494 648 1126
775 :  188 225 914 1177
776 :  93 1219 1582
777 :  450 992 1860
778 :  837 920 1874
779 :  935 1048 1379
780 :  1023 1220
781 :  622 870 1042 1122
782 :  602 696 751 763
783 :  249 417 563 841 1069
784 :  1559 1712
785 :  580 610 838
786 :  763 895 908 1091
787 :  749 834 1175 1833
788 :  484 660 693 734 892
789 :  176 246 577 855 1087
790 :  715 740 899 1037
791 :  655 879 975 988 1120
792 :  1248 1408 1865
793 :  144 251 594 1333
794 :  38 440 729
795 :  239 356 556 1108
796 :  761 1185
797 :  333 721 722 742
798 :  545 1089 1163 1262
799 :  626 638 891
800 :  527 1335
801 :  6 1572
802 :  446 698 1075
803 :  114 354 950 1516
804 :  76 399 439 739
805 :  814 1398
806 :  656 762 824
807 :  117 453 607 639 1339
808 :  417 529 618 916 952
809 :  321 443 557 955
810 :  1184 1285
811 :  222 997
812 :  449 460 878 1057
813 :  549 707 715
814 :  676 805 1850 1874
815 :  218 390 673 823
816 :  373 642 752 1159 1407
817 :  27 382 1534
818 :  315 524 1412 1471 1660
819 :  574 1032 1201
820 :  1108 1187 1193
821 :  143 863 1093
822 :  154 630 676 902 1613
823 :  368 389 815
824 :  466 482 535 806
825 :  76 286 308 1181 1273
826 :  629 648
827 :  79 289 313 580 1367
828 :  181 298 436 1101
829 :  1096 1530
830 :  1148 1294
831 :  480 614
832 :  248 410 1207 1284 1843
833 :  408 663 1838
834 :  521 749 787
835 :  966 1105 1114
836 :  335 1153 1276 1355
837 :  758 778 1154
838 :  79 589 785
839 :  582 849 941
840 :  954 1124 1143
841 :  397 432 563 783 1069
842 :  749
843 :  898 925
844 :  521 961 1164 1356
845 :  203 224 1529 1753
846 :  697 720 767 962
847 :  478 1106 1239
848 :  998 1076 1182
849 :  839 1014 1046 1059
850 :  54 211 300
851 :  72 440 698
852 :  160 401 445 955
853 :  121 134 147 326 420
854 :  43 269 349 1307
855 :  176 350 789 887 1169
856 :  125 551 552 1522 1659
857 :  404 985
858 :  294 487 1118
859 :  104 210 256
860 :  475 492 1044 1221
861 :  248 540 929 1495
862 :  28 132 152 973 1272
863 :  127 667 821
864 :  234 555 1259
865 :  409 1145 1230
866 :  291 507 562
867 :  389 670 685 1226 1323
868 :  1014 1046 1195
869 :  383 478 492 1221
870 :  535 543 570 781
871 :  239 421 1296
872 :  1668 1810
873 :  907 1117 1216
874 :  559 728 760
875 :  497 756 991 1041 1072
876 :  399 768 985 1246 1381
877 :  515 918 1079
878 :  449 632 812 1040
879 :  371 536 616 791 1030 1120
880 :  591 885 974
881 :  1315 1359 1763
882 :  1033 1034 1222 1292
883 :  1779
884 :  366 650 905
885 :  880 984 1166
886 :  118 317
887 :  350 476 677 855
888 :  75 455 1092 1156 1320 1869
889 :  1184 1864
890 :  134 385 624 1036 1088
891 :  120 427 472 799
892 :  181 484 788 1531
893 :  551 949
894 :  303 324 348 525 956
895 :  786 1091 1115 1179 1353
896 :  1244 1739 1810
897 :  246 532 730 1087
898 :  486 843 1052
899 :  254 588 741 790 969 1037
900 :  343 372 1247
901 :  551 953 1199 1522 1524
902 :  154 630 822 1835
903 :  307 520 605 1245
904 :  33 153 305 361
905 :  650 884
906 :  391 583 954
907 :  605 754 873 1117
908 :  497 602 786 951
909 :  710 1023 1220 1311
910 :  1403 1747
911 :  663 686 751 1063 1071
912 :  276 636 1636 1770
913 :  76 1328 1680
914 :  225 775 981
915 :  1105 1114
916 :  223 417 563 618 808
917 :  1751 1754 1785
918 :  407 877 1051 1079
919 :  258 387 444 1142
920 :  525 758 778 956
921 :  1624
922 :  283 706 1099 1269
923 :  374 544 1481
924 :  607 1141 1316
925 :  843 1052 1180 1300
926 :  109 140 315 1808
927 :  296 681 747 765
928 :  1001 1184
929 :  457 540 861 1354
930 :  741 1188
931 :  1124 1143
932 :  695 1276
933 :  582 1255
934 :  344 578 1129
935 :  779 1048 1137
936 :  1475 1477 1691
937 :  108 420 728 1844
938 :  1520
939 :  622 1042 1360 1456
940 :  31 74 162 209
941 :  596 703 839 1014
942 :  262 316 436 484 720
943 :  353 633 1104 1358 1370 1579
944 :  299 358 478 1106
945 :  539 632 947 1040 1118
946 :  1243 1290
947 :  426 539 632 945 1053
948 :  336 1597
949 :  334 621 893 1086
950 :  803 1147
951 :  190 684 908 991
952 :  553 618 808 1195
953 :  710 901 1027 1199 1524
954 :  840 906 1124 1155
955 :  160 321 809 852
956 :  525 894 920 1017
957 :  534 544 1017
958 :  630 1134
959 :  1296 1354 1489 1548 1851
960 :  1170
961 :  844 1264 1356
962 :  319 846 963 1289
963 :  962
964 :  1347 1401 1552
965 :  1006 1395
966 :  316 319 835 1003
967 :  1749
968 :  764 1252 1310
969 :  619 741 899 1037
970 :  727
971 :  1112 1266
972 :  173 1035
973 :  152 338 542 862 1272
974 :  371 389 591 673 685 880
975 :  791 1120 1206 1332
976 :  1271 1340 1593
977 :  57 93 336
978 :  576 1101 1158 1282 1306
979 :  545 1089
980 :  21 1149 1261 1439
981 :  457 540 914 1842
982 :  1242 1344
983 :  23 201 373 764 1420
984 :  591 613 885
985 :  258 404 857 876 989 1246
986 :  146 519 1700
987 :  559 994 1163
988 :  435 475 536 791
989 :  258 526 985
990 :  625 1083 1111 1270 1391
991 :  497 719 875 951 1041
992 :  777 999 1860
993 :  148 446 1152
994 :  103 108 987
995 :  235 637 1025
996 :  554 1011 1067 1133 1202
997 :  292 811
998 :  615 848
999 :  138 612 992
1000 :  619 651 740 1037
1001 :  928 1210
1002 :  46 83 142 585
1003 :  316 442 734 966
1004 :  17 89
1005 :  195 531 542
1006 :  324 488 759 965
1007 :  296 317 340 346 1190 1876
1008 :  692 771 1038 1444
1009 :  140 278 1448
1010 :  1538 1615 1684
1011 :  257 996 1067 1178
1012 :  228 352 530 1102
1013 :  1727 1728
1014 :  661 849 868 941
1015 :  444 566 1032
1016 :  117 392 1339
1017 :  324 488 956 957
1018 :  1206 1226 1323
1019 :  1224
1020 :  274 748 1151
1021 :  674 1076 1173
1022 :  514 516 690
1023 :  780 909 1027 1857
1024 :  256 1078 1466
1025 :  637 995 1279 1368
1026 :  356 532 730 1108 1187
1027 :  710 953 1023 1524 1857
1028 :  448 1209
1029 :  171 1047 1122 1275
1030 :  371 489 536 591 879
1031 :  1136 1162 1198 1342
1032 :  566 819 1015 1201 1859
1033 :  427 882
1034 :  390 882 1054 1166
1035 :  972 1804
1036 :  385 890 1088
1037 :  740 790 899 969 1000
1038 :  1008 1423
1039 :  38 47 1486
1040 :  878 945 1065 1118 1408
1041 :  719 875 991
1042 :  781 939 1045
1043 :  195 361
1044 :  860 1228
1045 :  197 1042
1046 :  849 868 1056 1059
1047 :  171 260 325 1029 1122
1048 :  779 935 1379
1049 :  201 527 764 1252
1050 :  326 420 1844
1051 :  666 918 1054
1052 :  898 925 1212 1300 1316
1053 :  553 595 618 947
1054 :  390 666 1034 1051 1222
1055 :  1167
1056 :  1046 1059 1346 1449
1057 :  391 460 812 1248
1058 :  423 664
1059 :  416 849 1046 1056 1346
1060 :  1633 1715
1061 :  477 771 1300 1377
1062 :  249 1069 1095
1063 :  644 751 911 1071 1150
1064 :  1146 1201
1065 :  487 598 1040
1066 :  231 620 654
1067 :  565 996 1011 1202
1068 :  185 510 1234
1069 :  783 841 1062 1371
1070 :  57 65 277
1071 :  663 911 1063 1838
1072 :  497 756 875 1179
1073 :  48 97 112
1074 :  515 1098 1329
1075 :  220 446 802
1076 :  848 1021 1173 1855
1077 :  165 1408
1078 :  1024 1466 1592
1079 :  877 918
1080 :  458 506 1215 1336
1081 :  305 527 587 671
1082 :  558 1227 1836
1083 :  990 1157 1241 1270
1084 :  393 758 1154 1307
1085 :  62 138 612 660
1086 :  621 657 704 949
1087 :  246 577 789 897
1088 :  624 890 1036 1136 1342
1089 :  798 979 1163
1090 :  564 1131 1196
1091 :  644 786 895
1092 :  75 637 888 1320
1093 :  143 653 821
1094 :  584 617 1262
1095 :  249 1062
1096 :  429 829 1244
1097 :  1268 1364
1098 :  302 679 1074
1099 :  922 1125 1255
1100 :  329 748 1189 1341
1101 :  298 318 576 828 978 1158
1102 :  411 529 661 1012
1103 :  450 1170 1419
1104 :  224 330 633 943
1105 :  835 915 1193
1106 :  847 944 1274
1107 :  1264 1835
1108 :  556 795 820 1026 1187
1109 :  148 209 434
1110 :  1815
1111 :  625 990 1467
1112 :  971 1392
1113 :  1301
1114 :  727 835 915
1115 :  150 400 895 1179 1353
1116 :  40 86 1572
1117 :  754 873 907
1118 :  858 945 1040
1119 :  496 1414
1120 :  616 791 879 975 1206
1121 :  397 1371 1451
1122 :  781 1029 1047
1123 :  538
1124 :  840 931 954 1143 1155
1125 :  416 1099
1126 :  406 494 593 648 662 774 1277
1127 :  13 149 1554
1128 :  1197 1217 1296
1129 :  54 569 578 934
1130 :  16 17 35 46
1131 :  650 1090 1875
1132 :  1191 1400 1851
1133 :  393 510 554 996 1202
1134 :  374 958
1135 :  216 318 697
1136 :  1031 1088 1162
1137 :  935
1138 :  670 704 1226
1139 :  410
1140 :  187 233 398 739
1141 :  924
1142 :  283 706 919 1469
1143 :  840 931 1124 1341
1144 :  1684
1145 :  380 865
1146 :  725 1064
1147 :  950 1315
1148 :  242 830 1171
1149 :  115 980 1340 1439 1777
1150 :  644 1063 1258
1151 :  274 573 1020
1152 :  74 148 446 993 1183
1153 :  335 836
1154 :  269 758 837 1084
1155 :  954 1124 1248
1156 :  455 493 888 1869
1157 :  465 625 1083 1241
1158 :  42 298 978 1101
1159 :  642 816 1310
1160 :  126 653 1258
1161 :  344 509
1162 :  1031 1136 1198 1844
1163 :  798 987 1089
1164 :  844 1372
1165 :  102 713 757 765
1166 :  885 1034 1292
1167 :  1055 1198
1168 :  215 290
1169 :  577 855
1170 :  960 1103 1419
1171 :  441 1148 1437
1172 :  137 272
1173 :  1021 1076 1395 1855
1174 :  755 1177 1342
1175 :  749 787
1176 :  363 736 1834
1177 :  775 1174
1178 :  82 1011 1233
1179 :  400 895 1072 1115
1180 :  925 1300
1181 :  76 308 439 825 1246
1182 :  848 1478
1183 :  74 209 1152
1184 :  810 889 928
1185 :  796 1254
1186 :  152 155 438 560
1187 :  646 820 1026 1108
1188 :  930 1286 1326 1383
1189 :  1100 1341
1190 :  317 1007 1233
1191 :  1132 1489 1851
1192 :  1861
1193 :  646 820 1105
1194 :  726 770 1236
1195 :  529 661 868 952
1196 :  564 1090 1297
1197 :  556 1128 1217
1198 :  1031 1162 1167
1199 :  710 901 953
1200 :  1393 1427
1201 :  819 1032 1064
1202 :  510 565 996 1067 1133
1203 :  479 1321 1437
1204 :  1862
1205 :  1212 1400 1863
1206 :  975 1018 1120 1323
1207 :  248 540 832 1843
1208 :  410 1284
1209 :  370 448 1028
1210 :  647 714 1001 1295
1211 :  21 1271 1340 1439
1212 :  1052 1205 1316
1213 :  20 517 1706
1214 :  1221
1215 :  513 1080 1336 1395
1216 :  873 1225
1217 :  727 1128 1197 1853
1218 :  101 109 504 1257 1750
1219 :  776 1582
1220 :  780 909 1278 1311 1421
1221 :  492 860 869 1214
1222 :  882 1054 1866
1223 :  1362 1374
1224 :  539 1019
1225 :  726 1216
1226 :  670 867 1018 1138
1227 :  204 558 1082 1864
1228 :  1044 1293
1229 :  1416 1469 1859
1230 :  96 865 1689
1231 :  366 672
1232 :  285 1257
1233 :  82 118 1178 1190
1234 :  185 240 565 1068
1235 :  342 524
1236 :  1194 1414
1237 :  1266 1304 1450
1238 :  86 112 717
1239 :  847 1280
1240 :  109 342 524
1241 :  465 1083 1157
1242 :  982 1354
1243 :  946 1384 1417
1244 :  731 896 1096 1600
1245 :  903 1254
1246 :  439 876 985 1181
1247 :  459 572 900
1248 :  792 1057 1155
1249 :  125 471 1334 1479 1659
1250 :  1417 1444
1251 :  182 1332 1389
1252 :  671 968 1049
1253 :  773 1386
1254 :  1185 1245
1255 :  706 933 1099 1515
1256 :  57 606
1257 :  285 504 1218 1232
1258 :  126 1150 1160
1259 :  179 555 864
1260 :  1547
1261 :  39 456 980
1262 :  798 1094
1263 :  184 189
1264 :  961 1107 1835
1265 :  382 557
1266 :  971 1237 1450
1267 :  1390
1268 :  1097 1623 1759
1269 :  283 331 665 922
1270 :  990 1083 1339 1380 1413
1271 :  80 976 1211
1272 :  531 862 973
1273 :  592 825 1328
1274 :  358 1106 1437
1275 :  171 713 757 1029
1276 :  836 932 1355
1277 :  494 662 1126 1849
1278 :  1220 1279 1421
1279 :  1025 1278
1280 :  569 1239
1281 :  144 185 240 251
1282 :  44 174 978 1306
1283 :  104 112 717 1585
1284 :  832 1208 1838
1285 :  810 1485 1497
1286 :  1188 1326 1864
1287 :  549 651 715 732 740
1288 :  1311
1289 :  646 962
1290 :  946 1423 1832
1291 :  291 1294 1396
1292 :  882 1166
1293 :  344 1228 1414
1294 :  830 1291
1295 :  714 736 1210 1834
1296 :  871 959 1128 1789
1297 :  1196 1589
1298 :  285 330 1357
1299 :  1546
1300 :  477 925 1052 1061 1180
1301 :  1113 1388
1302 :  184 689 1790
1303 :  367 1389
1304 :  1237
1305 :  1532
1306 :  42 174 978 1282
1307 :  269 854 1084
1308 :  1378 1396
1309 :  1362 1399 1458
1310 :  764 968 1159 1547
1311 :  909 1220 1288
1312 :  100 1632
1313 :  20
1314 :  1393 1441 1482
1315 :  712 881 1147
1316 :  924 1052 1212
1317 :  1423 1832 1854 1861
1318 :  119 189
1319 :  626 707
1320 :  888 1092
1321 :  300 1203 1437
1322 :  70 306 310
1323 :  616 867 1018 1206
1324 :  322 1571
1325 :  1442 1645
1326 :  590 1188 1286
1327 :  1410 1768 1805
1328 :  20 913 1273
1329 :  424 1074
1330 :  5 1540 1542
1331 :  131 192 547 640
1332 :  655 975 1251
1333 :  15 568 793 1650
1334 :  230 471 1249 1467 1479
1335 :  132 531 800
1336 :  506 615 1080 1215 1855
1337 :  349 376 1398
1338 :  1431 1445
1339 :  117 807 1016 1270
1340 :  976 1149 1211 1439
1341 :  608 682 1100 1143 1189
1342 :  1031 1088 1174
1343 :  1532 1856 1871 1872
1344 :  982 1474 1851
1345 :  1371 1451
1346 :  1056 1059 1449
1347 :  964 1393 1476 1552
1348 :  36 1772
1349 :  1567 1568 1569
1350 :  1618 1676
1351 :  1552
1352 :  16 35 99 229
1353 :  150 280 895 1115
1354 :  929 959 1242 1548
1355 :  335 603 695 836 1276
1356 :  844 961 1833
1357 :  285 330 353 1298
1358 :  943 1579 1624
1359 :  881 1407
1360 :  279 939 1402
1361 :  194 277 297 304
1362 :  1223 1309 1394
1363 :  341 567 742 1849
1364 :  278 1097 1604
1365 :  14 1605 1620
1366 :  241 403 407
1367 :  61 580 827
1368 :  1025 1421 1870
1369 :  40 57
1370 :  633 943 1579 1760
1371 :  1069 1121 1345
1372 :  1164
1373 :  1438 1644
1374 :  1223 1399
1375 :  483 675
1376 :  25 62 138 464
1377 :  771 1061 1452
1378 :  212 329 1308 1396
1379 :  538 779 1048
1380 :  1270
1381 :  172 768 876
1382 :  245 737
1383 :  1188 1864 1873
1384 :  1243 1417
1385 :  66 291 405
1386 :  100 1253 1388
1387 :  1788 1793
1388 :  1301 1386
1389 :  367 1251 1303
1390 :  1267
1391 :  990 1479 1524
1392 :  1112
1393 :  1200 1314 1347
1394 :  1362
1395 :  965 1173 1215
1396 :  1291 1308 1378
1397 :  2 1561
1398 :  312 672 805 1337
1399 :  1309 1374
1400 :  1132 1205 1474
1401 :  964 1427 1868
1402 :  199 279 681 1360
1403 :  196 689 910 1747
1404 :  3 1409
1405 :  467 699
1406 :  416 430
1407 :  95 816 1359
1408 :  792 1040 1077 1865
1409 :  3 1404 1814
1410 :  1327 1725 1731
1411 :  1681 1802
1412 :  293 315 818 1472 1660
1413 :  1270
1414 :  508 1119 1236 1293
1415 :  1556
1416 :  711 1229 1515
1417 :  1243 1250 1384
1418 :  1501 1716 1720
1419 :  1103 1170
1420 :  23 169 373 983
1421 :  1220 1278 1368
1422 :  1669 1698
1423 :  1038 1290 1317 1832
1424 :  413 1654
1425 :  452 1473
1426 :  277 336 452
1427 :  1200 1401 1868
1428 :  50 144 240 340
1429 :  1718
1430 :  597 1625
1431 :  1338 1462
1432 :  26 59 161 178
1433 :  1492 1544 1545 1627 1824
1434 :  240 565 1847
1435 :  1521 1592
1436 :  96 1628 1744 1813
1437 :  1171 1203 1274 1321
1438 :  1373 1482 1644
1439 :  21 980 1149 1211 1340
1440 :  1693 1797
1441 :  1314 1608
1442 :  1325 1443 1645
1443 :  1442 1645
1444 :  645 1008 1250
1445 :  1338 1555 1646
1446 :  1464 1576
1447 :  6
1448 :  0 1009 1580 1702
1449 :  1056 1346
1450 :  1237 1266 1608
1451 :  1121 1345
1452 :  1377
1453 :  1611 1704
1454 :  149 1514 1683
1455 :  1512 1643 1771
1456 :  279 518 622 939
1457 :  568 1542
1458 :  1309 1868
1459 :  512 1493
1460 :  0 717
1461 :  1621
1462 :  1431 1491 1565 1681
1463 :  32 1695 1818
1464 :  483 1446 1523
1465 :  1665
1466 :  1024 1078 1592
1467 :  230 1111 1334
1468 :  1815
1469 :  1142 1229
1470 :  41 66 470
1471 :  524 818 1660
1472 :  293 1412
1473 :  304 452 694 1425
1474 :  1344 1400 1851
1475 :  24 64 936 1477
1476 :  1347 1552
1477 :  9 936 1475
1478 :  485 1182 1497
1479 :  1249 1334 1391 1524
1480 :  49 1845
1481 :  923
1482 :  1314 1438
1483 :  1560 1762
1484 :  1765
1485 :  1285 1497
1486 :  29 47 1039
1487 :  1594 1655 1661
1488 :  726 1557
1489 :  959 1191
1490 :  1615
1491 :  1462 1565 1681
1492 :  1433 1544 1601
1493 :  156 213 512 1459
1494 :  1602 1674
1495 :  248 701 861 1548
1496 :  61 157 247 386
1497 :  1285 1478 1485
1498 :  1617 1733
1499 :  1561 1566
1500 :  1604
1501 :  160 1418 1720 1752
1502 :  1639 1642
1503 :  1714 1778
1504 :  73 214 1848
1505 :  1648
1506 :  160 401 586
1507 :  1538 1607
1508 :  20 592 604 1606
1509 :  606
1510 :  9
1511 :  1647 1665
1512 :  1455 1771
1513 :  5 1541 1703 1828
1514 :  1454 1551 1683
1515 :  1255 1416
1516 :  55 803
1517 :  1518 1543
1518 :  1517 1543 1763
1519 :  1550
1520 :  938 1592
1521 :  224 1435
1522 :  551 856 901 1524 1659
1523 :  1464 1709
1524 :  901 953 1027 1391 1479 1522 1659
1525 :  1527 1723
1526 :  284 421
1527 :  1525 1723
1528 :  1593 1777
1529 :  772 845 1671 1753
1530 :  829 1612 1668
1531 :  181 461 892
1532 :  687 1305 1343 1871
1533 :  1614 1721
1534 :  817 1535
1535 :  207 1534
1536 :  1537
1537 :  1536
1538 :  1010 1507
1539 :  1792
1540 :  1330 1649
1541 :  173 1513
1542 :  1330 1457 1699 1703
1543 :  1517 1518
1544 :  1433 1492
1545 :  1433 1627
1546 :  95 1299 1595 1746
1547 :  1260 1310
1548 :  959 1354 1495
1549 :  700 733 1734
1550 :  1519 1636
1551 :  1514 1672 1700
1552 :  964 1347 1351 1476 1870
1553 :  1554 1700
1554 :  13 519 1127 1553
1555 :  1445
1556 :  1415 1827
1557 :  84 508 1488
1558 :  8 1713 1831
1559 :  481 784
1560 :  1483 1741
1561 :  1397 1499
1562 :  113 295
1563 :  11 1678
1564 :  19
1565 :  680 1462 1491
1566 :  1499 1757
1567 :  1349 1569
1568 :  1349
1569 :  1349 1567 1570
1570 :  1569 1726
1571 :  64 1324
1572 :  801 1116 1580
1573 :  10
1574 :  1685 1786
1575 :  10 1582 1587
1576 :  1446 1581
1577 :  1705 1743 1830
1578 :  8 1741
1579 :  943 1358 1370
1580 :  0 1448 1572 1702
1581 :  271 1576 1729
1582 :  10 776 1219 1575
1583 :  1748
1584 :  4 469 1664
1585 :  7 104 1283
1586 :  691
1587 :  1575
1588 :  115
1589 :  90 564 1297
1590 :  167 1619 1662
1591 :  272 708
1592 :  1078 1435 1466 1520
1593 :  976 1528
1594 :  1 1487 1780
1595 :  597 1546 1769
1596 :  1605 1620
1597 :  93 948
1598 :  743 1630 1704
1599 :  4 1725 1785
1600 :  1244 1612 1810
1601 :  1492
1602 :  1494 1674 1825
1603 :  84 139 1829
1604 :  1364 1500 1702
1605 :  1365 1596 1620 1787
1606 :  8 1508
1607 :  1507 1649
1608 :  1441 1450
1609 :  604
1610 :  517 522
1611 :  1453 1630 1737
1612 :  1530 1600
1613 :  310 822 1846
1614 :  1533 1621
1615 :  1010 1490 1634
1616 :  1629 1637 1686
1617 :  1498 1694
1618 :  1350 1673 1676
1619 :  1590 1687
1620 :  1365 1596 1605
1621 :  1461 1614 1753
1622 :  1722 1820
1623 :  1268 1651 1759
1624 :  353 921 1358
1625 :  1430 1657
1626 :  1778 1812
1627 :  1433 1545 1692 1823
1628 :  1436 1636 1744 1770
1629 :  1616 1749
1630 :  743 1598 1611
1631 :  1642
1632 :  1312 1635 1679
1633 :  219 294 773 1060
1634 :  1615 1716 1752
1635 :  1632
1636 :  912 1550 1628 1770
1637 :  84 1616 1686
1638 :  1661
1639 :  1502
1640 :  509 1767
1641 :  1761
1642 :  1502 1631
1643 :  522 1455
1644 :  1373 1438
1645 :  1325 1442 1443
1646 :  1445 1774
1647 :  1511 1736
1648 :  743 1505
1649 :  1540 1607 1650
1650 :  15 1333 1649
1651 :  22 1623
1652 :  8 592
1653 :  208
1654 :  1424 1791
1655 :  1487 1780
1656 :  263 1736
1657 :  1625 1748
1658 :  364 601
1659 :  856 1249 1522 1524
1660 :  7 818 1412 1471
1661 :  1487 1638
1662 :  45 1590 1811
1663 :  130 133 398
1664 :  4 1584 1728
1665 :  1465 1511 1820
1666 :  1667
1667 :  1666 1670
1668 :  872 1530 1690
1669 :  220 1422
1670 :  1667
1671 :  772 1529
1672 :  1551 1700
1673 :  1618 1676
1674 :  1494 1602 1821
1675 :  203 1806
1676 :  1350 1618 1673
1677 :  19 490 1681
1678 :  377 1563
1679 :  1632
1680 :  252 709 913
1681 :  1411 1462 1491 1677 1802
1682 :  2 1801
1683 :  1454 1514
1684 :  1010 1144
1685 :  1574 1786 1816
1686 :  1616 1637
1687 :  1619 1811
1688 :  292 1698 1776
1689 :  1230 1745
1690 :  1668 1735
1691 :  24 936
1692 :  1627 1735 1824
1693 :  1440
1694 :  1 1617 1780
1695 :  1463 1779 1818
1696 :  101 285 504
1697 :  173 1756
1698 :  1422 1688 1776
1699 :  243 1542
1700 :  519 986 1551 1553 1672
1701 :  1756 1804
1702 :  1448 1580 1604
1703 :  1513 1542
1704 :  55 1453 1598 1738 1800
1705 :  1577 1743
1706 :  1213
1707 :  124 151
1708 :  15
1709 :  1523
1710 :  8
1711 :  84 1829
1712 :  100 784
1713 :  359 1558 1831
1714 :  1503
1715 :  219 1060
1716 :  1418 1634 1752
1717 :  1737
1718 :  1429
1719 :  219
1720 :  1418 1501
1721 :  1533 1760
1722 :  1622 1820
1723 :  1525 1527 1726
1724 :  546 1817
1725 :  4 1410 1599 1766
1726 :  36 716 1570 1723
1727 :  4 1013 1728 1766
1728 :  4 1013 1664 1727
1729 :  34 1581
1730 :  643 1772 1819
1731 :  1410
1732 :  1733
1733 :  1498 1732
1734 :  733 1549 1764 1803
1735 :  163 1690 1692 1794
1736 :  1647 1656
1737 :  1611 1717
1738 :  1704 1800
1739 :  733 896
1740 :  1792 1809
1741 :  359 1560 1578 1788
1742 :  614
1743 :  1577 1705 1772
1744 :  1436 1628 1813
1745 :  1689 1781
1746 :  1546
1747 :  219 910 1403
1748 :  1583 1657
1749 :  967 1629
1750 :  109 1218 1808
1751 :  219 917 1785
1752 :  1501 1634 1716 1798
1753 :  845 1529 1621
1754 :  917 1785
1755 :  11 1784
1756 :  1697 1701
1757 :  1566
1758 :  546
1759 :  1268 1623
1760 :  1370 1721
1761 :  1641
1762 :  1483 1782
1763 :  881 1518
1764 :  700 1734 1781
1765 :  1484
1766 :  4 1725 1727
1767 :  509 1640
1768 :  1327 1805
1769 :  1595
1770 :  96 912 1628 1636
1771 :  1455 1512
1772 :  1348 1730 1743
1773 :  159
1774 :  1646
1775 :  140 278
1776 :  1688 1698
1777 :  115 1149 1528
1778 :  1503 1626
1779 :  32 883 1695 1818
1780 :  1594 1655 1694
1781 :  1745 1764
1782 :  1762 1801
1783 :  263
1784 :  1755
1785 :  917 1599 1751 1754
1786 :  1574 1685 1797
1787 :  1605
1788 :  1387 1741
1789 :  1296
1790 :  4 1302
1791 :  1654
1792 :  1539 1740
1793 :  481 1387
1794 :  1735 1823
1795 :  1804
1796 :  95
1797 :  1440 1786
1798 :  15 586 1752
1799 :  680
1800 :  1704 1738
1801 :  1682 1782
1802 :  1411 1681
1803 :  1734
1804 :  1035 1701 1795
1805 :  716 1327 1768
1806 :  11 1675
1807 :  1814
1808 :  109 926 1750
1809 :  3 1740
1810 :  872 896 1600
1811 :  1662 1687
1812 :  1626
1813 :  1436 1744
1814 :  1409 1807
1815 :  1110 1468
1816 :  1685
1817 :  1724
1818 :  32 1463 1695 1779
1819 :  1730
1820 :  1622 1665 1722
1821 :  1674
1822 :  45
1823 :  1627 1794
1824 :  163 1433 1692
1825 :  45 641 1602
1826 :  14
1827 :  13 1556
1828 :  5 1513
1829 :  288 1603 1711
1830 :  1577
1831 :  604 1558 1713
1832 :  1290 1317 1423 1854
1833 :  787 1356
1834 :  1176 1295
1835 :  261 902 1107 1264
1836 :  558 647 1082
1837 :  302 588
1838 :  833 1071 1284
1839 :  652 1865
1840 :  192 232 266 268 351
1841 :  355 640 686 696
1842 :  981
1843 :  832 1207
1844 :  728 937 1050 1162
1845 :  1480
1846 :  312 1613
1847 :  340 1434 1876
1848 :  222 1504
1849 :  459 1277 1363
1850 :  814 1874
1851 :  959 1132 1191 1344 1474
1852 :  453 639
1853 :  727 1217
1854 :  1317 1832
1855 :  1076 1173 1336
1856 :  375 1343
1857 :  1023 1027
1858 :  677 678 711
1859 :  1032 1229
1860 :  138 450 667 769 777 992
1861 :  1192 1317
1862 :  1204
1863 :  1205
1864 :  889 1227 1286 1383
1865 :  792 1408 1839
1866 :  638 753 1222
1867 :  502 683
1868 :  1401 1427 1458
1869 :  888 1156
1870 :  1368 1552
1871 :  1343 1532 1872
1872 :  1343 1871 1873
1873 :  1383 1872
1874 :  778 814 1850
1875 :  70 564 1131
1876 :  1007 1847
