706 472 15 144 144 144 0
740 164 7 55 55 55 1
728 432 5 130 130 130 2
682 514 18 196 196 196 3
712 330 7 68 68 68 4
742 346 7 77 77 77 5
146 160 12 211 211 211 6
120 138 11 235 235 235 7
98 188 11 201 201 201 8
392 52 11 147 147 147 9
754 396 11 114 114 114 10
222 104 9 139 139 139 11
712 290 10 60 60 60 12
314 114 13 221 221 221 13
190 156 8 145 145 145 14
58 380 9 204 204 204 15
240 114 10 115 115 115 16
90 238 15 253 253 253 17
336 102 12 206 206 206 18
80 302 14 246 246 246 19
316 90 10 169 169 169 20
742 308 10 70 70 70 21
142 134 11 237 237 237 22
182 96 9 158 158 158 23
78 198 10 197 197 197 24
370 60 12 162 162 162 25
692 420 14 169 168 170 26
630 408 10 72 72 72 27
398 74 10 200 200 200 28
176 478 9 254 254 254 29
434 94 8 218 218 218 30
122 162 11 239 239 239 31
104 212 13 236 236 236 32
650 448 12 178 178 178 33
270 558 11 214 214 214 34
128 426 10 249 249 249 35
350 76 13 163 163 163 36
418 228 9 195 195 195 37
108 446 10 228 228 228 38
610 460 8 111 111 111 39
378 82 11 197 197 197 40
708 394 15 130 131 129 41
74 392 10 234 234 234 42
210 154 7 130 130 130 43
456 246 9 181 181 181 44
326 570 11 209 209 209 45
334 126 10 143 143 143 46
474 552 9 239 239 239 47
686 308 21 67 67 67 48
672 402 12 90 90 90 49
642 384 10 64 64 64 50
240 366 10 253 253 253 51
248 384 8 245 245 245 52
556 348 8 251 251 251 53
232 536 10 156 156 156 54
362 96 10 167 167 167 55
68 214 8 173 173 173 56
78 346 12 235 235 235 57
82 270 16 246 246 246 58
454 284 8 230 230 230 59
484 84 9 162 162 162 60
472 258 8 192 192 192 61
138 114 8 221 221 221 62
354 546 8 165 165 165 63
412 50 9 148 148 148 64
100 166 10 201 201 201 65
196 410 7 235 235 235 66
122 194 11 223 223 223 67
388 406 7 237 237 237 68
678 448 15 190 190 190 69
194 116 9 202 202 202 70
228 384 11 248 248 248 71
122 118 8 231 231 231 72
250 568 8 153 153 153 73
568 390 8 234 234 234 74
210 400 9 242 242 242 75
726 370 12 96 96 96 76
344 578 8 174 174 174 77
630 460 11 173 173 173 78
104 278 7 239 239 239 79
170 156 11 171 171 171 80
722 576 16 219 219 219 81
192 376 7 239 239 239 82
276 364 9 251 251 251 83
656 494 9 207 207 207 84
62 326 12 253 253 253 85
106 424 9 245 245 245 86
286 348 7 255 255 255 87
736 548 15 197 197 197 88
212 416 7 241 241 241 89
222 328 9 248 248 248 90
660 472 13 211 211 211 91
614 478 10 190 190 190 92
162 98 7 163 163 163 93
396 436 9 242 242 242 94
390 304 5 190 190 190 95
194 394 8 237 237 237 96
688 276 11 63 63 63 97
458 546 8 190 190 190 98
242 328 9 255 255 255 99
630 268 8 54 54 54 100
94 326 12 240 240 240 101
86 156 7 176 176 176 102
414 408 8 230 230 230 103
240 188 12 222 222 222 104
276 158 10 171 171 171 105
176 114 9 225 225 225 106
196 274 7 230 230 230 107
430 50 8 126 126 126 108
240 276 7 223 223 223 109
254 104 7 110 110 110 110
446 54 8 126 126 126 111
258 314 8 254 254 254 112
552 286 6 153 153 153 113
118 406 11 235 235 235 114
326 72 10 129 129 129 115
322 146 11 93 93 93 116
740 492 15 204 204 204 117
400 478 6 234 234 234 118
140 184 9 199 199 199 119
262 176 12 187 187 187 120
132 450 12 248 248 248 121
436 236 8 186 186 186 122
252 348 10 254 254 254 123
48 266 7 228 228 228 124
200 194 7 238 238 238 125
100 146 9 194 194 194 126
248 132 9 93 93 93 127
308 72 7 175 175 175 128
264 510 8 242 242 242 129
242 166 10 118 118 118 130
178 498 9 209 209 209 131
428 566 7 165 165 165 132
186 134 10 196 196 196 133
54 302 11 252 252 252 134
662 424 12 129 129 129 135
616 258 8 49 49 49 136
258 366 7 253 253 253 137
180 176 8 141 141 141 138
202 98 10 137 137 137 139
134 268 8 172 172 172 140
192 346 8 247 247 247 141
438 114 8 148 148 148 142
420 70 10 175 175 175 143
82 172 8 180 180 180 144
452 230 7 141 141 141 145
206 136 7 156 156 156 146
524 146 7 114 114 114 147
96 400 11 233 233 233 148
376 114 8 105 105 105 149
542 420 6 218 218 218 150
114 342 11 217 217 217 151
644 254 11 51 51 51 152
160 464 9 249 249 249 153
116 386 8 216 216 216 154
460 60 7 101 101 101 155
254 282 6 237 237 237 156
666 264 12 52 52 52 157
200 258 7 223 223 223 158
182 194 8 217 217 217 159
224 276 7 235 235 235 160
572 356 8 237 237 237 161
652 366 9 60 60 60 162
292 112 8 185 185 185 163
610 234 9 47 47 47 164
164 364 5 197 197 197 165
288 144 8 154 154 154 166
136 370 9 251 251 251 167
98 358 11 220 220 220 168
238 96 8 91 91 91 169
418 470 8 221 221 221 170
354 530 7 161 161 161 171
280 518 9 203 203 203 172
422 246 9 222 222 222 173
46 366 7 203 203 203 174
528 108 8 153 153 153 175
50 282 9 247 247 247 176
636 484 12 220 220 220 177
622 442 8 92 92 92 178
586 360 5 171 171 171 179
158 482 9 226 226 226 180
68 366 8 212 212 212 181
556 366 9 249 249 249 182
430 128 7 169 169 169 183
554 332 6 238 238 238 184
460 460 5 196 196 196 185
222 172 10 114 114 114 186
38 352 9 186 186 186 187
538 264 6 157 157 157 188
672 586 13 95 95 95 189
254 268 7 209 209 209 190
270 348 7 255 255 255 191
214 266 7 232 232 232 192
488 256 7 176 176 176 193
164 134 9 218 218 218 194
640 322 6 54 54 54 195
224 310 9 244 244 244 196
448 84 8 144 144 144 197
536 122 8 148 148 148 198
444 296 7 225 225 225 199
136 208 8 247 247 247 200
244 400 8 239 239 239 201
394 218 6 194 194 194 202
154 444 8 247 247 247 203
430 456 7 238 238 238 204
582 388 6 204 204 204 205
208 380 9 247 247 247 206
256 584 9 115 115 115 207
438 220 6 139 139 139 208
310 582 7 181 181 181 209
304 238 5 154 154 154 210
502 260 6 184 184 184 211
402 462 9 235 235 235 212
142 470 9 224 224 224 213
180 514 7 186 186 186 214
404 516 5 199 199 199 215
212 120 9 174 174 174 216
654 510 7 216 216 216 217
198 424 7 240 240 240 218
476 138 8 171 171 171 219
200 174 12 128 128 128 220
190 318 6 247 247 247 221
274 500 5 232 232 232 222
400 128 7 177 177 177 223
270 536 10 231 231 231 224
156 114 9 214 214 214 225
210 280 7 237 237 237 226
400 416 8 238 238 238 227
238 292 9 242 242 242 228
200 474 6 248 248 248 229
306 548 8 203 203 203 230
734 284 5 40 40 40 231
340 56 9 113 113 113 232
182 276 6 230 230 230 233
568 324 7 216 216 216 234
150 200 8 248 248 248 235
414 576 9 167 167 167 236
684 374 14 68 68 68 237
752 466 13 214 214 214 238
132 352 9 221 221 221 239
220 194 8 245 245 245 240
116 368 9 229 229 229 241
412 428 8 250 250 250 242
494 158 7 66 66 66 243
402 230 7 230 230 230 244
726 610 14 227 227 227 245
514 98 9 179 179 179 246
112 314 9 248 248 248 247
324 548 9 214 214 214 248
554 382 7 245 245 245 249
620 372 8 51 51 51 250
596 226 7 48 48 48 251
156 394 6 212 212 212 252
662 382 9 67 67 67 253
388 102 7 157 157 157 254
562 404 7 230 230 230 255
606 432 6 63 63 63 256
296 524 7 222 222 222 257
398 490 5 212 212 212 258
226 420 6 238 238 238 259
668 356 8 56 56 56 260
250 548 11 185 185 185 261
486 524 7 209 209 209 262
500 106 7 221 221 221 263
212 346 9 250 250 250 264
254 526 8 217 217 217 265
428 436 7 241 241 241 266
224 502 7 227 227 227 267
340 536 7 158 158 158 268
404 264 8 241 241 241 269
726 516 11 212 211 213 270
382 148 6 97 97 97 271
170 396 6 217 217 217 272
408 116 7 218 218 218 273
402 162 6 85 85 85 274
572 374 8 245 245 245 275
72 412 8 179 179 179 276
646 278 10 52 52 52 277
240 416 8 238 238 238 278
238 430 6 235 235 235 279
202 330 8 246 246 246 280
272 320 7 254 254 254 281
470 432 6 212 212 212 282
572 340 7 226 226 226 283
586 348 6 163 163 163 284
694 600 11 222 222 222 285
518 158 6 104 104 104 286
192 302 7 240 240 240 287
166 196 8 235 235 235 288
442 408 5 235 235 235 289
388 254 7 240 240 240 290
708 356 8 62 62 62 291
472 242 7 160 160 160 292
270 142 7 144 144 144 293
168 236 5 179 179 179 294
148 422 10 249 249 249 295
158 228 5 143 143 143 296
700 556 11 221 221 221 297
130 252 7 153 153 153 298
582 480 6 139 139 139 299
160 180 9 183 183 183 300
142 402 10 244 244 244 301
694 578 10 225 225 225 302
214 432 5 238 238 238 303
192 484 6 238 238 238 304
466 230 6 123 123 123 305
206 296 7 247 247 247 306
508 250 5 154 154 154 307
702 618 8 231 231 231 308
148 100 7 179 179 179 309
254 254 6 195 195 195 310
406 216 6 193 193 193 311
440 274 9 234 234 234 312
578 400 6 206 206 206 313
262 380 6 255 255 255 314
300 98 7 204 204 204 315
220 364 10 251 251 251 316
284 504 5 203 203 203 317
412 282 9 246 246 246 318
556 416 6 213 213 213 319
196 520 8 168 168 168 320
546 408 6 232 232 232 321
458 448 7 219 219 219 322
138 312 9 198 198 198 323
552 320 6 224 224 224 324
508 454 6 205 205 205 325
118 262 6 223 223 223 326
212 82 6 115 115 115 327
388 472 7 230 230 230 328
196 502 9 186 186 186 329
618 424 8 68 68 68 330
490 556 7 242 242 242 331
398 574 7 177 177 177 332
308 532 7 207 207 207 333
50 394 5 155 155 155 334
552 428 6 201 201 201 335
494 540 6 219 219 219 336
254 296 7 247 247 247 337
334 588 6 174 174 174 338
492 142 8 131 131 131 339
126 296 10 240 240 240 340
486 448 6 203 203 203 341
472 472 6 171 171 171 342
568 292 6 153 153 153 343
400 294 7 222 222 222 344
206 446 5 222 222 222 345
290 572 7 175 175 175 346
440 252 8 217 217 217 347
290 540 9 239 239 239 348
438 68 6 165 165 165 349
460 94 7 83 83 83 350
190 208 8 169 169 169 351
92 438 7 204 204 204 352
638 426 9 84 84 84 353
442 444 9 232 232 232 354
488 128 6 188 188 188 355
636 368 7 57 57 57 356
150 266 6 178 178 178 357
448 474 5 172 172 172 358
256 242 6 202 202 202 359
372 586 7 170 170 170 360
300 220 5 140 140 140 361
492 232 6 131 131 131 362
232 346 10 253 253 253 363
228 156 7 111 111 111 364
226 128 7 143 143 143 365
524 184 5 51 51 51 366
518 256 5 170 170 170 367
290 558 6 210 210 210 368
652 310 10 53 53 53 369
276 334 7 254 254 254 370
388 238 8 215 215 215 371
228 404 8 246 246 246 372
626 284 8 65 65 65 373
428 518 6 195 195 195 374
202 362 8 248 248 248 375
544 254 5 135 135 135 376
474 520 5 172 172 172 377
388 452 7 238 238 238 378
286 590 6 123 123 123 379
530 170 6 107 107 107 380
124 216 6 242 242 242 381
532 274 5 160 160 160 382
204 314 8 244 244 244 383
34 290 8 216 216 216 384
384 126 6 143 143 143 385
504 550 7 213 213 213 386
258 154 8 136 136 136 387
474 96 5 154 154 154 388
56 202 6 144 144 144 389
612 398 10 64 64 64 390
364 158 6 93 93 93 391
60 402 7 163 163 163 392
464 148 7 52 52 52 393
88 420 9 213 213 213 394
68 248 9 239 239 239 395
242 310 8 249 249 249 396
548 306 7 205 205 205 397
558 274 5 138 138 138 398
300 174 6 107 107 107 399
100 380 8 201 201 201 400
688 346 14 60 62 62 401
376 300 6 210 210 210 402
106 264 6 220 220 220 403
468 276 7 209 209 209 404
354 46 8 107 107 107 405
294 264 5 193 193 193 406
260 394 7 241 241 241 407
128 236 9 125 125 125 408
354 114 9 118 118 118 409
104 296 10 249 249 249 410
40 322 10 203 203 203 411
308 134 7 174 174 174 412
372 352 5 224 224 224 413
146 296 8 165 165 165 414
430 290 8 239 239 239 415
306 566 9 198 198 198 416
650 402 9 75 75 75 417
482 538 6 230 230 230 418
318 360 6 236 236 236 419
416 516 6 200 200 200 420
486 220 6 106 106 106 421
370 362 5 214 214 214 422
566 422 5 194 194 194 423
154 280 5 168 168 168 424
376 136 6 90 90 90 425
324 350 5 250 250 250 426
596 240 5 50 50 50 427
250 440 5 217 217 217 428
524 470 6 188 188 188 429
412 446 9 242 242 242 430
556 442 5 190 190 190 431
480 270 6 185 185 185 432
502 126 8 183 183 183 433
198 232 5 207 207 207 434
514 136 6 125 125 125 435
544 294 5 168 168 168 436
442 428 6 242 242 242 437
84 374 9 198 198 198 438
388 486 5 217 217 217 439
558 298 5 167 167 167 440
740 592 7 232 232 232 441
388 562 7 159 159 159 442
272 390 5 243 243 243 443
630 356 6 44 44 44 444
188 452 5 238 238 238 445
352 156 6 76 76 76 446
168 508 5 181 181 181 447
256 406 5 243 243 243 448
648 334 7 57 57 57 449
424 484 6 176 176 176 450
644 352 6 49 49 49 451
124 326 6 238 238 238 452
498 528 5 194 194 194 453
302 456 6 221 221 221 454
194 288 7 240 240 240 455
712 538 10 204 204 204 456
218 442 5 220 220 220 457
452 140 7 101 101 101 458
254 88 7 102 102 102 459
34 306 7 220 220 220 460
512 240 5 142 142 142 461
486 244 5 168 168 168 462
274 108 9 142 142 142 463
420 212 5 163 163 163 464
168 302 7 208 208 208 465
528 456 5 187 187 187 466
46 338 7 206 206 206 467
318 216 5 124 124 124 468
294 252 5 204 204 204 469
384 424 7 248 248 248 470
278 128 7 138 138 138 471
154 310 7 210 210 210 472
304 388 5 160 160 160 473
226 260 6 226 226 226 474
440 556 8 115 115 115 475
444 128 6 105 105 105 476
428 416 6 244 244 244 477
538 232 5 101 101 101 478
202 436 5 232 232 232 479
548 148 8 72 72 72 480
392 200 5 187 187 187 481
48 408 6 145 145 145 482
340 522 6 141 141 141 483
302 350 6 244 244 244 484
232 142 7 113 113 113 485
380 438 7 244 244 244 486
614 348 5 45 45 45 487
526 264 5 183 183 183 488
232 560 9 111 111 111 489
172 442 6 192 192 192 490
448 154 6 82 82 82 491
138 224 6 85 85 85 492
180 310 6 248 248 248 493
180 298 5 229 229 229 494
116 228 5 239 239 239 495
562 310 7 193 193 193 496
434 152 6 86 86 86 497
384 290 6 229 229 229 498
420 104 9 248 248 248 499
596 478 7 170 170 170 500
512 114 7 164 164 164 501
350 562 8 166 166 166 502
132 386 7 209 209 209 503
114 178 6 173 173 173 504
368 540 7 108 108 108 505
368 526 6 127 127 127 506
508 466 5 174 174 174 507
162 266 5 203 203 203 508
112 464 6 170 170 170 509
498 222 5 126 126 126 510
606 248 5 48 48 48 511
586 374 5 197 197 197 512
422 264 8 241 241 241 513
222 240 6 193 193 193 514
394 278 9 251 251 251 515
506 518 5 171 171 171 516
294 128 8 180 180 180 517
360 580 6 152 152 152 518
456 264 8 208 208 208 519
338 156 7 69 69 69 520
544 170 7 93 93 93 521
294 402 6 185 185 185 522
508 442 5 204 204 204 523
536 244 6 138 138 138 524
386 550 5 183 183 183 525
450 416 5 247 247 247 526
150 326 8 203 203 203 527
278 308 5 228 228 228 528
450 522 5 176 176 176 529
120 276 8 235 235 235 530
186 264 6 215 215 215 531
546 438 5 194 194 194 532
558 256 5 123 123 123 533
538 284 6 164 164 164 534
452 308 7 228 225 227 535
462 516 7 191 191 191 536
368 308 5 215 215 215 537
242 262 6 200 200 200 538
234 218 6 181 181 181 539
374 412 8 255 255 255 540
318 518 6 173 173 173 541
480 232 5 128 128 128 542
214 540 6 173 173 173 543
406 552 5 109 109 109 544
616 274 6 65 65 65 545
258 194 5 180 180 180 546
622 332 6 52 52 52 547
536 430 5 200 200 200 548
458 424 6 230 230 230 549
452 434 5 218 218 218 550
354 144 6 61 61 61 551
508 226 5 116 116 116 552
144 252 6 136 136 136 553
638 296 8 55 55 55 554
506 146 6 110 110 110 555
460 474 6 169 169 169 556
294 162 7 141 141 141 557
522 124 6 112 112 112 558
482 436 6 212 212 212 559
258 76 5 209 209 209 560
210 506 5 166 166 166 561
484 460 6 176 176 176 562
706 270 7 43 43 43 563
238 498 6 220 220 220 564
482 208 5 91 91 91 565
412 484 5 195 195 195 566
152 368 7 236 236 236 567
616 322 5 65 65 65 568
378 480 5 212 212 212 569
216 252 5 214 214 214 570
498 446 5 227 227 227 571
376 450 5 227 227 227 572
546 274 6 147 147 147 573
626 244 9 47 47 47 574
626 344 6 43 43 43 575
376 396 8 230 230 230 576
354 130 6 83 83 83 577
656 346 7 58 58 58 578
378 280 5 237 237 237 579
230 248 5 201 201 201 580
410 136 5 102 102 102 581
54 226 6 180 180 180 582
310 226 6 152 152 152 583
220 140 5 145 145 145 584
492 210 5 93 93 93 585
472 420 6 219 219 219 586
308 596 6 125 125 125 587
492 170 5 66 66 66 588
444 542 6 147 147 147 589
474 66 8 100 100 100 590
444 372 11 230 230 230 591
186 360 6 241 241 241 592
306 514 6 179 179 179 593
420 534 6 107 107 107 594
680 482 7 53 53 53 595
528 134 5 89 89 89 596
188 252 6 223 223 223 597
400 146 6 76 76 76 598
176 210 6 163 163 163 599
170 224 7 143 143 143 600
438 140 6 111 111 111 601
440 520 5 187 187 187 602
426 192 5 193 193 193 603
360 186 6 90 90 90 604
298 338 5 230 230 230 605
70 182 7 162 162 162 606
424 202 5 138 138 138 607
296 596 5 110 110 110 608
416 560 6 121 121 121 609
370 148 5 84 84 84 610
634 312 5 45 45 45 611
294 510 6 191 191 191 612
140 282 7 184 184 184 613
462 76 7 106 106 106 614
384 524 6 154 154 154 615
150 216 7 93 93 93 616
532 158 6 119 119 119 617
210 480 5 239 239 239 618
550 394 5 236 236 236 619
146 384 7 204 204 204 620
296 584 5 155 155 155 621
198 80 8 109 109 109 622
510 538 6 193 193 193 623
296 274 5 167 167 167 624
174 360 5 244 244 244 625
212 456 5 230 230 230 626
254 418 6 235 235 235 627
164 276 5 231 231 231 628
226 228 5 193 193 193 629
232 76 6 104 104 104 630
168 374 5 213 213 213 631
326 530 8 198 198 198 632
422 142 6 123 123 123 633
446 102 6 85 85 85 634
304 148 7 130 130 130 635
366 386 6 217 217 217 636
584 218 7 54 54 54 637
746 368 8 68 68 68 638
314 180 7 56 56 56 639
228 462 6 226 226 226 640
336 204 8 77 77 77 641
436 352 10 238 238 238 642
166 330 8 190 190 190 643
234 236 6 187 187 187 644
514 266 5 171 171 171 645
364 568 6 137 137 137 646
216 224 5 203 203 203 647
364 136 5 88 88 88 648
408 530 6 117 117 117 649
526 440 6 213 213 213 650
590 276 6 65 65 65 651
124 470 7 196 196 196 652
62 192 5 137 137 137 653
164 212 6 146 146 146 654
62 234 5 239 239 239 655
154 88 5 126 126 126 656
470 86 5 181 181 181 657
380 312 6 191 191 191 658
522 246 5 146 146 146 659
58 418 6 146 146 146 660
338 464 6 156 156 156 661
432 538 6 113 113 113 662
232 484 6 118 118 118 663
472 460 5 187 187 187 664
210 70 6 113 113 113 665
44 384 5 167 167 167 666
278 184 5 154 154 154 667
250 504 7 241 241 241 668
472 448 6 207 207 207 669
160 290 6 213 213 213 670
500 90 7 158 158 158 671
340 550 6 187 187 187 672
392 114 5 156 156 156 673
294 230 6 155 155 155 674
268 234 8 173 173 173 675
308 466 5 184 184 184 676
386 172 6 66 66 66 677
376 258 5 223 223 223 678
368 554 6 114 114 114 679
594 310 5 65 65 65 680
520 276 6 164 164 164 681
286 456 9 215 215 215 682
412 150 6 75 75 75 683
606 444 5 69 69 69 684
54 214 5 156 156 156 685
78 432 6 168 168 168 686
260 330 8 253 253 253 687
462 218 6 112 112 112 688
428 404 5 229 229 229 689
488 116 5 159 159 159 690
642 502 6 215 215 215 691
560 452 5 174 174 174 692
256 118 6 102 102 102 693
284 174 6 135 135 135 694
542 136 5 96 96 96 695
384 588 5 146 146 146 696
618 358 5 51 51 51 697
522 220 5 101 101 101 698
168 316 6 191 191 191 699
382 226 5 199 199 199 700
308 340 5 233 233 233 701
186 234 6 195 195 195 702
462 110 9 91 91 91 703
436 486 6 174 174 174 704
518 448 5 208 208 208 705
496 470 5 179 179 179 706
478 496 7 139 139 139 707
204 532 6 156 156 156 708
180 388 6 223 223 223 709
474 218 5 111 111 111 710
468 290 6 191 194 178 711
344 492 8 241 241 241 712
268 302 6 244 244 244 713
470 532 7 237 237 237 714
368 126 5 75 75 75 715
226 432 5 235 235 235 716
212 214 5 201 201 201 717
432 210 5 128 128 128 718
396 526 6 131 131 131 719
114 250 6 226 226 226 720
496 516 5 171 171 171 721
300 84 6 204 204 204 722
216 528 6 185 185 185 723
516 524 6 169 169 169 724
210 234 6 196 196 196 725
266 266 5 218 218 218 726
530 254 5 159 159 159 727
478 152 6 61 61 61 728
222 452 5 225 225 225 729
712 636 12 219 219 219 730
504 168 7 61 61 61 731
754 520 15 190 190 190 732
158 380 5 224 224 224 733
328 486 5 130 130 130 734
382 512 5 196 196 196 735
584 468 6 96 96 96 736
288 336 5 242 242 242 737
676 552 5 52 52 52 738
148 340 6 218 218 218 739
66 286 6 226 226 226 740
390 138 6 118 118 118 741
684 622 9 58 58 58 742
572 412 5 213 213 213 743
566 248 6 75 75 75 744
554 246 5 94 94 94 745
722 350 7 61 61 61 746
452 404 5 236 237 233 747
206 246 6 218 218 218 748
528 236 5 118 118 118 749
66 426 5 162 162 162 750
240 452 5 210 210 210 751
252 480 8 241 241 241 752
338 254 12 77 77 77 753
286 200 7 115 115 115 754
414 162 5 103 103 103 755
390 160 6 87 87 87 756
386 536 6 172 172 172 757
350 178 6 82 82 82 758
264 128 6 141 141 141 759
496 458 6 185 185 185 760
708 372 6 81 81 81 761
410 94 5 128 128 128 762
314 384 5 169 169 169 763
380 40 5 116 116 116 764
280 258 10 84 84 84 765
316 288 5 139 139 139 766
224 88 7 128 128 128 767
476 122 7 208 208 208 768
536 448 6 197 197 197 769
462 130 7 98 98 98 770
396 364 9 123 123 123 771
194 242 5 208 208 208 772
322 170 5 107 107 107 773
52 254 5 232 232 232 774
290 360 5 234 234 234 775
438 310 6 198 198 198 776
302 412 6 203 203 203 777
396 548 5 128 128 128 778
322 496 6 241 241 241 779
126 178 5 209 209 209 780
376 160 6 80 80 80 781
108 124 7 224 224 224 782
252 430 5 242 242 242 783
162 408 8 217 217 217 784
362 398 6 235 235 235 785
498 246 5 155 155 155 786
458 160 5 71 71 71 787
238 442 5 223 223 223 788
500 424 5 230 230 230 789
290 432 5 218 218 218 790
638 342 5 49 49 49 791
658 522 5 201 201 201 792
446 320 6 206 206 206 793
412 204 6 172 172 172 794
180 340 5 221 221 221 795
518 460 5 198 198 198 796
446 166 6 65 65 65 797
478 510 5 179 179 179 798
268 290 5 221 221 221 799
350 402 6 85 85 85 800
580 260 9 38 38 38 801
160 342 5 207 207 207 802
286 98 6 200 200 200 803
564 462 5 169 169 169 804
162 352 5 200 200 200 805
188 332 6 239 239 239 806
242 82 5 92 92 92 807
348 346 9 202 202 202 808
468 484 6 152 152 152 809
316 318 8 143 143 143 810
530 204 5 63 63 63 811
574 282 5 115 115 115 812
520 196 7 56 56 56 813
364 374 6 93 93 93 814
594 250 5 65 65 65 815
180 432 5 180 180 180 816
176 456 7 200 200 200 817
688 396 5 111 111 111 818
254 222 5 176 176 176 819
422 500 10 96 96 96 820
268 82 6 205 205 205 821
202 458 5 229 229 229 822
340 142 7 74 74 74 823
462 412 6 235 239 234 824
444 208 7 193 193 193 825
280 296 7 141 141 141 826
218 562 5 118 118 118 827
460 298 5 217 217 217 828
268 192 5 168 168 168 829
276 596 5 74 74 74 830
760 440 9 211 211 211 831
408 494 5 193 193 193 832
596 336 9 104 104 104 833
402 104 6 129 129 129 834
296 188 8 87 87 87 835
676 608 7 81 81 81 836
36 276 6 208 208 208 837
382 372 5 193 193 193 838
372 180 7 90 90 90 839
700 442 7 66 66 66 840
580 244 6 59 59 59 841
522 294 9 102 102 102 842
328 218 5 118 118 118 843
600 300 6 65 65 65 844
158 254 7 161 161 161 845
596 464 6 103 103 103 846
214 552 5 125 125 125 847
352 286 6 217 217 217 848
416 126 5 87 87 87 849
450 68 5 164 164 164 850
380 328 9 90 90 90 851
482 164 6 74 74 74 852
604 312 5 65 65 65 853
386 578 5 163 163 163 854
576 314 5 174 174 174 855
62 262 5 224 224 224 856
478 284 5 169 169 169 857
398 92 6 150 150 150 858
300 308 6 87 87 87 859
178 370 5 242 242 242 860
322 304 7 72 72 72 861
544 374 5 249 249 249 862
286 276 5 117 117 117 863
292 494 7 203 203 203 864
486 100 7 162 162 162 865
338 478 7 88 88 88 866
244 148 6 92 92 92 867
374 504 6 241 241 241 868
354 274 6 86 86 86 869
400 180 9 77 77 77 870
518 230 5 120 120 120 871
380 202 7 126 126 126 872
308 300 5 40 40 40 873
436 176 8 57 57 57 874
184 442 5 186 186 186 875
348 310 9 82 82 82 876
510 428 5 241 241 241 877
290 214 6 100 100 100 878
316 506 5 90 90 90 879
348 328 6 162 162 162 880
268 410 7 221 221 221 881
366 200 6 147 147 147 882
756 574 17 227 227 227 883
760 364 6 54 54 54 884
464 496 6 141 141 141 885
496 390 5 36 36 82 886
352 518 5 241 241 241 887
742 638 18 243 243 243 888
184 406 5 248 248 248 889
694 540 6 77 77 77 890
548 486 6 152 152 152 891
538 334 10 169 169 169 892
680 468 5 94 94 94 893
580 436 7 138 138 138 894
716 554 5 205 205 205 895
382 344 7 191 191 191 896
310 278 6 138 138 138 897
498 506 5 202 202 202 898
476 108 5 157 157 157 899
114 238 5 245 245 245 900
584 286 5 74 74 74 901
410 394 6 154 154 154 902
572 212 6 49 49 49 903
508 504 5 181 181 181 904
494 180 5 51 51 51 905
728 390 5 105 105 105 906
756 608 15 241 241 241 907
368 42 6 124 124 124 908
662 246 6 45 45 45 909
408 338 17 90 90 90 910
586 408 5 164 164 164 911
444 332 6 219 219 219 912
590 444 5 99 99 99 913
148 456 5 247 247 247 914
420 86 5 124 124 124 915
332 450 6 185 185 185 916
418 546 6 86 86 86 917
418 176 9 43 43 43 918
338 416 7 41 41 41 919
606 370 6 59 59 59 920
358 228 18 77 77 77 921
710 596 5 234 234 234 922
356 360 7 243 243 243 923
552 214 12 56 56 56 924
642 238 5 37 37 37 925
348 446 6 73 73 73 926
470 380 12 24 24 84 927
518 368 7 51 51 127 928
360 334 7 182 182 182 929
328 396 6 107 107 107 930
684 258 6 42 42 42 931
470 304 6 90 90 90 932
658 288 5 54 54 54 933
400 386 6 189 189 189 934
280 402 7 157 157 157 935
396 316 8 121 121 121 936
606 324 5 65 65 65 937
292 288 7 123 123 123 938
366 464 5 221 221 221 939
502 306 12 36 36 82 940
534 194 5 56 56 56 941
498 338 7 58 46 146 942
482 318 6 24 24 84 943
156 146 5 229 229 229 944
210 202 5 57 57 57 945
316 264 9 56 56 56 946
382 268 6 228 228 228 947
488 382 6 110 112 112 948
748 448 5 199 199 199 949
444 462 7 217 217 217 950
460 328 7 20 35 81 951
508 288 6 36 36 82 952
514 400 6 31 21 51 953
494 406 8 36 36 82 954
354 380 6 232 232 232 955
320 202 8 86 86 86 956
428 324 7 45 45 45 957
364 496 6 241 241 241 958
564 200 6 56 56 56 959
410 372 7 241 241 241 960
506 354 10 36 36 82 961
498 376 5 101 110 154 962
270 424 7 137 137 137 963
212 494 7 240 240 240 964
480 398 8 29 24 85 965
342 296 6 48 48 48 966
624 230 5 42 42 42 967
596 266 5 55 55 55 968
710 512 5 196 196 196 969
414 316 5 90 90 90 970
560 482 6 124 124 124 971
468 184 6 193 193 193 972
456 342 7 200 198 255 973
338 402 6 43 43 43 974
142 436 5 254 254 254 975
200 146 5 145 145 145 976
662 562 7 72 72 72 977
522 390 6 54 57 55 978
748 142 10 0 255 0 979
528 358 7 36 36 82 980
744 270 7 0 255 0 981
728 422 5 96 96 96 982
728 466 7 144 144 144 983
346 388 5 241 241 241 984
134 334 7 231 231 231 985
692 490 7 37 37 37 986
388 382 6 143 143 143 987
330 290 5 121 121 121 988
714 318 5 41 41 41 989
308 440 6 181 181 181 990
268 456 5 167 167 167 991
320 454 6 221 221 221 992
358 260 8 36 36 36 993
164 496 5 175 175 175 994
316 240 7 87 87 87 995
324 436 10 70 70 70 996
744 190 6 0 255 0 997
742 432 5 39 39 39 998
724 328 5 44 44 44 999
480 180 6 40 40 40 1000
676 542 5 46 46 46 1001
674 566 5 70 70 70 1002
750 252 11 41 41 41 1003
424 380 9 99 99 99 1004
404 242 5 228 228 228 1005
362 450 8 195 195 195 1006
484 332 8 24 24 84 1007
712 446 5 43 43 43 1008
752 340 5 0 255 0 1009
754 280 6 0 255 0 1010
758 56 10 0 255 0 1011
722 454 6 144 144 144 1012
744 288 6 38 38 38 1013
754 354 6 67 67 67 1014
752 328 6 0 255 0 1015
660 544 11 77 77 77 1016
730 154 7 37 37 37 1017
738 442 5 60 60 60 1018
752 222 5 53 53 53 1019
748 418 8 65 65 65 1020
742 406 5 196 196 196 1021
748 108 6 0 255 0 1022
758 154 5 0 255 0 1023
730 172 5 38 38 38 1024
734 452 5 144 144 144 1025
740 52 8 38 38 38 1026
754 296 6 43 43 43 1027
756 176 5 0 255 0 1028
756 188 6 0 255 0 1029
556 164 6 89 89 89 1030
754 118 5 0 255 0 1031
754 208 9 0 255 0 1032
334 232 6 40 40 40 1033
758 130 5 0 255 0 1034
758 540 5 0 255 0 1035
760 30 16 38 38 38 1036
322 410 9 133 133 133 1037
295 473 9 215 215 215 1038
304 492 5 203 203 203 1039
273 487 8 215 215 215 1040
331 510 8 150 150 150 1041
394 502 7 197 197 197 1042
269 213 12 79 79 79 1043
608 282 5 65 65 65 1044
220 291 7 234 234 234 1045
243 250 5 204 204 204 1046
285 238 6 241 241 241 1047
296 324 9 216 216 216 1048
233 515 8 199 199 199 1049
53 352 5 196 196 196 1050
337 277 9 36 36 36 1051
363 299 5 236 236 236 1052
355 198 5 34 34 34 1053
283 416 7 144 144 144 1054
377 465 6 250 250 250 1055
454 176 6 56 56 56 1056
310 163 8 107 107 107 1057
330 383 7 42 42 42 1058
326 335 8 196 196 196 1059
354 504 6 241 241 241 1060
456 505 5 57 57 57 1061
360 474 6 176 176 176 1062
235 473 5 148 148 148 1063
170 420 6 234 234 234 1064
516 330 12 36 36 82 1065
254 464 8 167 167 167 1066
269 470 8 216 216 216 1067
267 445 6 63 63 63 1068
281 438 5 71 71 71 1069
290 383 9 147 147 147 1070
304 368 10 213 213 213 1071
335 368 8 134 134 134 1072
355 429 12 132 132 132 1073
349 466 5 221 221 221 1074
335 325 5 90 90 90 1075
332 185 11 63 63 63 1076
247 211 8 35 35 35 1077
246 230 6 182 182 182 1078
174 248 8 169 169 169 1079
143 237 6 96 96 96 1080
442 501 9 141 141 141 1081
499 492 9 48 48 48 1082
491 356 5 36 36 82 1083
467 349 6 90 90 90 1084
481 359 5 222 227 230 1085
308 423 6 125 125 125 1086
314 398 5 91 91 91 1087
226 209 6 135 135 135 1088
184 223 5 158 158 158 1089
175 287 7 47 47 47 1090
174 265 6 187 187 187 1091
317 478 8 203 203 203 1092
520 410 5 198 199 197 1093
509 205 7 193 193 193 1094
448 195 6 193 193 193 1095
460 203 8 193 193 193 1096
493 190 5 56 56 56 1097
504 192 6 56 56 56 1098
324 467 5 102 102 102 1099
149 351 5 237 237 237 1100
156 241 6 169 169 169 1101
165 430 5 225 225 225 1102
189 467 7 254 254 254 1103
558 187 8 40 40 40 1104
545 185 5 75 75 75 1105
577 233 5 47 47 47 1106
566 234 6 47 47 47 1107
596 321 5 101 101 101 1108
582 328 7 195 195 195 1109
601 381 6 81 81 81 1110
596 354 5 171 171 171 1111
616 299 10 54 54 54 1112
662 329 7 56 56 56 1113
594 418 7 56 56 56 1114
568 440 5 116 116 116 1115
550 465 9 130 130 130 1116
525 482 5 159 159 159 1117
515 480 5 86 86 86 1118
516 493 8 61 61 61 1119
447 484 5 146 146 146 1120
295 444 5 113 113 113 1121
181 418 5 234 234 234 1122
197 219 5 204 204 204 1123
522 510 9 171 171 171 1124
530 497 6 171 171 171 1125
573 487 5 124 124 124 1126
717 431 6 106 106 106 1127
719 416 5 63 63 63 1128
481 196 7 56 56 56 1129
268 575 5 155 155 155 1130
387 191 5 44 44 44 1131
509 382 7 24 21 100 1132
479 345 5 222 228 235 1133
496 325 5 94 95 145 1134
520 312 6 154 152 158 1135
490 423 5 77 79 80 1136
463 363 6 24 24 84 1137
541 351 7 228 228 228 1138
268 278 6 212 212 212 1139
301 204 8 73 73 73 1140
217 467 6 163 163 163 1141
275 94 5 90 90 90 1142
169 85 7 56 56 56 1143
489 295 5 36 36 82 1144
510 413 5 89 83 78 1145
539 316 6 160 160 160 1146
438 390 7 249 249 249 1147
412 360 5 105 105 105 1148
362 512 5 134 134 134 1149
426 306 6 47 47 47 1150
595 399 7 134 134 134 1151
510 179 5 51 51 51 1152
361 169 5 63 63 63 1153
719 489 6 196 196 196 1154
726 274 7 60 60 60 1155
533 221 6 101 101 101 1156
502 277 6 36 36 82 1157
535 380 5 209 209 209 1158
534 410 6 70 70 70 1159
528 422 6 205 205 205 1160
455 394 5 235 235 235 1161
469 317 7 50 36 137 1162
540 396 5 194 194 194 1163
393 395 5 171 171 171 1164
364 322 5 167 167 167 1165
370 289 6 255 255 255 1166
365 271 5 210 210 210 1167
374 247 6 222 222 222 1168
308 250 5 86 86 86 1169
374 490 5 241 241 241 1170
255 493 5 238 238 238 1171
262 434 5 237 237 237 1172
72 228 5 219 219 219 1173
82 214 5 124 124 124 1174
555 236 5 138 138 138 1175
583 302 8 174 174 174 1176
625 385 5 59 59 59 1177
579 452 8 40 40 40 1178
675 332 5 50 50 50 1179
405 194 5 109 109 109 1180
339 169 6 63 63 63 1181
322 277 5 238 238 238 1182
535 476 6 203 203 203 1183
504 478 5 173 173 173 1184
565 266 5 124 124 124 1185
621 493 5 131 131 131 1186
406 504 5 197 197 197 1187
365 485 5 131 131 131 1188
627 322 5 41 41 41 1189
435 474 6 202 202 202 1190
485 479 8 87 87 87 1191
208 517 4 158 158 158 1192
466 170 7 62 62 62 1193
729 302 4 46 46 46 1194
728 313 4 47 47 47 1195
721 304 4 0 0 0 1196
Neighbours
0 :  983 986 1012 1154
1 :  1017 1024
2 :  982 1127
3 :  217 792 986
4 :  989 999
5 :  1009 1014
6 :  22 31 80 300 944
7 :  22 31 72 126 782
8 :  24 32 65 67 504
9 :  25 28 64 764
10 :  1021
11 :  16 139 169 216 767
12 :  48 1196
13 :  18 20 46 163 315 412 517
14 :  80 220 976
15 :  42 174 181 334 666
16 :  11 110 127 169 365 693
17 :  32 58 395 1173
18 :  13 20 46 409
19 :  58 101 134 410 740
20 :  13 18 115 128 315 722
21 :  1027 1194 1195
22 :  6 7 62 194 944
23 :  106 139 1143
24 :  8 56 606 653 1174
25 :  9 36 40 405 908
26 :  41 49 69 840
27 :  330 353 390 417
28 :  9 40 143 858
29 :  131 153 180 304 1103
30 :  197 499 634 915
31 :  6 7 65 504 780
32 :  8 17 67 381 495
33 :  69 78 91 135
34 :  73 224 261 368 1130
35 :  86 114 121 295 975
36 :  25 55 115 232
37 :  122 173 244 311 464
38 :  86 121 352 509
39 :  78 92 684 846
40 :  25 28 55
41 :  26 76 237 761 818 906
42 :  15 148 276 392 438
43 :  220 976
44 :  61 145 292 347 519
45 :  77 209 248 338 416
46 :  13 18 116 823
47 :  98 331 418
48 :  12 97 369 401 1179
49 :  26 135 253 417 818
50 :  162 253 356 417 1177
51 :  52 71 123 137 316 363
52 :  51 71 201 314 407
53 :  161 182 184 283 1138
54 :  261 543 723 1049
55 :  36 40 409
56 :  24 389 685 1173 1174
57 :  85 101 168 181
58 :  17 19 79 395 403 740 856
59 :  199 312 404 711 828
60 :  388 657 671 865
61 :  44 193 292 404 432 519
62 :  22 72 225 309
63 :  171 268 502 505 672 679
64 :  9 108 143
65 :  8 31 102 126 144 504
66 :  75 89 96 218 889
67 :  8 32 119 200 504 780
68 :  227 540 576 1164
69 :  26 33 91 135 840 893
70 :  106 133 139 216
71 :  51 52 206 316 372
72 :  7 62 782
73 :  34 207 261 489
74 :  205 249 255 275 313
75 :  66 89 96 206 372
76 :  41 291 638 746 761 906
77 :  45 338 502 518
78 :  33 39 92 177 178
79 :  58 403 410 530
80 :  6 14 138 194 944
81 :  88 297 302 441 883 895 922
82 :  96 206 375 860
83 :  87 137 191 775
84 :  91 177 217 691
85 :  57 134 411 467
86 :  35 38 114 394
87 :  83 191 370 484 737 775
88 :  81 456 732 883 895 1035
89 :  66 75 218 259
90 :  99 196 264 280 363
91 :  33 69 84 177 595 893
92 :  39 78 177 500 1186
93 :  225 309 656 1143
94 :  227 242 378 430 470 486
95 :  344 658 936
96 :  66 75 82 206 709 889
97 :  48 157 563 931
98 :  47 589 714
99 :  90 123 363 396 687
100 :  136 152 277 373 545
101 :  19 57 151 247
102 :  65 126 144
103 :  227 477 689 902
104 :  120 130 186 240 546
105 :  120 166 293 387 557 694
106 :  23 70 133 225
107 :  158 226 233 455 531
108 :  64 111
109 :  156 160 190 228 538
110 :  16 169 459 693
111 :  108 155 349 850
112 :  281 337 396 687 713
113 :  398 436 440 534 573
114 :  35 86 148 154 301
115 :  20 36 128 232
116 :  46 412 520 635 823 1057
117 :  238 270 732 1154
118 :  212 258 328 439 566
119 :  67 235 300 780
120 :  104 105 130 387 546 667 829
121 :  35 38 203 213 652 914 975
122 :  37 145 173 208 347
123 :  51 99 137 191 363 687
124 :  176 774 837 856
125 :  159 220 351 945
126 :  7 65 102
127 :  16 485 693 759 867
128 :  20 115 722
129 :  172 222 265 668
130 :  104 120 186 364 387 867
131 :  29 214 329 447 994
132 :  236 475 609
133 :  70 106 146 194 976
134 :  19 85 176 411 460 740
135 :  33 49 69 353
136 :  100 511 545 574
137 :  51 83 123 314
138 :  80 159 220 300
139 :  11 23 70 327 622
140 :  298 326 357 530 613
141 :  264 280 375 592 795 806
142 :  183 476 634
143 :  28 64 349 915
144 :  65 102 606
145 :  44 122 305 688
146 :  133 216 584 976
147 :  286 435 596 617
148 :  42 114 394 400
149 :  254 385 673 715
150 :  319 321 335 548 1159 1160
151 :  101 168 239 452
152 :  100 157 277 574 909 925
153 :  29 180 213 817 914
154 :  114 241 400 503
155 :  111 590 614 850
156 :  109 190 337 1139
157 :  97 152 277 909 931
158 :  107 192 531 597 748
159 :  125 138 288 351 599
160 :  109 192 226 474 1045
161 :  53 179 182 275 283 284
162 :  50 253 260 356 451
163 :  13 315 463 517 803
164 :  251 427 511 574 967
165 :  567 625 631 805
166 :  105 293 517 635
167 :  239 241 503 567 620
168 :  57 151 241 400 438
169 :  11 16 110 459 767 807
170 :  204 212 450 566 1190
171 :  63 268 483 505 506 887
172 :  129 224 257 317 612
173 :  37 122 347 513
174 :  15 187
175 :  198 246 501 558
176 :  124 134 384 740 837
177 :  78 84 91 92 691 1186
178 :  78 330 684
179 :  161 284 1111
180 :  29 153 213 994
181 :  15 57 438
182 :  53 161 249 275 862
183 :  142 476 601 633 849
184 :  53 234 324 892
185 :  322 556 664
186 :  104 130 220 364
187 :  174 467 1050
188 :  376 382 488 573 727
189 :  285 302 836 1002
190 :  109 156 310 538 726
191 :  83 87 123 370
192 :  158 160 226 474 570
193 :  61 211 432 462 786
194 :  22 80 133 944
195 :  369 449 611 1189
196 :  90 383 396 1045
197 :  30 350 614 850
198 :  175 558 596 695
199 :  59 415 535 776
200 :  67 235 381 492 616
201 :  52 278 372 407 448
202 :  244 311 700
203 :  121 914 975
204 :  170 354 950
205 :  74 275 313
206 :  71 75 82 96 316 375
207 :  73 1130
208 :  122 718 825
209 :  45 416 587 621
210 :  583 674 995 1169
211 :  193 307 645
212 :  118 170 328 378 430
213 :  121 153 180 652 914
214 :  131 320 447
215 :  420 719 1187
216 :  11 70 146 365
217 :  3 84 691 792
218 :  66 89 479
219 :  339 355 393 728 768 770
220 :  14 43 125 138 186
221 :  280 287 383 493 806
222 :  129 317 1040
223 :  273 385 581 741
224 :  34 172 261 265 348
225 :  62 93 106 309
226 :  107 160 192 306 1045
227 :  68 94 103 242 470
228 :  109 337 396 1045
229 :  304 618 1103
230 :  248 333 348 416
231 :  1013 1155
232 :  36 115 405
233 :  107 531 1090 1091
234 :  184 283 324 496 855 1109
235 :  119 200 288 616
236 :  132 332 609
237 :  41 253 260 401 818
238 :  117 949
239 :  151 167 985 1100
240 :  104 945 1088
241 :  154 167 168 400
242 :  94 227 266 430
243 :  339 588 731 852
244 :  37 202 311 371 1005
245 :  308 441 888 907 922
246 :  175 263 501 671
247 :  101 410 452
248 :  45 230 632 672
249 :  74 182 619 862
250 :  356 697 920 1177
251 :  164 427 637
252 :  272 301 620 733 784
253 :  49 50 162 237
254 :  149 673 834 858
255 :  74 313 319 321 743
256 :  330 684
257 :  172 333 348 593 612
258 :  118 439 832 1042
259 :  89 278 372 716
260 :  162 237 401 578
261 :  34 54 73 224 265 489
262 :  377 418 453 721
263 :  246 501 671 865
264 :  90 141 280 316 363 375
265 :  129 224 261
266 :  242 354 430 437
267 :  561 564 964 1049
268 :  63 171 483 632 672
269 :  318 513 515
270 :  117 732 969
271 :  425 610 741 756 781
272 :  252 709 784
273 :  223 499 834 849
274 :  755 756 870
275 :  74 161 182 205 512
276 :  42 392 394 660 750
277 :  100 152 157 373 554 933
278 :  201 259 279 372 627
279 :  278 716 783 788
280 :  90 141 221 264 383 806
281 :  112 370 528 687
282 :  549 559 586
283 :  53 161 234 284 1109
284 :  161 179 283 833 1111
285 :  189 302 308 836 922
286 :  147 617
287 :  221 306 383 455 493 494
288 :  159 235 300 599 654
289 :  526 747
290 :  371 678 947 1168
291 :  76 401 746 761
292 :  44 61 305 462 542
293 :  105 166 387 471 759
294 :  296 600 1079 1101
295 :  35 301 784 975
296 :  294 600 616 1101
297 :  81 302 456 890 895
298 :  140 326 408 553 720
299 :  500 736 1126
300 :  6 119 138 288
301 :  114 252 295 503 620 784
302 :  81 189 285 297
303 :  457 479 716
304 :  29 229 329
305 :  145 292 542 688 710
306 :  226 287 383 455 1045
307 :  211 367 461 786
308 :  245 285 730 742
309 :  62 93 225 656
310 :  190 359 538 1046
311 :  37 202 244 794
312 :  59 415 519
313 :  74 205 255 743 911
314 :  52 137 407 443
315 :  13 20 163 722 803
316 :  51 71 206 264 363 375
317 :  172 222 612 864
318 :  269 344 415 515
319 :  150 255 321 335 423
320 :  214 329 708 1192
321 :  150 255 319 1159 1163
322 :  185 354 550 669
323 :  340 414 472 527
324 :  184 234 397 496 1146
325 :  507 523 571 705 760 796
326 :  140 298 403 530 720
327 :  139 622 665 767
328 :  118 212 439 569 1055
329 :  131 304 320 561 964
330 :  27 178 256 353
331 :  47 336 386
332 :  236 442 854
333 :  230 257 632
334 :  15 392 482 666
335 :  150 319 532
336 :  331 386 418 453
337 :  112 156 228 396 713 799
338 :  45 77
339 :  219 243 355 433 555 728
340 :  323 410 414 530 613
341 :  559 562 571 669 760
342 :  556 664 809 1191
343 :  440 812
344 :  95 318 498 515
345 :  457 479 626 822
346 :  368 416 621
347 :  44 122 173
348 :  224 230 257 368
349 :  111 143 850
350 :  197 388 634 657 703
351 :  125 159 599 1089 1123
352 :  38 394 686
353 :  27 135 330
354 :  204 266 322 437 550 950
355 :  219 339 433 690 768
356 :  50 162 250 444
357 :  140 508 553 845
358 :  556 950 1120 1190
359 :  310 675
360 :  518 696
361 :  583 674 878 1140
362 :  421 462 510 542
363 :  51 90 99 123 264 316
364 :  130 186 485
365 :  16 216 485 584
366 :  813
367 :  307 488 645 659 727
368 :  34 346 348 416
369 :  48 195 554 611
370 :  87 191 281 687 737
371 :  244 290 700 1005 1168
372 :  71 75 201 259 278
373 :  100 277 545 554 1112
374 :  420 602 820
375 :  82 141 206 264 316 592
376 :  188 524 745
377 :  262 536 714 798
378 :  94 212 486 572
379 :  608 621 830
380 :  521 617
381 :  32 200 495
382 :  188 488 534 573 681
383 :  196 221 280 287 306
384 :  176 460 837
385 :  149 223 425 673 741
386 :  331 336 623
387 :  105 120 130 293 867
388 :  60 350 657 865 899
389 :  56 653 685
390 :  27 1151 1177
391 :  446 610 781 1153
392 :  42 276 334 482 660
393 :  219 458 728 787
394 :  86 148 276 352 686
395 :  17 58 655 774 856
396 :  99 112 196 228 337
397 :  324 436 440 496 1146
398 :  113 573 1185
399 :  557 639 835 1057
400 :  148 154 168 241 438
401 :  48 237 260 291 1179
402 :  498 537 658 1052 1166
403 :  58 79 326
404 :  59 61 432 519 711 857
405 :  25 232 908
406 :  469 624 765
407 :  52 201 314 443 448
408 :  298 492 495 900 1080
409 :  18 55 577
410 :  19 79 247 340
411 :  85 134 460 467
412 :  13 116 517 635
413 :  422 896
414 :  323 340 472 613 670
415 :  199 312 318 1150
416 :  45 209 230 346 368
417 :  27 49 50
418 :  47 262 336 714
419 :  426 1071
420 :  215 374 820
421 :  362 510 542 565 585 710
422 :  413 814 923
423 :  319 743
424 :  613 628 670
425 :  271 385 610 648 715 741
426 :  419 1059
427 :  164 251 511 815
428 :  783 788 1172
429 :  796 1117 1118 1183
430 :  94 212 242 266
431 :  532 692 1115
432 :  61 193 404 857
433 :  339 355 435 501
434 :  702 725 772 1123
435 :  147 433 555 558 596
436 :  113 397 534
437 :  266 354 526 550
438 :  42 168 181 400
439 :  118 258 328 569
440 :  113 343 397 496
441 :  81 245 883 907
442 :  332 525
443 :  314 407 935
444 :  356 451 575 697
445 :  817 875 1103
446 :  391 520 551
447 :  131 214 994
448 :  201 407 627 881
449 :  195 578 791 1113
450 :  170 566 704 820 1190
451 :  162 444 578 791
452 :  151 247 985
453 :  262 336 516 721
454 :  676 682 1038 1121
455 :  107 287 306
456 :  88 297 890 895
457 :  303 345 716 729
458 :  393 476 491 601 770
459 :  110 169 560 807 821
460 :  134 384 411
461 :  307 659 871
462 :  193 292 362 542 786
463 :  163 803 1142
464 :  37 607 718 794
465 :  472 493 494 670 699 1090
466 :  705 769 796
467 :  85 187 411
468 :  583 843 956
469 :  406 765
470 :  94 227 486 540
471 :  293 517 759
472 :  323 414 465 527 699
473 :  763 1070
474 :  160 192 570 580
475 :  132 589
476 :  142 183 458 601
477 :  103 689
478 :  524 749 1156
479 :  218 303 345
480 :  695
481 :  872 1131
482 :  334 392 660
483 :  171 268 632 887 1041
484 :  87 605 701 1071
485 :  127 364 365 584 867
486 :  94 378 470 572
487 :  575 697
488 :  188 367 382 645 681 727
489 :  73 261 827
490 :  816 817 875 1102
491 :  458 497 787 797
492 :  200 408 616 1080
493 :  221 287 465 494 699
494 :  287 465 493 1090
495 :  32 381 408 900
496 :  234 324 397 440 855
497 :  491 601
498 :  344 402 515 579 1166
499 :  30 273 762 834
500 :  92 299 736 846
501 :  175 246 263 433 558
502 :  63 77 646 672
503 :  154 167 301 620
504 :  8 31 65 67 780
505 :  63 171 506 679
506 :  171 505
507 :  325 706 760 796 1184
508 :  357 628 845 1091
509 :  38 652
510 :  362 421 552 585
511 :  136 164 427 815
512 :  275
513 :  173 269
514 :  570 580 629 644 725
515 :  269 318 344 498 579 947
516 :  453 721 724
517 :  13 163 166 412 471
518 :  77 360 646
519 :  44 61 312 404
520 :  116 446 823 1181
521 :  380 1030 1105
522 :  777 935
523 :  325 571 705
524 :  376 478 659 727 749
525 :  442 757 778
526 :  289 437 549 747 824
527 :  323 472 643 739 985
528 :  281 713 826
529 :  536 602
530 :  79 140 326 340
531 :  107 158 233 597 1091
532 :  335 431 548 769
533 :  744 745 1185
534 :  113 382 436 573
535 :  199 776 793 828
536 :  377 529 1061
537 :  402 658 1052
538 :  109 190 310 1046
539 :  629 1077 1088
540 :  68 470 576
541 :  593 632 879 1041
542 :  292 305 362 421 462
543 :  54 708 723 847
544 :  609 778 917
545 :  100 136 373 1044
546 :  104 120 829
547 :  568 575 1189
548 :  150 532 650 1160
549 :  282 526 550 586 824
550 :  322 354 437 549
551 :  446 577 648 823
552 :  510 871
553 :  298 357 845 1080
554 :  277 369 373 611
555 :  339 435
556 :  185 342 358 809
557 :  105 399 635 694 1057
558 :  175 198 435 501 596
559 :  282 341
560 :  459 821
561 :  267 329 964 1192
562 :  341 664 760
563 :  97
564 :  267 663 668
565 :  421 585 710 1129
566 :  118 170 450 832
567 :  165 167 620 733
568 :  547 937 1189
569 :  328 439 1170
570 :  192 474 514 748
571 :  325 341 523 760
572 :  378 486 1006
573 :  113 188 382 398 534
574 :  136 152 164 925 967
575 :  444 487 547 791
576 :  68 540 636 785
577 :  409 551 648
578 :  260 449 451
579 :  498 515 947 1166
580 :  474 514 644 1046
581 :  223 598 633 683 849
582 :  655 685
583 :  210 361 468 995
584 :  146 365 485
585 :  421 510 565
586 :  282 549 824
587 :  209 608
588 :  243 731 852 905
589 :  98 475 662
590 :  155 614
591 :  642 1004 1147
592 :  141 375 625 860
593 :  257 541 612 879
594 :  649 662 917
595 :  91 893 986
596 :  147 198 435 558
597 :  158 531 772 1079
598 :  581 683 741
599 :  159 288 351 600 654
600 :  294 296 599 654 1089
601 :  183 458 476 497
602 :  374 529
603 :  607
604 :  758 839 882 1053
605 :  484 701 737 1048
606 :  24 144 653
607 :  464 603 718 794
608 :  379 587 621
609 :  132 236 544 917
610 :  271 391 425 648 781
611 :  195 369 554 1189
612 :  172 257 317 593 864
613 :  140 340 414 424
614 :  155 197 590 657 850
615 :  719 735 757
616 :  200 235 296 492 654
617 :  147 286 380
618 :  229 964
619 :  249 1163
620 :  167 252 301 503 567 733
621 :  209 346 379 608
622 :  139 327 665
623 :  386 724
624 :  406 863 938
625 :  165 592 860
626 :  345 729 822 1141
627 :  278 448 783 881
628 :  424 508
629 :  514 539 644 647
630 :  767 807
631 :  165 733 860
632 :  248 268 333 483 541
633 :  183 581 683
634 :  30 142 350 703
635 :  116 166 412 557 1057
636 :  576 785 814 955
637 :  251 903
638 :  76 884 1014
639 :  399 773 1057 1076
640 :  729 1063 1141
641 :  843 956 1076
642 :  591
643 :  527 699 802
644 :  514 580 629 1078
645 :  211 367 488 681
646 :  502 518 679
647 :  629 717 725
648 :  425 551 577 610 715
649 :  594 719
650 :  548 705 769
651 :  901 968
652 :  121 213 509
653 :  24 389 606
654 :  288 599 600 616
655 :  395 582 1173
656 :  93 309 1143
657 :  60 350 388 614
658 :  95 402 537 851 936
659 :  367 461 524 727 749
660 :  276 392 482 750
661 :  866 916 1074 1099
662 :  589 594
663 :  564 1063
664 :  185 342 562 669
665 :  327 622
666 :  15 334
667 :  120 694 829
668 :  129 564 1171
669 :  322 341 664
670 :  414 424 465 1090
671 :  60 246 263 865
672 :  63 248 268 502
673 :  149 254 385 834
674 :  210 361 1047
675 :  359 1043 1047
676 :  454 1038 1092
677 :  756 839 870
678 :  290 947 1168
679 :  63 505 646
680 :  844 853 1108 1176
681 :  382 488 645 842
682 :  454 1038 1121
683 :  581 598 633 755
684 :  39 178 256
685 :  56 389 582
686 :  352 394 750
687 :  99 112 123 281 370
688 :  145 305 710 1096
689 :  103 477
690 :  355 768
691 :  84 177 217
692 :  431 804 1116
693 :  16 110 127 759
694 :  105 557 667
695 :  198 480
696 :  360 854
697 :  250 444 487
698 :  871 1156
699 :  465 472 493 643
700 :  202 371 921
701 :  484 605
702 :  434 772 1089
703 :  350 634 768 899
704 :  450 1081 1120 1190
705 :  325 466 523 650 796
706 :  507 760 1184 1191
707 :  798 809 885 1191
708 :  320 543 723
709 :  96 272
710 :  305 421 565 688
711 :  59 404 828 857 932
712 :  866 1060
713 :  112 337 528 799 826
714 :  98 377 418
715 :  149 425 648
716 :  259 279 303 457
717 :  647 945
718 :  208 464 607 825
719 :  215 615 649 757
720 :  298 326 900
721 :  262 453 516 898
722 :  20 128 315
723 :  54 543 708
724 :  516 623 1124
725 :  434 514 647 748
726 :  190 765 1139
727 :  188 367 488 524 659
728 :  219 339 393 852
729 :  457 626 640
730 :  308 888
731 :  243 588 1152
732 :  88 117 270 1035
733 :  252 567 620 631
734 :  779 866 1092
735 :  615 868
736 :  299 500 846 1178
737 :  87 370 605 1048
738 :  1001 1016
739 :  527 802 985 1100
740 :  19 58 134 176
741 :  223 271 385 425 598
742 :  308 836
743 :  255 313 423
744 :  533 745 801 841 1107
745 :  376 533 744 1175
746 :  76 291
747 :  289 526 824 1161
748 :  158 570 725 772
749 :  478 524 659 871
750 :  276 660 686
751 :  788
752 :  1066 1171
753 :  921 946 993 1051
754 :  835 878 1043 1140
755 :  274 683 918
756 :  271 274 677 781
757 :  525 615 719
758 :  604 1076 1153 1181
759 :  127 293 471 693
760 :  325 341 507 562 571 706
761 :  41 76 291
762 :  499 834 858 915
763 :  473
764 :  9 908
765 :  406 469 726
766 :  897 1182
767 :  11 169 327 630
768 :  219 355 690 703 770 899
769 :  466 532 650
770 :  219 458 768
771 :  838 910 960 1148
772 :  434 597 702 748
773 :  639 1057 1076
774 :  124 395 856
775 :  83 87 1071
776 :  199 535 793 1150
777 :  522 1086
778 :  525 544
779 :  734 879 1041
780 :  31 67 119 504
781 :  271 391 610 756
782 :  7 72
783 :  279 428 627 1172
784 :  252 272 295 301 1064
785 :  576 636 800
786 :  193 307 462
787 :  393 491 797 1193
788 :  279 428 751
789 :  877 1136
790 :  1069 1121
791 :  449 451 575
792 :  3 217
793 :  535 776 912 951
794 :  311 464 607 1180
795 :  141 806
796 :  325 429 466 507 705
797 :  491 787 874 1056
798 :  377 707
799 :  337 713 826 1139
800 :  785 974
801 :  744 815 841 968 1185
802 :  643 739 805
803 :  163 315 463 1142
804 :  692 1116
805 :  165 802 1100
806 :  141 221 280 795
807 :  169 459 630
808 :  880 923 929
809 :  342 556 707 885
810 :  861
811 :  813 941
812 :  343 901
813 :  366 811 941 1094 1098
814 :  422 636 923 955
815 :  427 511 801
816 :  490 875
817 :  153 445 490 1103
818 :  41 49 237
819 :  1043 1077 1078
820 :  374 420 450 832 1081 1187
821 :  459 560 1142
822 :  345 626
823 :  46 116 520 551
824 :  526 549 586 747
825 :  208 718 1095 1096
826 :  528 713 799 938
827 :  489 847
828 :  59 535 711 932
829 :  120 546 667
830 :  379
831 :  949
832 :  258 566 820 1187
833 :  284 937 1108 1109
834 :  254 273 499 673 762 858
835 :  399 754 1140
836 :  189 285 742
837 :  124 176 384
838 :  771 987
839 :  604 677
840 :  26 69 1008
841 :  744 801 1106
842 :  681 940 952 1135
843 :  468 641
844 :  680 853 1112 1176
845 :  357 508 553 1079 1101
846 :  39 500 736
847 :  543 827
848 :  869 966 1051
849 :  183 273 581
850 :  111 155 197 349 614
851 :  658 896 936 1165
852 :  243 588 728
853 :  680 844 937 1108 1112
854 :  332 696
855 :  234 496 1109 1176
856 :  58 124 395 774
857 :  404 432 711
858 :  28 254 762 834
859 :  873 1048
860 :  82 592 625 631
861 :  810 873
862 :  182 249 1158
863 :  624 938
864 :  317 612 1039
865 :  60 263 388 671 899
866 :  661 712 734
867 :  127 130 387 485
868 :  735 958 1149 1170
869 :  848 993 1051 1167
870 :  274 677 918 1131 1180
871 :  461 552 698 749
872 :  481 882 1131
873 :  859 861
874 :  797 918
875 :  445 490 816
876 :  880 966
877 :  789
878 :  361 754 1043 1140
879 :  541 593 779 1041
880 :  808 876 929 1075
881 :  448 627 935 963 1054
882 :  604 872 1053
883 :  81 88 441 907
884 :  638 1014
885 :  707 809 1061
886 :  948 954 1132
887 :  171 483 1060 1149
888 :  245 730 907
889 :  66 96 1122
890 :  297 456
891 :  971
892 :  184 1065 1138 1146
893 :  69 91 595
894 :  913 1115 1178
895 :  81 88 297 456
896 :  413 851 910
897 :  766 946 1182
898 :  721 904 1082
899 :  388 703 768 865
900 :  408 495 720
901 :  651 812 1176
902 :  103 934
903 :  637 924 959
904 :  898 1082 1119 1124
905 :  588 1000 1097
906 :  41 76
907 :  245 441 883 888
908 :  25 405 764
909 :  152 157
910 :  771 896 936 957 970 1148
911 :  313 1114 1151
912 :  793 951 973
913 :  894 1178
914 :  121 153 203 213
915 :  30 143 762
916 :  661 992 996
917 :  544 594 609
918 :  755 870 874
919 :  974 1037 1073
920 :  250 1110
921 :  700 753 1033 1168
922 :  81 245 285
923 :  422 808 814
924 :  903 959 1156
925 :  152 574
926 :  1006 1073
927 :  948 965 1137
928 :  961 980 1132
929 :  808 880 1165
930 :  974 1037 1058 1087
931 :  97 157
932 :  711 828 1162
933 :  277
934 :  902 987 1164
935 :  443 522 881 1054
936 :  95 658 851 910
937 :  568 833 853 1108
938 :  624 826 863
939 :  1006 1055 1062
940 :  842 952 1134 1135 1144
941 :  811 813
942 :  961 1007 1065 1134
943 :  1007 1162
944 :  6 22 80 194
945 :  125 240 717
946 :  753 897 1169 1182
947 :  290 515 579 678
948 :  886 927 962
949 :  238 831 1018
950 :  204 354 358 1190
951 :  793 912 973 1162
952 :  842 940 1157
953 :  978 1093 1145
954 :  886 965
955 :  636 814 984
956 :  468 641 1076 1140
957 :  910
958 :  868 1060 1170 1188
959 :  903 924 1104
960 :  771 1004 1148
961 :  928 942 1083
962 :  948 1132
963 :  881 1054 1172
964 :  267 329 561 618
965 :  927 954
966 :  848 876 988
967 :  164 574
968 :  651 801
969 :  270
970 :  910
971 :  891 1126
972 :  1000 1193
973 :  912 951 1084
974 :  800 919 930 1037
975 :  35 121 203 295
976 :  14 43 133 146
977 :  1002 1016
978 :  953 1132
979 :  1023 1034
980 :  928 1138
981 :  1003 1010
982 :  2 1127 1128
983 :  0 1012 1025
984 :  955
985 :  239 452 527 739
986 :  0 3 595
987 :  838 934 1164
988 :  966 1051
989 :  4
990 :  996 1121
991 :  1066 1067 1068
992 :  916 996 1099
993 :  753 869 1167
994 :  131 180 447
995 :  210 583 1169
996 :  916 990 992
997 :  1029
998 :  1018 1020
999 :  4
1000 :  905 972 1129
1001 :  738 1016
1002 :  189 977
1003 :  981
1004 :  591 960 1147
1005 :  244 371
1006 :  572 926 939 1073
1007 :  942 943 1133 1134
1008 :  840 1012
1009 :  5 1014 1015
1010 :  981 1013
1011 :  1026 1036
1012 :  0 983 1008 1025
1013 :  231 1010 1027
1014 :  5 638 884 1009
1015 :  1009
1016 :  738 977 1001
1017 :  1
1018 :  949 998 1025
1019 :  1032
1020 :  998 1021
1021 :  10 1020
1022 :  1031
1023 :  979
1024 :  1
1025 :  983 1012 1018
1026 :  1011
1027 :  21 1013
1028 :  1029
1029 :  997 1028
1030 :  521
1031 :  1022 1034
1032 :  1019
1033 :  921
1034 :  979 1031
1035 :  88 732
1036 :  1011
1037 :  919 930 974 1087
1038 :  454 676 682
1039 :  864
1040 :  222 1067
1041 :  483 541 779 879
1042 :  258 1187
1043 :  675 754 819 878 1077
1044 :  545
1045 :  160 196 226 228 306
1046 :  310 538 580
1047 :  674 675
1048 :  605 737 859
1049 :  54 267
1050 :  187
1051 :  753 848 869 988 1182
1052 :  402 537 1166
1053 :  604 882
1054 :  881 935 963
1055 :  328 939
1056 :  797 1193
1057 :  116 399 557 635 639 773
1058 :  930 1072
1059 :  426 1075
1060 :  712 887 958 1149
1061 :  536 885 1081
1062 :  939 1074 1188
1063 :  640 663
1064 :  784 1102 1122
1065 :  892 942 1135
1066 :  752 991 1067
1067 :  991 1040 1066
1068 :  991 1172
1069 :  790
1070 :  473 1071
1071 :  419 484 775 1070
1072 :  1058
1073 :  919 926 1006
1074 :  661 1062
1075 :  880 1059
1076 :  639 641 758 773 956 1181
1077 :  539 819 1043
1078 :  644 819
1079 :  294 597 845 1091
1080 :  408 492 553 1101
1081 :  704 820 1061
1082 :  898 904 1119 1184 1191
1083 :  961 1085
1084 :  973 1133 1137
1085 :  1083
1086 :  777
1087 :  930 1037
1088 :  240 539
1089 :  351 600 702
1090 :  233 465 494 670
1091 :  233 508 531 1079
1092 :  676 734 1099
1093 :  953 1145 1159 1160
1094 :  813 1098
1095 :  825 1096
1096 :  688 825 1095
1097 :  905 1098 1129
1098 :  813 1094 1097 1152
1099 :  661 992 1092
1100 :  239 739 805
1101 :  294 296 845 1080
1102 :  490 1064
1103 :  29 229 445 817
1104 :  959 1105
1105 :  521 1104
1106 :  841 1107
1107 :  744 1106 1175
1108 :  680 833 853 937
1109 :  234 283 833 855
1110 :  920
1111 :  179 284
1112 :  373 844 853
1113 :  449 1179
1114 :  911
1115 :  431 894 1178
1116 :  692 804
1117 :  429 1118 1119 1183
1118 :  429 1117 1119 1184
1119 :  904 1082 1117 1118 1124 1125
1120 :  358 704
1121 :  454 682 790 990
1122 :  889 1064
1123 :  351 434
1124 :  724 904 1119 1125
1125 :  1119 1124
1126 :  299 971
1127 :  2 982
1128 :  982
1129 :  565 1000 1097
1130 :  34 207
1131 :  481 870 872
1132 :  886 928 962 978
1133 :  1007 1084
1134 :  940 942 1007
1135 :  842 940 1065
1136 :  789
1137 :  927 1084
1138 :  53 892 980
1139 :  156 726 799
1140 :  361 754 835 878 956
1141 :  626 640
1142 :  463 803 821
1143 :  23 93 656
1144 :  940
1145 :  953 1093
1146 :  324 397 892
1147 :  591 1004
1148 :  771 910 960
1149 :  868 887 1060
1150 :  415 776
1151 :  390 911
1152 :  731 1098
1153 :  391 758
1154 :  0 117
1155 :  231
1156 :  478 698 924
1157 :  952
1158 :  862
1159 :  150 321 1093 1160
1160 :  150 548 1093 1159
1161 :  747
1162 :  932 943 951
1163 :  321 619
1164 :  68 934 987
1165 :  851 929
1166 :  402 498 579 1052
1167 :  869 993
1168 :  290 371 678 921
1169 :  210 946 995
1170 :  569 868 958 1188
1171 :  668 752
1172 :  428 783 963 1068
1173 :  17 56 655
1174 :  24 56
1175 :  745 1107
1176 :  680 844 855 901
1177 :  50 250 390
1178 :  736 894 913 1115
1179 :  48 401 1113
1180 :  794 870
1181 :  520 758 1076
1182 :  766 897 946 1051
1183 :  429 1117
1184 :  507 706 1082 1118
1185 :  398 533 801
1186 :  92 177
1187 :  215 820 832 1042
1188 :  958 1062 1170
1189 :  195 547 568 611
1190 :  170 358 450 704 950
1191 :  342 706 707 1082
1192 :  320 561
1193 :  787 972 1056
1194 :  21 1195 1196
1195 :  21 1194 1196
1196 :  12 1194 1195
