706 472 15 144 144 144 0
740 164 7 55 55 55 1
728 432 5 130 130 130 2
682 514 18 196 196 196 3
556 86 8 24 24 24 4
712 330 7 68 68 68 5
742 346 7 77 77 77 6
622 546 10 27 27 27 7
172 548 21 24 24 24 8
710 234 20 24 24 24 9
92 482 14 24 24 24 10
146 160 12 211 211 211 11
120 138 11 235 235 235 12
98 188 11 201 201 201 13
516 50 20 24 24 24 14
392 52 11 147 147 147 15
754 396 11 114 114 114 16
222 104 9 139 139 139 17
712 290 10 60 60 60 18
314 114 13 221 221 221 19
190 156 8 145 145 145 20
58 380 9 204 204 204 21
240 114 10 115 115 115 22
90 238 15 253 253 253 23
336 102 12 206 206 206 24
80 302 14 246 246 246 25
430 24 10 17 17 17 26
316 90 10 169 169 169 27
742 308 10 70 70 70 28
142 134 11 237 237 237 29
182 96 9 158 158 158 30
78 198 10 197 197 197 31
370 60 12 162 162 162 32
692 420 14 169 168 170 33
630 408 10 72 72 72 34
398 74 10 200 200 200 35
176 478 9 254 254 254 36
434 94 8 218 218 218 37
292 42 7 24 24 24 38
122 162 11 239 239 239 39
104 212 13 236 236 236 40
650 448 12 178 178 178 41
270 558 11 214 214 214 42
128 426 10 249 249 249 43
350 76 13 163 163 163 44
418 228 9 195 195 195 45
108 446 10 228 228 228 46
610 460 8 111 111 111 47
132 86 10 18 18 18 48
378 82 11 197 197 197 49
708 394 15 130 131 129 50
74 392 10 234 234 234 51
210 154 7 130 130 130 52
456 246 9 181 181 181 53
326 570 10 209 209 209 54
334 126 10 143 143 143 55
474 552 9 239 239 239 56
686 308 21 67 67 67 57
672 402 12 90 90 90 58
642 384 10 64 64 64 59
240 366 10 253 253 253 60
248 384 8 245 245 245 61
556 348 8 251 251 251 62
232 536 10 156 156 156 63
362 96 10 167 167 167 64
68 214 8 173 173 173 65
78 346 12 235 235 235 66
82 270 16 246 246 246 67
454 284 8 230 230 230 68
484 84 9 162 162 162 69
472 258 8 192 192 192 70
138 114 8 221 221 221 71
354 546 8 165 165 165 72
412 50 9 148 148 148 73
100 166 10 201 201 201 74
196 410 7 235 235 235 75
122 194 11 223 223 223 76
568 530 14 27 27 27 77
388 406 7 237 237 237 78
678 448 15 190 190 190 79
194 116 9 202 202 202 80
228 384 11 248 248 248 81
122 118 8 231 231 231 82
250 568 8 153 153 153 83
568 390 8 234 234 234 84
210 400 9 242 242 242 85
726 370 12 96 96 96 86
344 578 8 174 174 174 87
200 48 11 17 17 17 88
408 602 9 17 17 17 89
630 460 11 173 173 173 90
104 278 7 239 239 239 91
170 156 11 171 171 171 92
580 184 16 17 17 17 93
722 576 16 219 219 219 94
192 376 7 239 239 239 95
276 364 9 251 251 251 96
656 494 9 207 207 207 97
62 326 12 253 253 253 98
106 424 9 245 245 245 99
286 348 7 255 255 255 100
736 548 15 197 197 197 101
212 416 7 241 241 241 102
222 328 9 248 248 248 103
660 472 13 211 211 211 104
614 478 10 190 190 190 105
162 98 7 163 163 163 106
366 22 9 17 17 17 107
396 436 9 242 242 242 108
390 304 5 190 190 190 109
194 394 8 237 237 237 110
688 276 11 63 63 63 111
458 546 8 190 190 190 112
242 328 9 255 255 255 113
630 268 8 54 54 54 114
94 326 12 240 240 240 115
86 156 6 176 176 176 116
414 408 8 230 230 230 117
240 188 12 222 222 222 118
276 158 10 171 171 171 119
176 114 9 225 225 225 120
196 274 7 230 230 230 121
430 50 8 126 126 126 122
240 276 7 223 223 223 123
254 104 7 110 110 110 124
446 54 8 126 126 126 125
258 314 8 254 254 254 126
552 286 6 153 153 153 127
118 406 11 235 235 235 128
326 72 10 129 129 129 129
322 146 11 93 93 93 130
534 548 8 16 16 16 131
740 492 15 204 204 204 132
400 478 6 234 234 234 133
140 184 9 199 199 199 134
262 176 12 187 187 187 135
132 450 12 248 248 248 136
436 236 8 186 186 186 137
456 568 11 17 17 17 138
252 348 10 254 254 254 139
48 266 7 228 228 228 140
200 194 7 238 238 238 141
100 146 8 194 194 194 142
248 132 9 93 93 93 143
308 72 7 175 175 175 144
264 510 8 242 242 242 145
242 166 10 118 118 118 146
178 498 9 209 209 209 147
428 566 7 165 165 165 148
64 442 11 10 10 10 149
186 134 10 196 196 196 150
54 302 11 252 252 252 151
230 596 8 17 17 17 152
662 424 12 129 129 129 153
616 258 8 49 49 49 154
258 366 7 253 253 253 155
260 56 10 17 17 17 156
180 176 8 141 141 141 157
202 98 10 137 137 137 158
134 268 8 172 172 172 159
192 346 8 247 247 247 160
438 114 8 148 148 148 161
420 70 10 175 175 175 162
82 172 8 180 180 180 163
452 230 7 141 141 141 164
198 566 10 16 16 16 165
206 136 7 156 156 156 166
524 146 7 114 114 114 167
96 400 11 233 233 233 168
376 114 8 105 105 105 169
542 420 6 218 218 218 170
114 342 11 217 217 217 171
644 254 11 51 51 51 172
160 464 9 249 249 249 173
116 386 8 216 216 216 174
460 60 7 101 101 101 175
254 282 6 237 237 237 176
666 264 12 52 52 52 177
200 258 7 223 223 223 178
182 194 8 217 217 217 179
224 276 7 235 235 235 180
572 356 8 237 237 237 181
652 366 9 60 60 60 182
292 112 8 185 185 185 183
610 234 9 47 47 47 184
164 364 5 197 197 197 185
288 144 8 154 154 154 186
136 370 9 251 251 251 187
98 358 11 220 220 220 188
238 96 8 91 91 91 189
418 470 8 221 221 221 190
646 574 8 17 17 17 191
354 530 7 161 161 161 192
280 518 9 203 203 203 193
422 246 9 222 222 222 194
46 366 7 203 203 203 195
528 108 7 153 153 153 196
50 282 9 247 247 247 197
636 484 12 220 220 220 198
622 442 8 92 92 92 199
586 360 5 171 171 171 200
158 482 9 226 226 226 201
68 366 8 212 212 212 202
556 366 9 249 249 249 203
430 128 7 169 169 169 204
554 332 6 238 238 238 205
460 460 5 196 196 196 206
616 200 14 17 17 17 207
40 236 11 13 13 13 208
222 172 10 114 114 114 209
38 352 9 186 186 186 210
538 264 6 157 157 157 211
672 586 13 95 95 95 212
254 268 7 209 209 209 213
270 348 7 255 255 255 214
214 266 7 232 232 232 215
488 256 7 176 176 176 216
164 134 9 218 218 218 217
640 322 6 54 54 54 218
224 310 9 244 244 244 219
448 84 8 144 144 144 220
536 122 8 148 148 148 221
444 296 7 225 225 225 222
136 208 8 247 247 247 223
26 254 11 17 17 17 224
244 400 8 239 239 239 225
394 218 6 194 194 194 226
154 444 8 247 247 247 227
430 456 7 238 238 238 228
582 388 6 204 204 204 229
156 520 11 15 15 15 230
208 380 9 247 247 247 231
256 584 9 115 115 115 232
438 220 6 139 139 139 233
310 582 7 181 181 181 234
304 238 5 154 154 154 235
502 260 6 184 184 184 236
402 462 9 235 235 235 237
142 470 9 224 224 224 238
482 48 12 19 19 19 239
180 514 7 186 186 186 240
404 516 5 199 199 199 241
212 120 9 174 174 174 242
654 510 7 216 216 216 243
198 424 7 240 240 240 244
476 138 8 171 171 171 245
200 174 12 128 128 128 246
190 318 6 247 247 247 247
274 500 5 232 232 232 248
400 128 7 177 177 177 249
20 146 5 17 17 17 250
270 536 10 231 231 231 251
156 114 9 214 214 214 252
210 280 7 237 237 237 253
400 416 8 238 238 238 254
238 292 9 242 242 242 255
200 474 6 248 248 248 256
306 548 8 203 203 203 257
734 284 5 40 40 40 258
340 56 9 113 113 113 259
182 276 6 230 230 230 260
568 324 7 216 216 216 261
150 200 8 248 248 248 262
414 576 9 167 167 167 263
684 374 14 68 68 68 264
752 466 13 214 214 214 265
132 352 9 221 221 221 266
220 194 8 245 245 245 267
116 368 9 229 229 229 268
412 428 8 250 250 250 269
494 158 7 66 66 66 270
402 230 7 230 230 230 271
726 610 14 227 227 227 272
514 98 9 179 179 179 273
112 314 9 248 248 248 274
324 548 9 214 214 214 275
554 382 7 245 245 245 276
620 372 8 51 51 51 277
2 282 24 24 24 24 278
596 226 6 48 48 48 279
614 508 12 22 22 22 280
156 394 6 212 212 212 281
662 382 9 67 67 67 282
388 102 7 157 157 157 283
562 404 7 230 230 230 284
606 432 6 63 63 63 285
296 524 7 222 222 222 286
398 490 5 212 212 212 287
226 420 6 238 238 238 288
668 356 8 56 56 56 289
284 72 13 17 17 17 290
250 548 11 185 185 185 291
486 524 7 209 209 209 292
500 106 7 221 221 221 293
212 346 9 250 250 250 294
254 526 8 217 217 217 295
428 436 7 241 241 241 296
224 502 7 227 227 227 297
340 536 7 158 158 158 298
404 264 8 241 241 241 299
726 516 11 212 211 213 300
382 148 6 97 97 97 301
170 396 6 217 217 217 302
408 116 7 218 218 218 303
402 162 6 85 85 85 304
572 374 8 245 245 245 305
72 412 8 179 179 179 306
646 278 10 52 52 52 307
240 416 8 238 238 238 308
238 430 6 235 235 235 309
202 330 8 246 246 246 310
272 320 7 254 254 254 311
470 432 6 212 212 212 312
572 340 7 226 226 226 313
586 348 6 163 163 163 314
694 600 11 222 222 222 315
518 158 6 104 104 104 316
192 302 7 240 240 240 317
166 196 8 235 235 235 318
442 408 5 235 235 235 319
388 254 7 240 240 240 320
708 356 8 62 62 62 321
472 242 7 160 160 160 322
270 142 7 144 144 144 323
168 236 5 179 179 179 324
148 422 10 249 249 249 325
158 228 5 143 143 143 326
700 556 11 221 221 221 327
130 252 7 153 153 153 328
582 480 6 139 139 139 329
160 180 9 183 183 183 330
142 402 10 244 244 244 331
694 578 10 225 225 225 332
214 432 5 238 238 238 333
192 484 6 238 238 238 334
466 230 6 123 123 123 335
206 296 7 247 247 247 336
508 250 5 154 154 154 337
702 618 8 231 231 231 338
148 100 7 179 179 179 339
254 254 6 195 195 195 340
406 216 6 193 193 193 341
440 274 9 234 234 234 342
578 400 6 206 206 206 343
262 380 6 255 255 255 344
300 98 7 204 204 204 345
220 364 10 251 251 251 346
284 504 5 203 203 203 347
412 282 9 246 246 246 348
556 416 6 213 213 213 349
196 520 8 168 168 168 350
546 408 6 232 232 232 351
458 448 7 219 219 219 352
138 312 9 198 198 198 353
552 320 6 224 224 224 354
508 454 6 205 205 205 355
118 262 6 223 223 223 356
212 82 6 115 115 115 357
388 472 7 230 230 230 358
196 502 9 186 186 186 359
638 518 10 14 14 14 360
618 424 8 68 68 68 361
490 556 7 242 242 242 362
398 574 7 177 177 177 363
308 532 7 207 207 207 364
50 394 5 155 155 155 365
552 428 6 201 201 201 366
494 540 6 219 219 219 367
254 296 7 247 247 247 368
334 588 6 174 174 174 369
492 142 8 131 131 131 370
126 296 10 240 240 240 371
486 448 6 203 203 203 372
472 472 6 171 171 171 373
568 292 6 153 153 153 374
400 294 7 222 222 222 375
206 446 5 222 222 222 376
290 572 7 175 175 175 377
440 252 8 217 217 217 378
290 540 9 239 239 239 379
438 68 6 165 165 165 380
460 94 7 83 83 83 381
190 208 8 169 169 169 382
92 438 7 204 204 204 383
638 426 9 84 84 84 384
442 444 9 232 232 232 385
488 128 6 188 188 188 386
636 368 7 57 57 57 387
150 266 6 178 178 178 388
448 474 5 172 172 172 389
256 242 6 202 202 202 390
372 586 7 170 170 170 391
300 220 5 140 140 140 392
492 232 6 131 131 131 393
232 346 10 253 253 253 394
228 156 7 111 111 111 395
226 128 7 143 143 143 396
524 184 5 66 66 66 397
518 256 5 170 170 170 398
290 558 6 210 210 210 399
652 310 10 53 53 53 400
276 334 7 254 254 254 401
388 238 8 215 215 215 402
228 404 8 246 246 246 403
626 284 8 52 52 52 404
428 518 6 195 195 195 405
202 362 8 248 248 248 406
544 254 5 135 135 135 407
474 520 5 172 172 172 408
388 452 7 238 238 238 409
286 590 6 123 123 123 410
530 170 6 107 107 107 411
124 216 6 242 242 242 412
532 274 5 160 160 160 413
204 314 8 244 244 244 414
34 290 8 216 216 216 415
384 126 6 143 143 143 416
504 550 7 213 213 213 417
258 154 8 136 136 136 418
474 96 5 154 154 154 419
56 202 6 144 144 144 420
612 398 10 64 64 64 421
364 158 6 93 93 93 422
60 402 7 163 163 163 423
464 148 7 52 52 52 424
88 420 9 213 213 213 425
68 248 9 239 239 239 426
242 310 8 249 249 249 427
548 306 7 205 205 205 428
558 274 5 138 138 138 429
300 174 6 107 107 107 430
100 380 8 201 201 201 431
688 346 14 60 62 62 432
376 300 6 210 210 210 433
106 264 6 220 220 220 434
468 276 7 209 209 209 435
354 46 8 107 107 107 436
294 264 5 193 193 193 437
260 394 7 241 241 241 438
128 236 9 125 125 125 439
354 114 9 118 118 118 440
104 296 10 249 249 249 441
40 322 10 203 203 203 442
308 134 7 174 174 174 443
372 352 5 224 224 224 444
146 296 8 165 165 165 445
430 290 8 239 239 239 446
306 566 9 198 198 198 447
680 238 10 8 8 8 448
650 402 9 75 75 75 449
482 538 6 230 230 230 450
318 360 6 236 236 236 451
416 516 6 200 200 200 452
486 220 6 106 106 106 453
370 362 5 214 214 214 454
566 422 5 194 194 194 455
568 144 12 15 15 15 456
154 280 5 168 168 168 457
726 262 12 10 10 10 458
376 136 6 90 90 90 459
324 350 5 250 250 250 460
596 240 5 50 50 50 461
250 440 5 217 217 217 462
524 470 6 188 188 188 463
412 446 9 242 242 242 464
556 442 5 190 190 190 465
480 270 6 185 185 185 466
502 126 8 183 183 183 467
198 232 5 207 207 207 468
514 136 6 125 125 125 469
544 294 5 168 168 168 470
442 428 6 242 242 242 471
84 374 9 198 198 198 472
388 486 5 217 217 217 473
558 298 5 167 167 167 474
740 592 7 232 232 232 475
388 562 7 159 159 159 476
272 390 5 243 243 243 477
630 356 6 44 44 44 478
562 494 6 11 11 11 479
594 496 11 14 14 14 480
188 452 5 238 238 238 481
352 156 6 76 76 76 482
168 508 5 181 181 181 483
256 406 5 243 243 243 484
648 334 7 57 57 57 485
424 484 6 176 176 176 486
644 352 6 49 49 49 487
520 22 6 14 14 14 488
124 326 6 238 238 238 489
494 576 10 17 17 17 490
498 528 5 194 194 194 491
302 456 6 221 221 221 492
194 288 7 240 240 240 493
712 538 10 204 204 204 494
218 442 5 220 220 220 495
452 140 7 101 101 101 496
254 88 7 102 102 102 497
34 306 7 220 220 220 498
512 240 5 142 142 142 499
486 244 5 168 168 168 500
274 108 9 142 142 142 501
420 212 5 163 163 163 502
168 302 7 208 208 208 503
528 456 5 187 187 187 504
46 338 7 206 206 206 505
318 216 5 124 124 124 506
294 252 5 204 204 204 507
384 424 7 248 248 248 508
278 128 7 138 138 138 509
154 310 7 210 210 210 510
304 388 5 160 160 160 511
226 260 6 226 226 226 512
440 556 8 115 115 115 513
444 128 6 105 105 105 514
428 416 6 244 244 244 515
538 232 5 101 101 101 516
202 436 5 232 232 232 517
548 148 8 72 72 72 518
392 200 5 187 187 187 519
48 408 6 145 145 145 520
340 522 6 141 141 141 521
302 350 6 244 244 244 522
232 142 7 113 113 113 523
380 438 7 244 244 244 524
614 348 5 45 45 45 525
526 264 5 183 183 183 526
232 560 9 111 111 111 527
172 442 6 192 192 192 528
448 154 6 82 82 82 529
138 224 6 85 85 85 530
132 494 8 18 18 18 531
180 310 6 248 248 248 532
180 298 5 229 229 229 533
116 228 5 239 239 239 534
562 310 7 193 193 193 535
434 152 6 86 86 86 536
384 290 6 229 229 229 537
420 104 9 248 248 248 538
596 478 7 170 170 170 539
512 114 7 164 164 164 540
350 562 8 166 166 166 541
132 386 7 209 209 209 542
114 178 6 173 173 173 543
78 460 9 18 18 18 544
368 540 7 108 108 108 545
368 526 6 127 127 127 546
508 466 5 174 174 174 547
524 80 10 19 19 19 548
162 266 5 203 203 203 549
112 464 6 170 170 170 550
498 222 5 126 126 126 551
606 248 5 48 48 48 552
586 374 5 197 197 197 553
422 264 8 241 241 241 554
222 240 6 193 193 193 555
394 278 9 251 251 251 556
506 518 5 171 171 171 557
294 128 8 180 180 180 558
360 580 6 152 152 152 559
456 264 8 208 208 208 560
338 156 7 69 69 69 561
544 170 7 93 93 93 562
294 402 6 185 185 185 563
508 442 5 204 204 204 564
536 244 6 138 138 138 565
386 550 5 183 183 183 566
450 416 5 247 247 247 567
150 326 8 203 203 203 568
200 548 6 11 11 11 569
278 308 5 228 228 228 570
450 522 5 176 176 176 571
120 276 8 235 235 235 572
186 264 6 215 215 215 573
546 438 5 194 194 194 574
558 256 5 123 123 123 575
538 284 6 164 164 164 576
438 578 8 13 13 13 577
452 308 7 228 225 227 578
462 516 7 191 191 191 579
368 308 5 215 215 215 580
242 262 6 200 200 200 581
234 218 6 181 181 181 582
374 412 8 255 255 255 583
318 518 6 173 173 173 584
480 232 5 128 128 128 585
214 540 6 173 173 173 586
406 552 5 109 109 109 587
616 274 6 52 52 52 588
258 194 5 180 180 180 589
622 332 6 52 52 52 590
536 430 5 200 200 200 591
458 424 6 230 230 230 592
452 434 5 218 218 218 593
354 144 6 61 61 61 594
508 226 5 116 116 116 595
144 252 6 136 136 136 596
638 296 8 55 55 55 597
506 146 6 110 110 110 598
460 474 6 169 169 169 599
294 162 7 141 141 141 600
522 124 6 112 112 112 601
482 436 6 212 212 212 602
258 76 5 209 209 209 603
210 506 5 166 166 166 604
484 460 6 176 176 176 605
706 270 7 43 43 43 606
238 498 6 220 220 220 607
482 208 5 91 91 91 608
412 484 5 195 195 195 609
152 368 7 236 236 236 610
616 322 5 52 52 52 611
378 480 5 212 212 212 612
216 252 5 214 214 214 613
498 446 5 227 227 227 614
376 450 5 227 227 227 615
546 274 6 147 147 147 616
626 244 9 47 47 47 617
626 344 6 43 43 43 618
376 396 8 230 230 230 619
354 130 6 83 83 83 620
656 346 7 58 58 58 621
378 280 5 237 237 237 622
230 248 5 201 201 201 623
410 136 5 102 102 102 624
54 226 6 180 180 180 625
350 594 9 13 13 13 626
310 226 6 152 152 152 627
220 140 5 145 145 145 628
492 210 5 93 93 93 629
472 420 6 219 219 219 630
308 596 6 125 125 125 631
492 170 5 66 66 66 632
444 542 6 147 147 147 633
318 42 7 19 19 19 634
474 66 7 100 100 100 635
444 372 11 230 230 230 636
186 360 6 241 241 241 637
306 514 6 179 179 179 638
420 534 6 107 107 107 639
680 482 7 53 53 53 640
528 134 5 89 89 89 641
188 252 6 223 223 223 642
400 146 6 76 76 76 643
176 210 6 163 163 163 644
170 224 7 143 143 143 645
438 140 6 111 111 111 646
440 520 5 187 187 187 647
426 192 5 193 193 193 648
536 500 5 82 82 82 649
360 186 6 90 90 90 650
298 338 5 230 230 230 651
70 182 7 162 162 162 652
424 202 5 138 138 138 653
296 596 5 110 110 110 654
416 560 6 121 121 121 655
332 610 5 13 13 13 656
370 148 5 84 84 84 657
634 312 5 45 45 45 658
294 510 6 191 191 191 659
140 282 7 184 184 184 660
462 76 7 106 106 106 661
384 524 6 154 154 154 662
150 216 7 93 93 93 663
90 62 6 16 16 16 664
532 158 6 119 119 119 665
210 480 5 239 239 239 666
550 394 5 236 236 236 667
146 384 7 204 204 204 668
296 584 5 155 155 155 669
198 80 8 109 109 109 670
510 538 6 193 193 193 671
296 274 5 167 167 167 672
174 360 5 244 244 244 673
212 456 5 230 230 230 674
254 418 6 235 235 235 675
164 276 5 231 231 231 676
226 228 5 193 193 193 677
232 76 6 104 104 104 678
168 374 5 213 213 213 679
326 530 8 198 198 198 680
422 142 6 123 123 123 681
446 102 6 85 85 85 682
304 148 7 130 130 130 683
366 386 6 217 217 217 684
584 218 7 54 54 54 685
746 368 8 68 68 68 686
314 180 7 56 56 56 687
228 462 6 226 226 226 688
336 204 8 77 77 77 689
436 352 10 238 238 238 690
166 330 8 190 190 190 691
234 236 6 187 187 187 692
514 266 5 171 171 171 693
364 568 6 137 137 137 694
216 224 5 203 203 203 695
364 136 5 88 88 88 696
408 530 6 117 117 117 697
526 440 6 213 213 213 698
590 276 6 2 2 2 699
124 470 7 196 196 196 700
62 192 5 137 137 137 701
164 212 6 146 146 146 702
62 234 5 239 239 239 703
154 88 5 126 126 126 704
470 86 5 181 181 181 705
380 312 6 191 191 191 706
522 246 5 146 146 146 707
58 418 6 146 146 146 708
338 464 6 156 156 156 709
8 356 19 17 17 17 710
432 538 6 113 113 113 711
232 484 6 118 118 118 712
472 460 5 187 187 187 713
210 70 6 113 113 113 714
44 384 5 167 167 167 715
278 184 5 154 154 154 716
250 504 7 241 241 241 717
472 448 6 207 207 207 718
160 290 6 213 213 213 719
500 90 7 158 158 158 720
340 550 6 187 187 187 721
392 114 5 156 156 156 722
294 230 6 155 155 155 723
268 234 8 173 173 173 724
308 466 5 184 184 184 725
386 172 6 66 66 66 726
376 258 5 223 223 223 727
368 554 6 114 114 114 728
594 310 5 32 32 32 729
520 276 6 164 164 164 730
286 456 9 34 34 34 731
652 588 6 12 12 12 732
412 150 6 75 75 75 733
606 444 5 69 69 69 734
54 214 5 156 156 156 735
78 432 6 168 168 168 736
260 330 8 253 253 253 737
462 218 6 112 112 112 738
428 404 5 229 229 229 739
488 116 5 159 159 159 740
642 502 6 215 215 215 741
560 452 5 174 174 174 742
256 118 6 102 102 102 743
284 174 6 135 135 135 744
542 136 5 96 96 96 745
384 588 5 146 146 146 746
618 358 5 51 51 51 747
522 220 5 101 101 101 748
168 316 6 191 191 191 749
382 226 5 199 199 199 750
308 340 5 233 233 233 751
186 234 6 195 195 195 752
462 110 9 91 91 91 753
436 486 6 174 174 174 754
518 448 5 208 208 208 755
496 470 5 179 179 179 756
478 496 7 139 139 139 757
448 34 6 17 17 17 758
204 532 6 156 156 156 759
180 388 6 223 223 223 760
474 218 5 111 111 111 761
468 290 6 191 194 178 762
344 492 8 241 241 241 763
268 302 6 244 244 244 764
470 532 7 237 237 237 765
368 126 5 75 75 75 766
226 432 5 235 235 235 767
212 214 5 201 201 201 768
432 210 5 128 128 128 769
396 526 6 131 131 131 770
114 250 6 226 226 226 771
496 516 5 171 171 171 772
300 84 6 204 204 204 773
216 528 6 185 185 185 774
516 524 6 169 169 169 775
210 234 6 196 196 196 776
632 220 5 9 9 9 777
424 590 8 13 13 13 778
266 266 5 218 218 218 779
530 254 5 159 159 159 780
478 152 6 61 61 61 781
222 452 5 225 225 225 782
712 636 12 219 219 219 783
504 168 7 61 61 61 784
754 520 15 190 190 190 785
158 380 5 224 224 224 786
328 486 5 130 130 130 787
382 512 5 196 196 196 788
584 468 6 96 96 96 789
288 336 5 242 242 242 790
676 552 5 52 52 52 791
148 340 6 218 218 218 792
66 286 6 226 226 226 793
390 138 6 118 118 118 794
684 622 9 58 58 58 795
572 412 5 213 213 213 796
566 248 6 75 75 75 797
554 246 5 94 94 94 798
722 350 7 61 61 61 799
452 404 5 236 237 233 800
206 246 6 218 218 218 801
528 236 5 118 118 118 802
66 426 5 162 162 162 803
240 452 5 210 210 210 804
252 480 8 241 241 241 805
338 254 12 33 33 33 806
286 200 7 115 115 115 807
414 162 5 103 103 103 808
390 160 6 87 87 87 809
386 536 6 172 172 172 810
350 178 6 82 82 82 811
264 128 6 141 141 141 812
496 458 6 185 185 185 813
410 26 6 15 15 15 814
708 372 6 81 81 81 815
410 94 5 128 128 128 816
314 384 5 169 169 169 817
380 40 5 116 116 116 818
280 258 10 84 84 84 819
316 288 5 139 139 139 820
224 88 7 128 128 128 821
476 122 7 208 208 208 822
476 572 7 12 12 12 823
536 448 6 197 197 197 824
462 130 7 98 98 98 825
396 364 9 123 123 123 826
194 242 5 208 208 208 827
322 170 5 31 31 31 828
52 254 5 232 232 232 829
290 360 5 234 234 234 830
438 310 6 198 198 198 831
6 322 15 17 17 17 832
302 412 6 203 203 203 833
396 548 5 128 128 128 834
322 496 6 241 241 241 835
126 178 5 209 209 209 836
376 160 6 80 80 80 837
108 124 7 224 224 224 838
252 430 5 242 242 242 839
162 408 8 217 217 217 840
362 398 6 235 235 235 841
498 246 5 155 155 155 842
458 160 5 71 71 71 843
238 442 5 223 223 223 844
500 424 5 230 230 230 845
290 432 5 218 218 218 846
638 342 5 49 49 49 847
658 522 5 201 201 201 848
446 320 6 206 206 206 849
412 204 6 172 172 172 850
180 340 5 221 221 221 851
518 460 5 198 198 198 852
446 166 6 65 65 65 853
478 510 5 179 179 179 854
268 290 5 221 221 221 855
350 402 6 85 85 85 856
580 260 9 38 38 38 857
160 342 5 207 207 207 858
286 98 6 200 200 200 859
564 462 5 169 169 169 860
162 352 5 200 200 200 861
188 332 6 239 239 239 862
242 82 5 92 92 92 863
348 346 9 202 202 202 864
468 484 6 152 152 152 865
316 318 8 143 143 143 866
530 204 5 63 63 63 867
574 282 5 115 115 115 868
520 196 7 16 16 16 869
364 374 6 93 93 93 870
594 250 5 65 65 65 871
180 432 5 180 180 180 872
176 456 7 200 200 200 873
688 396 5 111 111 111 874
254 222 5 176 176 176 875
422 500 10 96 96 96 876
268 82 5 205 205 205 877
202 458 5 229 229 229 878
340 142 7 74 74 74 879
462 412 6 235 239 234 880
444 208 7 193 193 193 881
280 296 7 141 141 141 882
218 562 5 118 118 118 883
460 298 5 217 217 217 884
268 192 5 168 168 168 885
276 596 5 74 74 74 886
760 440 9 211 211 211 887
408 494 5 193 193 193 888
596 336 9 104 104 104 889
402 104 6 129 129 129 890
296 188 8 87 87 87 891
676 608 7 81 81 81 892
36 276 6 208 208 208 893
462 42 8 13 13 13 894
382 372 5 193 193 193 895
372 180 7 90 90 90 896
700 442 7 66 66 66 897
580 244 6 59 59 59 898
522 294 9 102 102 102 899
328 218 5 118 118 118 900
600 300 6 22 22 22 901
158 254 7 161 161 161 902
596 464 6 103 103 103 903
214 552 5 125 125 125 904
352 286 6 217 217 217 905
416 126 5 87 87 87 906
450 68 5 164 164 164 907
380 328 9 90 90 90 908
482 164 6 74 74 74 909
604 312 5 26 26 26 910
386 578 5 163 163 163 911
382 26 7 16 16 16 912
576 314 5 174 174 174 913
62 262 5 224 224 224 914
478 284 5 169 169 169 915
398 92 6 150 150 150 916
578 492 5 10 10 10 917
300 308 6 87 87 87 918
178 370 5 242 242 242 919
322 304 7 72 72 72 920
544 374 5 249 249 249 921
286 276 5 117 117 117 922
292 494 7 203 203 203 923
486 100 7 162 162 162 924
338 478 7 88 88 88 925
244 148 6 92 92 92 926
374 504 6 241 241 241 927
354 274 6 86 86 86 928
400 180 9 77 77 77 929
518 230 5 120 120 120 930
380 202 7 126 126 126 931
308 300 5 40 40 40 932
436 176 8 57 57 57 933
184 442 5 186 186 186 934
348 310 9 82 82 82 935
510 428 5 241 241 241 936
290 214 6 100 100 100 937
316 506 5 90 90 90 938
348 328 6 162 162 162 939
268 410 7 221 221 221 940
532 520 5 124 124 124 941
366 200 6 147 147 147 942
756 574 17 227 227 227 943
760 364 6 54 54 54 944
464 496 6 12 12 12 945
496 390 5 20 25 24 946
534 510 5 86 86 86 947
352 518 5 17 17 17 948
392 598 7 15 15 15 949
742 638 18 243 243 243 950
184 406 5 248 248 248 951
694 540 6 77 77 77 952
548 486 6 152 152 152 953
538 334 10 169 169 169 954
680 468 5 94 94 94 955
580 436 7 138 138 138 956
716 554 5 205 205 205 957
382 344 7 191 191 191 958
310 278 6 138 138 138 959
498 506 5 202 202 202 960
476 108 5 157 157 157 961
114 238 5 245 245 245 962
584 286 5 74 74 74 963
410 394 6 154 154 154 964
572 212 6 49 49 49 965
508 504 5 181 181 181 966
494 180 5 51 51 51 967
728 390 5 105 105 105 968
756 608 15 241 241 241 969
368 42 6 124 124 124 970
662 246 6 45 45 45 971
408 338 17 13 13 13 972
508 78 6 17 17 17 973
586 408 5 164 164 164 974
444 332 6 219 219 219 975
590 444 5 99 99 99 976
148 456 5 247 247 247 977
420 86 5 124 124 124 978
332 450 6 185 185 185 979
418 546 6 86 86 86 980
418 176 9 43 43 43 981
338 416 7 41 41 41 982
606 370 6 59 59 59 983
358 228 18 20 20 20 984
710 596 5 234 234 234 985
198 26 6 18 18 18 986
356 360 7 243 243 243 987
552 214 12 28 28 28 988
642 238 5 37 37 37 989
348 446 6 73 73 73 990
470 380 12 24 24 84 991
518 368 7 51 51 127 992
360 334 7 182 182 182 993
328 396 6 107 107 107 994
684 258 6 42 42 42 995
470 304 6 8 14 55 996
658 288 5 54 54 54 997
498 70 6 17 17 17 998
116 486 8 16 16 16 999
400 386 6 189 189 189 1000
280 402 7 157 157 157 1001
396 316 8 121 121 121 1002
396 26 6 14 14 14 1003
606 324 5 0 0 0 1004
292 288 7 123 123 123 1005
366 464 5 8 8 8 1006
502 306 12 36 36 82 1007
534 194 5 18 18 18 1008
498 338 7 58 46 146 1009
482 318 6 24 24 84 1010
156 146 5 229 229 229 1011
210 202 5 57 57 57 1012
316 264 9 56 56 56 1013
382 268 6 228 228 228 1014
488 382 6 110 112 112 1015
748 448 5 199 199 199 1016
738 226 9 7 7 7 1017
444 462 7 217 217 217 1018
460 328 7 20 35 81 1019
670 636 10 14 14 14 1020
508 288 6 206 202 208 1021
514 400 6 31 21 51 1022
494 406 8 9 15 28 1023
354 380 6 232 232 232 1024
320 202 8 86 86 86 1025
428 324 7 45 45 45 1026
364 496 6 18 18 18 1027
564 200 6 3 3 3 1028
562 122 10 17 17 17 1029
410 372 7 23 23 23 1030
506 354 10 36 36 82 1031
498 376 5 101 110 154 1032
270 424 7 137 137 137 1033
212 494 7 240 240 240 1034
480 398 8 29 24 85 1035
342 296 6 48 48 48 1036
624 230 5 42 42 42 1037
148 30 5 37 37 37 1038
596 266 5 55 55 55 1039
710 512 5 145 145 145 1040
414 316 5 24 24 24 1041
560 482 6 124 124 124 1042
468 184 6 193 193 193 1043
456 342 7 200 198 255 1044
338 402 6 43 43 43 1045
142 436 5 254 254 254 1046
48 182 12 17 17 17 1047
200 146 5 0 0 0 1048
188 604 12 26 26 26 1049
662 562 7 72 72 72 1050
410 616 5 17 17 17 1051
522 390 6 54 57 55 1052
748 142 10 25 25 25 1053
528 358 7 36 36 82 1054
744 270 7 16 16 16 1055
728 422 5 96 96 96 1056
728 466 7 1 1 1 1057
346 388 5 20 20 20 1058
494 14 5 16 16 16 1059
134 334 7 231 231 231 1060
142 506 7 0 0 0 1061
692 490 7 37 37 37 1062
26 164 5 0 0 0 1063
654 532 5 14 14 14 1064
388 382 6 143 143 143 1065
330 290 5 121 121 121 1066
714 318 5 41 41 41 1067
308 440 6 181 181 181 1068
268 456 5 26 26 26 1069
320 454 6 18 18 18 1070
728 142 6 26 26 26 1071
548 504 6 0 0 0 1072
358 260 8 36 36 36 1073
168 598 6 28 28 28 1074
164 496 5 175 175 175 1075
316 240 7 87 87 87 1076
322 584 5 7 7 7 1077
324 436 10 70 70 70 1078
744 190 6 26 26 26 1079
742 432 5 39 39 39 1080
52 456 7 16 16 16 1081
68 58 5 17 17 17 1082
82 446 5 2 2 2 1083
90 514 5 17 17 17 1084
538 68 6 6 6 6 1085
724 328 5 44 44 44 1086
14 176 5 7 7 7 1087
504 24 6 0 0 0 1088
480 180 6 40 40 40 1089
146 74 8 0 0 0 1090
154 50 7 18 18 18 1091
164 60 7 15 15 15 1092
676 542 5 46 46 46 1093
674 566 5 70 70 70 1094
750 252 11 41 41 41 1095
424 380 9 99 99 99 1096
404 242 5 228 228 228 1097
258 600 7 1 1 1 1098
362 450 8 195 195 195 1099
34 382 5 1 1 1 1100
116 516 6 6 6 6 1101
134 560 5 17 17 17 1102
136 524 9 17 17 17 1103
176 588 6 12 12 12 1104
210 32 7 1 1 1 1105
232 52 17 0 0 0 1106
340 604 5 0 0 0 1107
448 606 6 10 10 10 1108
472 606 6 24 24 24 1109
484 332 8 24 24 84 1110
560 508 6 17 17 17 1111
562 74 5 15 15 15 1112
712 446 5 43 43 43 1113
740 120 8 16 16 16 1114
752 340 5 32 32 32 1115
754 280 6 17 17 17 1116
758 56 10 26 26 26 1117
572 86 5 17 17 17 1118
722 454 6 21 21 21 1119
744 288 6 38 38 38 1120
754 354 6 67 67 67 1121
752 328 6 6 6 6 1122
362 8 6 1 1 1 1123
266 42 5 0 0 0 1124
332 42 6 0 0 0 1125
660 544 8 77 77 77 1126
412 12 8 17 17 17 1127
730 154 6 37 37 37 1128
102 62 5 1 1 1 1129
274 618 6 16 16 16 1130
304 26 6 1 1 1 1131
548 538 7 16 16 16 1132
738 442 5 60 60 60 1133
752 222 5 53 53 53 1134
548 72 5 16 16 16 1135
100 518 5 11 11 11 1136
266 610 5 16 16 16 1137
586 546 6 18 18 18 1138
726 186 10 27 27 27 1139
260 32 7 19 19 19 1140
18 202 9 28 28 28 1141
748 418 8 65 65 65 1142
48 110 8 17 17 17 1143
608 166 13 17 17 17 1144
600 214 7 2 2 2 1145
54 488 5 7 7 7 1146
592 146 12 17 17 17 1147
592 532 9 16 16 16 1148
718 128 10 17 17 17 1149
4 170 6 6 6 6 1150
106 508 5 17 17 17 1151
106 496 6 0 0 0 1152
742 406 5 81 81 81 1153
540 86 7 16 16 16 1154
538 102 5 0 0 0 1155
714 146 8 13 13 13 1156
278 44 7 18 18 18 1157
26 176 6 16 16 16 1158
28 222 7 16 16 16 1159
462 598 6 14 14 14 1160
634 570 5 1 1 1 1161
624 156 5 27 27 27 1162
748 108 6 0 0 0 1163
270 24 5 16 16 16 1164
2 244 13 17 17 17 1165
242 610 5 15 15 15 1166
214 610 6 17 17 17 1167
758 154 5 17 17 17 1168
730 172 5 38 38 38 1169
158 578 7 18 18 18 1170
476 590 10 18 18 18 1171
734 452 5 0 0 0 1172
136 540 6 14 14 14 1173
122 62 13 17 17 17 1174
740 52 8 38 38 38 1175
86 144 6 3 3 3 1176
86 500 5 0 0 0 1177
556 100 6 17 17 17 1178
572 68 6 0 0 0 1179
624 182 5 1 1 1 1180
754 296 6 43 43 43 1181
756 176 5 19 19 19 1182
756 188 6 27 27 27 1183
228 612 8 0 0 0 1184
6 158 6 16 16 16 1185
584 92 8 0 0 0 1186
556 164 6 89 89 89 1187
744 68 8 27 27 27 1188
378 606 5 17 17 17 1189
622 218 5 0 0 0 1190
58 472 8 16 16 16 1191
638 538 7 14 14 14 1192
154 590 6 16 16 16 1193
178 56 7 0 0 0 1194
356 608 6 17 17 17 1195
492 24 5 18 18 18 1196
380 8 8 18 18 18 1197
446 22 6 0 0 0 1198
598 126 8 28 28 28 1199
34 132 14 0 0 0 1200
642 552 7 19 19 19 1201
754 118 5 16 16 16 1202
754 208 9 18 18 18 1203
576 108 9 0 0 0 1204
334 232 6 40 40 40 1205
650 228 7 1 1 1 1206
224 638 15 1 1 1 1207
188 38 5 0 0 0 1208
758 130 5 13 13 13 1209
72 474 6 0 0 0 1210
656 8 36 1 1 1 1211
122 600 17 4 4 4 1212
758 540 5 0 0 0 1213
278 30 5 0 0 0 1214
752 94 8 16 16 16 1215
22 188 5 6 6 6 1216
298 54 6 17 17 17 1217
204 634 5 5 5 5 1218
210 590 12 1 1 1 1219
292 26 6 0 0 0 1220
716 210 5 0 0 0 1221
556 550 5 17 17 17 1222
760 30 16 38 38 38 1223
322 410 9 133 133 133 1224
295 473 9 35 35 35 1225
304 492 5 24 24 24 1226
273 487 8 215 215 215 1227
331 510 8 150 150 150 1228
394 502 7 197 197 197 1229
269 213 12 79 79 79 1230
608 282 5 22 22 22 1231
220 291 7 234 234 234 1232
243 250 5 204 204 204 1233
285 238 6 241 241 241 1234
296 324 9 216 216 216 1235
233 515 8 199 199 199 1236
53 352 5 196 196 196 1237
337 277 9 36 36 36 1238
363 299 5 236 236 236 1239
355 198 5 34 34 34 1240
283 416 7 144 144 144 1241
377 465 6 250 250 250 1242
454 176 6 33 33 33 1243
310 163 8 107 107 107 1244
330 383 7 42 42 42 1245
326 335 8 196 196 196 1246
354 504 6 18 18 18 1247
456 505 5 57 57 57 1248
360 474 6 176 176 176 1249
235 473 5 148 148 148 1250
170 420 6 234 234 234 1251
516 330 12 8 9 67 1252
254 464 8 167 167 167 1253
269 470 8 216 216 216 1254
267 445 6 63 63 63 1255
281 438 5 71 71 71 1256
290 383 9 147 147 147 1257
304 368 10 213 213 213 1258
335 368 8 134 134 134 1259
355 429 12 132 132 132 1260
349 466 5 22 22 22 1261
335 315 4 72 72 72 1262
335 325 5 90 90 90 1263
332 185 11 63 63 63 1264
247 211 8 35 35 35 1265
246 230 6 182 182 182 1266
174 248 8 169 169 169 1267
143 237 6 96 96 96 1268
81 214 4 24 24 24 1269
442 501 9 141 141 141 1270
499 492 9 48 48 48 1271
486 344 4 247 245 245 1272
491 356 5 0 0 1 1273
476 342 4 147 152 167 1274
467 349 6 7 7 85 1275
481 359 5 222 227 230 1276
308 423 6 125 125 125 1277
314 398 5 91 91 91 1278
226 209 6 135 135 135 1279
184 223 5 158 158 158 1280
175 287 7 47 47 47 1281
174 265 6 187 187 187 1282
317 478 8 0 0 0 1283
520 410 5 198 199 197 1284
509 205 7 28 28 28 1285
470 194 4 15 15 15 1286
448 195 6 0 0 0 1287
460 203 8 6 6 6 1288
435 191 4 75 75 75 1289
473 202 4 10 10 10 1290
493 190 5 14 14 14 1291
504 192 6 56 56 56 1292
324 467 5 102 102 102 1293
180 421 4 68 68 68 1294
149 351 5 237 237 237 1295
156 241 6 169 169 169 1296
165 430 5 225 225 225 1297
189 467 7 0 0 0 1298
Neighbours
0 :  1057 1062 1119
1 :  1128 1169
2 :  1056
3 :  243 848 1062
4 :  1112 1118 1135 1154 1178
5 :  1067 1086
6 :  1115 1121
7 :  1192
8 :  165 230 569
9 :  448 458 1017 1221
10 :  544 999 1152 1177 1210
11 :  29 39 92 330 1011
12 :  29 39 82 142 838
13 :  31 40 74 76 543
14 :  239 488 548 973 998 1085 1088
15 :  32 35 73 818
16 :  1153
17 :  22 158 189 242 821
18 :  57
19 :  24 27 55 183 345 443 558
20 :  92 246 1048
21 :  51 195 202 365 715
22 :  17 124 143 189 396 743
23 :  40 67 426
24 :  19 27 55 440
25 :  67 115 151 441 793
26 :  1198
27 :  19 24 129 144 345 773
28 :  1181
29 :  11 12 71 217 1011
30 :  120 158
31 :  13 65 652 701 1269
32 :  15 44 49 436 970
33 :  50 58 79 897
34 :  361 384 421 449
35 :  15 49 162 916
36 :  147 173 201 334 1298
37 :  220 538 682 978
38 :  1157 1217 1220
39 :  11 12 74 543 836
40 :  13 23 76 412 534
41 :  79 90 104 153
42 :  83 251 291 399
43 :  99 128 136 325 1046
44 :  32 64 129 259
45 :  137 194 271 341 502
46 :  99 136 383 550
47 :  90 105 734 903
48 :  1090 1174
49 :  32 35 64
50 :  33 86 264 815 874 968
51 :  21 168 306 423 472
52 :  246 1048
53 :  70 164 322 378 560
54 :  87 234 275 447 1077
55 :  19 24 130 879
56 :  112 362 450
57 :  18 111 400 432
58 :  33 153 282 449 874
59 :  182 282 387 449
60 :  61 81 139 155 346 394
61 :  60 81 225 344 438
62 :  181 203 205 313
63 :  291 586 774 1236
64 :  44 49 440
65 :  31 420 735 1269
66 :  98 115 188 202
67 :  23 25 91 426 434 793 914
68 :  222 342 435 762 884
69 :  419 705 720 924
70 :  53 216 322 435 466 560
71 :  29 82 252 339
72 :  192 298 541 545 721 728
73 :  15 122 162
74 :  13 39 116 142 163 543
75 :  85 102 110 244 951
76 :  13 40 134 223 543 836
77 :  1111 1132 1148
78 :  254 583 619
79 :  33 41 104 153 897 955
80 :  120 150 158 242
81 :  60 61 231 346 403
82 :  12 71 838
83 :  42 232 291 527
84 :  229 276 284 305 343
85 :  75 102 110 231 403
86 :  50 321 686 799 815 968
87 :  54 369 541 559 626
88 :  1105 1208
89 :  778 949 1051
90 :  41 47 105 198 199
91 :  67 434 441 572
92 :  11 20 157 217 1011
93 :  1028
94 :  101 327 332 475 943 957 985
95 :  110 231 406 919
96 :  100 155 214 830
97 :  104 198 243 741
98 :  66 151 442 505
99 :  43 46 128 425
100 :  96 214 401 522 790 830
101 :  94 494 785 943 957 1213
102 :  75 85 244 288
103 :  113 219 294 310 394
104 :  41 79 97 198 640 955
105 :  47 90 198 539
106 :  252 339 704
107 :  912 1123 1197
108 :  254 269 409 464 508 524
109 :  375 706 1002
110 :  75 85 95 231 760 951
111 :  57 177 606 995
112 :  56 138 633 765
113 :  103 139 394 427 737
114 :  154 172 307 404 588
115 :  25 66 171 274
116 :  74 142 163 1176
117 :  254 515 739 964
118 :  135 146 209 267 589
119 :  135 186 323 418 600 744
120 :  30 80 150 252
121 :  178 253 260 493 573
122 :  73 125
123 :  176 180 213 255 581
124 :  22 189 497 743
125 :  122 175 380 907
126 :  311 368 427 737 764
127 :  429 470 474 576 616
128 :  43 99 168 174 331
129 :  27 44 144 259
130 :  55 443 561 683 879 1244
131 :  1132
132 :  265 300 785
133 :  237 287 358 473 609
134 :  76 262 330 836
135 :  118 119 146 418 589 716 885
136 :  43 46 227 238 700 977 1046
137 :  45 164 194 233 378
138 :  112 513 577 823
139 :  60 113 155 214 394 737
140 :  197 829 893 914
141 :  179 246 382 1012
142 :  12 74 116 1176
143 :  22 523 743 812 926
144 :  27 129 773
145 :  193 248 295 717
146 :  118 135 209 395 418 926
147 :  36 240 359 483 1075
148 :  263 513 577 655
149 :  544 736 803 1081 1083
150 :  80 120 166 217 1048
151 :  25 98 197 442 498 793
152 :  1184 1219
153 :  41 58 79 384
154 :  114 552 588 617
155 :  60 96 139 344
156 :  1106 1124
157 :  92 179 246 330
158 :  17 30 80 357 670
159 :  328 356 388 572 660
160 :  294 310 406 637 851 862
161 :  204 514 682
162 :  35 73 380 978
163 :  74 116 652
164 :  53 137 335 738
165 :  8 569
166 :  150 242 628 1048
167 :  316 469 641 665
168 :  51 128 425 431
169 :  283 416 722 766
170 :  349 351 366 591
171 :  115 188 266 489
172 :  114 177 307 617 971 989
173 :  36 201 238 873 977
174 :  128 268 431 542
175 :  125 635 661 894 907
176 :  123 213 368
177 :  111 172 307 971 995
178 :  121 215 573 642 801
179 :  141 157 318 382 644
180 :  123 215 253 512 1232
181 :  62 200 203 305 313 314
182 :  59 282 289 387 487
183 :  19 345 501 558 859
184 :  279 461 552 617 1037
185 :  610 673 679 861
186 :  119 323 558 683
187 :  266 268 542 610 668
188 :  66 171 268 431 472
189 :  17 22 124 497 821 863
190 :  228 237 486 609
191 :  732 1161
192 :  72 298 521 545 546 948
193 :  145 251 286 347 659
194 :  45 137 378 554
195 :  21 210
196 :  221 273 540 1155
197 :  140 151 415 793 893
198 :  90 97 104 105 741
199 :  90 361 734
200 :  181 314
201 :  36 173 238 1075
202 :  21 66 472
203 :  62 181 276 305 921
204 :  161 514 646 681 906
205 :  62 261 354 954
206 :  352 599 713
207 :  1145 1180 1190
208 :  224 625 1159
209 :  118 146 246 395
210 :  195 505 710 1237
211 :  407 413 526 616 780
212 :  315 332 732 892 1094
213 :  123 176 340 581 779
214 :  96 100 139 401
215 :  178 180 253 512 613
216 :  70 236 466 500 842
217 :  29 92 150 1011
218 :  400 485 658
219 :  103 414 427 1232
220 :  37 381 661 907
221 :  196 601 641 745
222 :  68 446 578 831
223 :  76 262 412 530 663
224 :  208 278 1165
225 :  61 308 403 438 484
226 :  271 341 750
227 :  136 977 1046
228 :  190 385 1018
229 :  84 305 343
230 :  8 483 1061 1103
231 :  81 85 95 110 346 406
232 :  83 1098
233 :  137 769 881
234 :  54 447 631 669 1077
235 :  627 723 1076
236 :  216 337 693
237 :  133 190 358 409 464
238 :  136 173 201 700 977
239 :  14 635 894
240 :  147 350 483
241 :  452 770
242 :  17 80 166 396
243 :  3 97 360 741 848
244 :  75 102 517
245 :  370 386 424 781 822 825
246 :  20 52 141 157 209
247 :  310 317 414 532 862
248 :  145 347 1227
249 :  303 416 624 794
250 :  1200
251 :  42 193 291 295 379
252 :  71 106 120 339
253 :  121 180 215 336 1232
254 :  78 108 117 269 508
255 :  123 368 427 1232
256 :  334 666 1298
257 :  275 364 379 447
258 :  1120
259 :  44 129 436 1125
260 :  121 573 1281 1282
261 :  205 313 354 535 913
262 :  134 223 318 663
263 :  148 363 655 778
264 :  50 282 289 432 874
265 :  132 1016
266 :  171 187 1060 1295
267 :  118 1012 1279
268 :  174 187 188 431
269 :  108 254 296 464
270 :  370 632 784 909
271 :  45 226 341 402 1097
272 :  338 475 950 969 985
273 :  196 293 540 548 720
274 :  115 441 489
275 :  54 257 680 721
276 :  84 203 667 921
277 :  387 747 983
278 :  224 415 832 1165
279 :  184 461 685 1145
280 :  480
281 :  302 331 668 786 840
282 :  58 59 182 264
283 :  169 722 890 916
284 :  84 343 349 351 796
285 :  361 734
286 :  193 364 379 638 659
287 :  133 473 888 1229
288 :  102 308 403 767
289 :  182 264 432 621
290 :  773 877
291 :  42 63 83 251 295 527
292 :  408 450 491 772
293 :  273 540 720 924
294 :  103 160 310 346 394 406
295 :  145 251 291
296 :  269 385 464 471
297 :  604 607 1034 1236
298 :  72 192 521 680 721
299 :  348 554 556
300 :  132 785 1040
301 :  459 657 794 809 837
302 :  281 760 840
303 :  249 538 890 906
304 :  808 809 929
305 :  84 181 203 229 553
306 :  51 423 425 708 803
307 :  114 172 177 404 597 997
308 :  225 288 309 403 675
309 :  308 767 839 844
310 :  103 160 247 294 414 862
311 :  126 401 570 737
312 :  592 602 630
313 :  62 181 261 314
314 :  181 200 313 889
315 :  212 332 338 892 985
316 :  167 665
317 :  247 336 414 493 532 533
318 :  179 262 330 644 702
319 :  567 800
320 :  402 727 1014
321 :  86 432 799 815
322 :  53 70 335 500 585
323 :  119 186 418 509 812
324 :  326 645 1267 1296
325 :  43 331 840 1046
326 :  324 645 663 1296
327 :  94 332 494 952 957
328 :  159 356 439 596 771
329 :  480 539 789 917
330 :  11 134 157 318
331 :  128 281 325 542 668 840
332 :  94 212 315 327
333 :  495 517 767
334 :  36 256 359
335 :  164 322 585 738 761
336 :  253 317 414 493 1232
337 :  236 398 499 842
338 :  272 315 783 795
339 :  71 106 252 704
340 :  213 390 581 1233
341 :  45 226 271 850
342 :  68 446 560
343 :  84 229 284 796 974
344 :  61 155 438 477
345 :  19 27 183 773 859
346 :  60 81 231 294 394 406
347 :  193 248 659 923
348 :  299 375 446 556
349 :  170 284 351 366 455
350 :  240 359 759
351 :  170 284 349
352 :  206 385 593 718
353 :  371 445 510 568
354 :  205 261 428 535
355 :  547 564 614 755 813 852
356 :  159 328 434 572 771
357 :  158 670 714 821
358 :  133 237 473 612 1242
359 :  147 334 350 604 1034
360 :  243 741 1192
361 :  34 199 285 384
362 :  56 367 417 490
363 :  263 476 911
364 :  257 286 680
365 :  21 423 520 715
366 :  170 349 574
367 :  362 417 450 491
368 :  126 176 255 427 764 855
369 :  87 626 1077
370 :  245 270 386 467 598 781
371 :  353 441 445 572 660
372 :  602 605 614 718 813
373 :  599 713 865
374 :  474 868
375 :  109 348 537 556
376 :  495 517 674 878
377 :  399 447 669
378 :  53 137 194
379 :  251 257 286 399
380 :  125 162 907
381 :  220 419 682 705 753
382 :  141 179 644 1280
383 :  46 425 736 1083
384 :  34 153 361
385 :  228 296 352 471 593 1018
386 :  245 370 467 740 822
387 :  59 182 277 478
388 :  159 549 596 902
389 :  599 1018
390 :  340 724
391 :  559 746
392 :  627 723 937
393 :  453 500 551 585
394 :  60 103 113 139 294 346
395 :  146 209 523
396 :  22 242 523 628
397 :  869
398 :  337 526 693 707 780
399 :  42 377 379 447
400 :  57 218 597 658
401 :  100 214 311 737 790
402 :  271 320 750 1097
403 :  81 85 225 288 308
404 :  114 307 588 597
405 :  452 647 876
406 :  95 160 231 294 346 637
407 :  211 565 798
408 :  292 579 765 854
409 :  108 237 524 615
410 :  654 669 886
411 :  562 665
412 :  40 223 534
413 :  211 526 576 616 730
414 :  219 247 310 317 336
415 :  197 278 498 893
416 :  169 249 459 722 794
417 :  362 367 671
418 :  119 135 146 323 926
419 :  69 381 705 924 961
420 :  65 701 735
421 :  34
422 :  482 657 837
423 :  51 306 365 520 708
424 :  245 496 781 843
425 :  99 168 306 383 736
426 :  23 67 703 829 914
427 :  113 126 219 255 368
428 :  354 470 474 535
429 :  127 616
430 :  600 687 891 1244
431 :  168 174 188 268 472
432 :  57 264 289 321
433 :  537 580 706 1239
434 :  67 91 356
435 :  68 70 466 560 762 915
436 :  32 259 970
437 :  507 672 819
438 :  61 225 344 477 484
439 :  328 530 534 962 1268
440 :  24 64 620
441 :  25 91 274 371
442 :  98 151 498 505
443 :  19 130 558 683
444 :  454 958
445 :  353 371 510 660 719
446 :  222 342 348
447 :  54 234 257 377 399
448 :  9
449 :  34 58 59
450 :  56 292 367 765
451 :  460 1258
452 :  241 405 876
453 :  393 551 585 608 629 761
454 :  444 870 987
455 :  349 796
456 :  518 1029 1147
457 :  660 676 719
458 :  9 606 1055 1095
459 :  301 416 657 696 766 794
460 :  451 1246
461 :  184 279 552 871
462 :  839 844
463 :  852
464 :  108 237 269 296
465 :  574 742
466 :  70 216 435 915
467 :  370 386 469 540
468 :  752 776 827
469 :  167 467 598 601 641
470 :  127 428 576
471 :  296 385 567 593
472 :  51 188 202 431
473 :  133 287 358 612
474 :  127 374 428 535
475 :  94 272 943 969
476 :  363 566
477 :  344 438 1001
478 :  387 487 618 747
479 :  1042 1111
480 :  280 329 539 917
481 :  873 934 1298
482 :  422 561 594
483 :  147 230 240 1075
484 :  225 438 675 940
485 :  218 621 847
486 :  190 609 754 876
487 :  182 478 621 847
488 :  14
489 :  171 274 1060
490 :  362 823 1171
491 :  292 367 557 772
492 :  725 731 1225
493 :  121 317 336
494 :  101 327 952 957
495 :  333 376 767 782
496 :  424 514 529 646 825
497 :  124 189 603 863 877
498 :  151 415 442
499 :  337 707 930
500 :  216 322 393 585 842
501 :  183 859
502 :  45 653 769 850
503 :  510 532 533 719 749 1281
504 :  755 824 852
505 :  98 210 442
506 :  627 900 1025
507 :  437 819
508 :  108 254 524 583
509 :  323 558 812
510 :  353 445 503 568 749
511 :  817 1257
512 :  180 215 613 623
513 :  138 148 633
514 :  161 204 496 646
515 :  117 739
516 :  565 802
517 :  244 333 376
518 :  456 745
519 :  931
520 :  365 423 708
521 :  192 298 680 948 1228
522 :  100 651 751 1258
523 :  143 395 396 628 926
524 :  108 409 508 615
525 :  618 747
526 :  211 398 413 693 730 780
527 :  83 291 883
528 :  872 873 934 1297
529 :  496 536 843 853
530 :  223 439 663 1268
531 :  999 1061
532 :  247 317 503 533 749
533 :  317 503 532 1281
534 :  40 412 439 962
535 :  261 354 428 474 913
536 :  529 646
537 :  375 433 556 622
538 :  37 303 816 890
539 :  105 329 480 789 903
540 :  196 273 293 467 601
541 :  72 87 694 721
542 :  174 187 331 668
543 :  13 39 74 76 836
544 :  10 149 1083 1210
545 :  72 192 546 728
546 :  192 545
547 :  355 756 813 852
548 :  14 273 973 1085 1154
549 :  388 676 902 1282
550 :  46 700
551 :  393 453 595 629
552 :  154 184 461 871
553 :  305
554 :  194 299
555 :  613 623 677 692 776
556 :  299 348 375 537 622 1014
557 :  491 772 775
558 :  19 183 186 443 509
559 :  87 391 626 694
560 :  53 70 342 435
561 :  130 482 879
562 :  411 1187
563 :  833 1001
564 :  355 614 755
565 :  407 516 707 780 802
566 :  476 810 834
567 :  319 471 592 800 880
568 :  353 510 691 792 1060
569 :  8 165
570 :  311 764 882
571 :  579 647
572 :  91 159 356 371
573 :  121 178 260 642 1282
574 :  366 465 591 824
575 :  797 798
576 :  127 413 470 616
577 :  138 148 778
578 :  222 831 849 884
579 :  408 571 1248
580 :  433 706 1239
581 :  123 213 340 1233
582 :  677 1265 1279
583 :  78 508 619
584 :  638 680 938 1228
585 :  322 335 393 453 500
586 :  63 759 774 904
587 :  655 834 980
588 :  114 154 404 1231
589 :  118 135 885
590 :  611 618
591 :  170 574 698
592 :  312 567 593 630 880
593 :  352 385 471 592
594 :  482 620 696 879
595 :  551 930
596 :  328 388 902 1268
597 :  307 400 404 658
598 :  370 469
599 :  206 373 389 865
600 :  119 430 683 744 1244
601 :  221 469 540 641
602 :  312 372
603 :  497 877
604 :  297 359 1034
605 :  372 713 813
606 :  111 458
607 :  297 712 717
608 :  453 629 761 1290
609 :  133 190 486 888
610 :  185 187 668 786
611 :  590 1004
612 :  358 473
613 :  215 512 555 801
614 :  355 372 564 813
615 :  409 524 1099
616 :  127 211 413 429 576
617 :  154 172 184 989 1037
618 :  478 525 590 847
619 :  78 583 684 841
620 :  440 594 696
621 :  289 485 487
622 :  537 556 1014
623 :  512 555 692 1233
624 :  249 643 681 733 906
625 :  208 703 735
626 :  87 369 559 1107 1195
627 :  235 392 506 1076
628 :  166 396 523
629 :  453 551 608
630 :  312 592 880
631 :  234 654
632 :  270 784 909 967
633 :  112 513 711
634 :  1125
635 :  175 239 661
636 :  690 1096
637 :  160 406 673 919
638 :  286 584 659 938
639 :  697 711 980
640 :  104 955 1062
641 :  167 221 469 601
642 :  178 573 827 1267
643 :  624 733 794
644 :  179 318 382 645 702
645 :  324 326 644 702 1280
646 :  204 496 514 536
647 :  405 571
648 :  653 1289
649 :  947 1072
650 :  811 896 942 1240
651 :  522 751 790 1235
652 :  31 163 701 1047
653 :  502 648 769 850
654 :  410 631 669
655 :  148 263 587 980
656 :  1107
657 :  301 422 459 696 837
658 :  218 400 597
659 :  193 286 347 638 923
660 :  159 371 445 457
661 :  175 220 635 705 907
662 :  770 788 810
663 :  223 262 326 530 702
664 :  1129
665 :  167 316 411
666 :  256 1034
667 :  276
668 :  187 281 331 542 610 786
669 :  234 377 410 654
670 :  158 357 714
671 :  417 775
672 :  437 922 1005
673 :  185 637 919
674 :  376 782 878
675 :  308 484 839 940
676 :  457 549
677 :  555 582 692 695
678 :  821 863 1106
679 :  185 786 919
680 :  275 298 364 521 584
681 :  204 624 733
682 :  37 161 381 753
683 :  130 186 443 600 1244
684 :  619 841 870 1024
685 :  279 965 1145
686 :  86 944 1121
687 :  430 828 1244 1264
688 :  782 1250
689 :  900 1025 1264
690 :  636
691 :  568 749 858
692 :  555 623 677 1266
693 :  236 398 526 730
694 :  541 559 728
695 :  677 768 776
696 :  459 594 620 657 766
697 :  639 770
698 :  591 755 824
699 :  963 1039
700 :  136 238 550 999
701 :  31 420 652 1047
702 :  318 644 645 663
703 :  426 625
704 :  106 339 1090
705 :  69 381 419 661
706 :  109 433 580 908 1002
707 :  398 499 565 780 802
708 :  306 423 520 803
709 :  925 979 1261 1293
710 :  210 832
711 :  633 639
712 :  607 1250
713 :  206 373 605 718
714 :  357 670
715 :  21 365 1100
716 :  135 744 885
717 :  145 607
718 :  352 372 713
719 :  445 457 503 1281
720 :  69 273 293 924 973
721 :  72 275 298 541
722 :  169 283 416 890
723 :  235 392 1234
724 :  390 1230 1234
725 :  492 1225 1283
726 :  809 896 929
727 :  320 1014
728 :  72 545 694
729 :  901 910
730 :  413 526 693 899
731 :  492 1225
732 :  191 212
733 :  624 643 681 808
734 :  47 199 285
735 :  65 420 625
736 :  149 383 425 803
737 :  113 126 139 311 401
738 :  164 335 761 1288
739 :  117 515
740 :  386 822
741 :  97 198 243 360
742 :  465 860
743 :  22 124 143 812
744 :  119 600 716
745 :  221 518
746 :  391 911 949
747 :  277 478 525
748 :  930
749 :  503 510 532 691
750 :  226 402 984
751 :  522 651
752 :  468 827 1280
753 :  381 682 822 961
754 :  486 1270
755 :  355 504 564 698 852
756 :  547 813
757 :  854 865 945
758 :  894 1198
759 :  350 586 774
760 :  110 302
761 :  335 453 608 738
762 :  68 435 884 915 996
763 :  925 1247
764 :  126 368 570 855 882
765 :  112 408 450
766 :  169 459 696
767 :  288 309 333 495
768 :  695 1012
769 :  233 502 653 881
770 :  241 662 697 810
771 :  328 356 962
772 :  292 491 557 960
773 :  27 144 290 345
774 :  63 586 759
775 :  557 671
776 :  468 555 695 801
777 :  1037 1190
778 :  89 263 577
779 :  213 819
780 :  211 398 526 565 707
781 :  245 370 424 909
782 :  495 674 688
783 :  338 950
784 :  270 632
785 :  101 132 300 1213
786 :  281 610 668 679
787 :  835 925 1283
788 :  662 927
789 :  329 539 903
790 :  100 401 651 1235
791 :  1093
792 :  568 858 1060 1295
793 :  25 67 151 197
794 :  249 301 416 459 643
795 :  338 892 1020
796 :  284 343 455
797 :  575 798 857 898
798 :  407 575 797
799 :  86 321
800 :  319 567 880
801 :  178 613 776 827
802 :  516 565 707 930
803 :  149 306 708 736
804 :  844
805 :  1253
806 :  984 1013 1073 1238
807 :  891 937 1230
808 :  304 733 981
809 :  301 304 726 837
810 :  566 662 770
811 :  650 1264
812 :  143 323 509 743
813 :  355 372 547 605 614 756
814 :  1003 1127
815 :  50 86 321
816 :  538 890 916 978
817 :  511
818 :  15 912 970
819 :  437 507 779
820 :  959
821 :  17 189 357 678
822 :  245 386 740 753 825 961
823 :  138 490 1171
824 :  504 574 698
825 :  245 496 822
826 :  895 972 1030
827 :  468 642 752 801
828 :  687 1244 1264
829 :  140 426 914
830 :  96 100 1258
831 :  222 578 849
832 :  278 710
833 :  563 1277
834 :  566 587
835 :  787 938 1228
836 :  39 76 134 543
837 :  301 422 657 809
838 :  12 82
839 :  309 462 675
840 :  281 302 325 331 1251
841 :  619 684 856
842 :  216 337 500
843 :  424 529 853
844 :  309 462 804
845 :  936
846 :  1256
847 :  485 487 618
848 :  3 243 1064
849 :  578 831 975 1019
850 :  341 502 653
851 :  160 862
852 :  355 463 504 547 755
853 :  529 843 933 1243
854 :  408 757
855 :  368 764 882
856 :  841 1045
857 :  797 871 898 1039
858 :  691 792 861
859 :  183 345 501
860 :  742
861 :  185 858 1295
862 :  160 247 310 851
863 :  189 497 678
864 :  939 987 993
865 :  373 599 757 945
866 :  920
867 :  869 1008
868 :  374 963
869 :  397 867 1008 1285 1292
870 :  454 684 987 1024
871 :  461 552 857
872 :  528 934 1294
873 :  173 481 528 1298
874 :  50 58 264
875 :  1230 1265 1266
876 :  405 452 486 888 1270
877 :  290 497 603
878 :  376 674
879 :  55 130 561 594
880 :  567 592 630 800
881 :  233 769 1287 1288
882 :  570 764 855 1005
883 :  527 904
884 :  68 578 762 996
885 :  135 589 716
886 :  410
887 :  1016
888 :  287 609 876
889 :  314 1004
890 :  283 303 538 722 816 916
891 :  430 807
892 :  212 315 795
893 :  140 197 415
894 :  175 239 758
895 :  826 1065
896 :  650 726
897 :  33 79 1113
898 :  797 857
899 :  730 1007 1021
900 :  506 689
901 :  729 910
902 :  388 549 596 1267 1296
903 :  47 539 789
904 :  586 883
905 :  928 1036 1238
906 :  204 303 624
907 :  125 175 220 380 661
908 :  706 958 1002
909 :  270 632 781
910 :  729 901 1004
911 :  363 746
912 :  107 818 1003 1197
913 :  261 535
914 :  67 140 426 829
915 :  435 466 762
916 :  35 283 816 890
917 :  329 480
918 :  932 1235
919 :  95 637 673 679
920 :  866 932
921 :  203 276
922 :  672 1005
923 :  347 659 1226
924 :  69 293 419 720 961
925 :  709 763 787
926 :  143 146 418 523
927 :  788 1027
928 :  905 1073 1238
929 :  304 726 981
930 :  499 595 748 802
931 :  519 942
932 :  918 920
933 :  853 981 1289
934 :  481 528 872
935 :  939 1036 1262
936 :  845
937 :  392 807 1230
938 :  584 638 835 1228
939 :  864 935 993 1263
940 :  484 675 1001 1033 1241
941 :  947
942 :  650 931 1240
943 :  94 101 475 969
944 :  686 1121
945 :  757 865 1248
946 :  1015 1023
947 :  649 941
948 :  192 521 1247
949 :  89 746
950 :  272 783 969
951 :  75 110
952 :  327 494
953 :  1042
954 :  205 1252
955 :  79 104 640
956 :  976
957 :  94 101 327 494
958 :  444 908 972
959 :  820 1013
960 :  772 966 1271
961 :  419 753 822 924
962 :  439 534 771
963 :  699 868
964 :  117 1000
965 :  685 988 1028
966 :  960 1271
967 :  632 1089 1291
968 :  50 86
969 :  272 475 943 950
970 :  32 436 818
971 :  172 177
972 :  826 958 1002 1026 1041
973 :  14 548 720 998
974 :  343
975 :  849 1019 1044
976 :  956
977 :  136 173 227 238
978 :  37 162 816
979 :  709 1070 1078
980 :  587 639 655
981 :  808 929 933
982 :  1045 1224 1260
983 :  277
984 :  750 806 1205
985 :  94 272 315
986 :  1105
987 :  454 864 870
988 :  965 1028
989 :  172 617 1206
990 :  1099 1260
991 :  1015 1035
992 :  1031 1054
993 :  864 939
994 :  1045 1224 1245 1278
995 :  111 177
996 :  762 884
997 :  307
998 :  14 973
999 :  10 531 700 1152
1000 :  964 1065
1001 :  477 563 940 1241
1002 :  109 706 908 972
1003 :  814 912
1004 :  611 889 910
1005 :  672 882 922
1006 :  1099 1242 1249
1007 :  899 1021
1008 :  867 869
1009 :  1031 1110 1252 1272
1010 :  1110
1011 :  11 29 92 217
1012 :  141 267 768
1013 :  806 959
1014 :  320 556 622 727
1015 :  946 991 1032
1016 :  265 887 1133
1017 :  9 1134
1018 :  228 385 389
1019 :  849 975 1044
1020 :  795
1021 :  899 1007
1022 :  1052 1284
1023 :  946 1035
1024 :  684 870 1058
1025 :  506 689 1264
1026 :  972
1027 :  927 1247
1028 :  93 965 988
1029 :  456 1204
1030 :  826 1096
1031 :  992 1009 1273
1032 :  1015
1033 :  940 1241
1034 :  297 359 604 666
1035 :  991 1023
1036 :  905 935 1066
1037 :  184 617 777 1190
1038 : 
1039 :  699 857
1040 :  300
1041 :  972
1042 :  479 953
1043 :  1089 1286
1044 :  975 1019 1275
1045 :  856 982 994 1224
1046 :  43 136 227 325
1047 :  652 701
1048 :  20 52 150 166
1049 :  1074 1104 1219
1050 :  1094 1126
1051 :  89
1052 :  1022
1053 :  1168 1209
1054 :  992
1055 :  458 1095 1116
1056 :  2
1057 :  0 1119 1172
1058 :  1024
1059 :  1088 1196
1060 :  266 489 568 792
1061 :  230 531 1103
1062 :  0 3 640
1063 :  1158
1064 :  848 1126
1065 :  895 1000
1066 :  1036 1238
1067 :  5
1068 :  1078
1069 :  1253 1254 1255
1070 :  979 1078 1293
1071 :  1128 1149 1156
1072 :  649 1111
1073 :  806 928
1074 :  1049 1104
1075 :  147 201 483
1076 :  235 627
1077 :  54 234 369
1078 :  979 1068 1070
1079 :  1139 1183
1080 :  1133 1142
1081 :  149 1191
1082 : 
1083 :  149 383 544
1084 :  1136
1085 :  14 548 1135
1086 :  5
1087 :  1150 1158
1088 :  14 1059 1196
1089 :  967 1043
1090 :  48 704
1091 :  1092
1092 :  1091 1194
1093 :  791 1126
1094 :  212 1050
1095 :  458 1055
1096 :  636 1030
1097 :  271 402
1098 :  232 1137
1099 :  615 990 1006 1260
1100 :  715
1101 :  1151
1102 : 
1103 :  230 1061 1173
1104 :  1049 1074
1105 :  88 986
1106 :  156 678
1107 :  626 656
1108 : 
1109 :  1160 1171
1110 :  1009 1010 1272 1274
1111 :  77 479 1072
1112 :  4 1179
1113 :  897 1119
1114 :  1163 1202
1115 :  6 1121 1122
1116 :  1055 1120
1117 :  1175 1188 1223
1118 :  4 1186
1119 :  0 1057 1113 1172
1120 :  258 1116 1181
1121 :  6 686 944 1115
1122 :  1115
1123 :  107
1124 :  156 1140 1157
1125 :  259 634
1126 :  1050 1064 1093
1127 :  814
1128 :  1 1071
1129 :  664 1174
1130 :  1137
1131 :  1220
1132 :  77 131 1222
1133 :  1016 1080 1172
1134 :  1017 1203
1135 :  4 1085
1136 :  1084 1151
1137 :  1098 1130
1138 :  1148
1139 :  1079 1169
1140 :  1124 1164
1141 :  1216
1142 :  1080 1153
1143 : 
1144 :  1147 1162
1145 :  207 279 685
1146 :  1191
1147 :  456 1144 1199
1148 :  77 1138
1149 :  1071 1156
1150 :  1087 1185
1151 :  1101 1136 1152
1152 :  10 999 1151
1153 :  16 1142
1154 :  4 548
1155 :  196
1156 :  1071 1149
1157 :  38 1124 1214
1158 :  1063 1087 1216
1159 :  208
1160 :  1109 1171
1161 :  191
1162 :  1144
1163 :  1114 1202 1215
1164 :  1140 1214
1165 :  224 278
1166 :  1184
1167 :  1184 1219
1168 :  1053
1169 :  1 1139
1170 :  1193
1171 :  490 823 1109 1160
1172 :  1057 1119 1133
1173 :  1103
1174 :  48 1129
1175 :  1117 1188
1176 :  116 142
1177 :  10
1178 :  4
1179 :  1112
1180 :  207
1181 :  28 1120
1182 :  1183
1183 :  1079 1182
1184 :  152 1166 1167 1207
1185 :  1150
1186 :  1118 1204
1187 :  562
1188 :  1117 1175
1189 : 
1190 :  207 777 1037
1191 :  1081 1146 1210
1192 :  7 360 1201
1193 :  1170
1194 :  1092
1195 :  626
1196 :  1059 1088
1197 :  107 912
1198 :  26 758
1199 :  1147
1200 :  250
1201 :  1192
1202 :  1114 1163 1209
1203 :  1134
1204 :  1029 1186
1205 :  984
1206 :  989
1207 :  1184 1218
1208 :  88
1209 :  1053 1202
1210 :  10 544 1191
1211 : 
1212 : 
1213 :  101 785
1214 :  1157 1164
1215 :  1163
1216 :  1141 1158
1217 :  38
1218 :  1207
1219 :  152 1049 1167
1220 :  38 1131
1221 :  9
1222 :  1132
1223 :  1117
1224 :  982 994 1045 1278
1225 :  492 725 731
1226 :  923
1227 :  248 1254
1228 :  521 584 835 938
1229 :  287
1230 :  724 807 875 937 1265
1231 :  588
1232 :  180 219 253 255 336
1233 :  340 581 623
1234 :  723 724
1235 :  651 790 918
1236 :  63 297
1237 :  210
1238 :  806 905 928 1066
1239 :  433 580
1240 :  650 942
1241 :  940 1001 1033
1242 :  358 1006
1243 :  853
1244 :  130 430 600 683 687 828
1245 :  994 1259
1246 :  460 1263
1247 :  763 948 1027
1248 :  579 945 1270
1249 :  1006 1261
1250 :  688 712
1251 :  840 1294 1297
1252 :  954 1009
1253 :  805 1069 1254
1254 :  1069 1227 1253
1255 :  1069
1256 :  846
1257 :  511 1258
1258 :  451 522 830 1257
1259 :  1245
1260 :  982 990 1099
1261 :  709 1249
1262 :  935 1263
1263 :  939 1246 1262
1264 :  687 689 811 828 1025
1265 :  582 875 1230
1266 :  692 875
1267 :  324 642 902 1282
1268 :  439 530 596 1296
1269 :  31 65
1270 :  754 876 1248
1271 :  960 966
1272 :  1009 1110 1274
1273 :  1031 1276
1274 :  1110 1272 1275
1275 :  1044 1274
1276 :  1273
1277 :  833
1278 :  994 1224
1279 :  267 582
1280 :  382 645 752
1281 :  260 503 533 719
1282 :  260 549 573 1267
1283 :  725 787 1293
1284 :  1022
1285 :  869 1292
1286 :  1043 1288 1290
1287 :  881 1288
1288 :  738 881 1286 1287 1290
1289 :  648 933
1290 :  608 1286 1288
1291 :  967 1292
1292 :  869 1285 1291
1293 :  709 1070 1283
1294 :  872 1251
1295 :  266 792 861
1296 :  324 326 902 1268
1297 :  528 1251
1298 :  36 256 481 873
