706 472 15 144 144 144 0
740 164 7 55 55 55 1
626 130 9 47 47 47 2
134 22 11 55 55 55 3
664 206 16 27 27 27 4
108 538 9 38 38 38 5
728 432 5 130 130 130 6
682 514 14 196 196 196 7
556 86 8 24 24 24 8
712 330 7 68 68 68 9
742 346 7 77 77 77 10
622 546 10 27 27 27 11
172 548 21 24 24 24 12
526 576 21 24 24 24 13
710 234 20 24 24 24 14
92 482 14 24 24 24 15
146 160 12 211 211 211 16
120 138 11 235 235 235 17
98 188 11 201 201 201 18
640 56 14 24 24 24 19
516 50 19 24 24 24 20
392 52 11 147 147 147 21
754 396 11 114 114 114 22
222 104 9 139 139 139 23
712 290 9 60 60 60 24
314 114 13 221 221 221 25
190 156 8 145 145 145 26
58 380 9 204 204 204 27
240 114 10 115 115 115 28
90 238 14 253 253 253 29
336 102 12 206 206 206 30
80 302 13 246 246 246 31
430 24 10 17 17 17 32
316 90 10 169 169 169 33
742 308 10 70 70 70 34
142 134 11 237 237 237 35
696 112 11 17 17 17 36
182 96 9 158 158 158 37
78 198 10 197 197 197 38
370 60 12 162 162 162 39
692 420 14 169 168 170 40
630 408 10 72 72 72 41
398 74 10 200 200 200 42
176 478 9 254 254 254 43
434 94 8 218 218 218 44
292 42 7 24 24 24 45
122 162 11 239 239 239 46
104 212 13 236 236 236 47
650 448 12 178 178 178 48
270 558 10 214 214 214 49
128 426 10 249 249 249 50
350 76 13 163 163 163 51
418 228 9 195 195 195 52
108 446 10 228 228 228 53
610 460 8 111 111 111 54
132 86 10 18 18 18 55
378 82 11 197 197 197 56
708 394 15 130 131 129 57
74 392 10 234 234 234 58
210 154 7 130 130 130 59
456 246 9 181 181 181 60
326 570 10 209 209 209 61
334 126 10 143 143 143 62
474 552 9 239 239 239 63
686 308 21 67 67 67 64
672 402 12 90 90 90 65
642 384 8 64 64 64 66
240 366 10 253 253 253 67
248 384 8 245 245 245 68
556 348 8 251 251 251 69
232 536 8 156 156 156 70
362 96 10 167 167 167 71
68 214 7 173 173 173 72
78 346 11 235 235 235 73
82 270 16 246 246 246 74
454 284 8 230 230 230 75
484 84 9 162 162 162 76
472 258 8 192 192 192 77
138 114 8 221 221 221 78
354 546 8 165 165 165 79
412 50 8 148 148 148 80
100 166 10 201 201 201 81
196 410 7 235 235 235 82
122 194 11 223 223 223 83
568 530 14 27 27 27 84
388 406 6 237 237 237 85
678 448 15 190 190 190 86
194 116 9 202 202 202 87
228 384 11 248 248 248 88
122 118 8 231 231 231 89
250 568 8 153 153 153 90
568 390 8 234 234 234 91
210 400 9 242 242 242 92
726 370 11 96 96 96 93
344 578 8 174 174 174 94
200 48 11 17 17 17 95
408 602 9 17 17 17 96
630 460 11 173 173 173 97
104 278 6 239 239 239 98
170 156 9 171 171 171 99
580 184 15 17 17 17 100
722 576 14 219 219 219 101
192 376 7 239 239 239 102
276 364 7 251 251 251 103
656 494 9 207 207 207 104
546 356 4 233 233 233 105
62 326 12 253 253 253 106
106 424 9 245 245 245 107
286 348 7 255 255 255 108
736 548 15 197 197 197 109
212 416 7 241 241 241 110
222 328 9 248 248 248 111
660 472 13 211 211 211 112
614 478 10 190 190 190 113
162 98 7 163 163 163 114
366 22 9 17 17 17 115
396 436 9 242 242 242 116
390 304 5 190 190 190 117
194 394 8 237 237 237 118
688 276 11 63 63 63 119
458 546 8 190 190 190 120
242 328 9 255 255 255 121
630 268 8 54 54 54 122
94 326 11 240 240 240 123
86 156 6 176 176 176 124
414 408 8 230 230 230 125
240 188 10 222 222 222 126
276 158 10 171 171 171 127
176 114 9 225 225 225 128
196 274 6 230 230 230 129
430 50 6 126 126 126 130
240 276 7 223 223 223 131
254 104 6 110 110 110 132
446 54 6 126 126 126 133
258 314 8 254 254 254 134
552 286 6 153 153 153 135
118 406 11 235 235 235 136
326 72 10 129 129 129 137
322 146 11 93 93 93 138
534 548 8 16 16 16 139
740 492 13 204 204 204 140
400 478 6 234 234 234 141
140 184 9 199 199 199 142
262 176 12 187 187 187 143
132 450 11 248 248 248 144
436 236 8 186 186 186 145
456 568 9 17 17 17 146
252 348 10 254 254 254 147
48 266 7 228 228 228 148
524 606 9 17 17 17 149
200 194 7 238 238 238 150
100 146 8 194 194 194 151
248 132 9 93 93 93 152
308 72 7 175 175 175 153
264 510 8 242 242 242 154
242 166 10 118 118 118 155
178 498 9 209 209 209 156
322 594 4 141 141 141 157
428 566 7 165 165 165 158
614 64 6 14 14 14 159
64 442 11 10 10 10 160
186 134 8 196 196 196 161
54 302 11 252 252 252 162
230 596 8 17 17 17 163
662 424 12 129 129 129 164
616 258 7 49 49 49 165
258 366 7 253 253 253 166
260 56 10 17 17 17 167
180 176 8 141 141 141 168
202 98 8 137 137 137 169
134 268 7 172 172 172 170
192 346 8 247 247 247 171
438 114 6 148 148 148 172
148 564 7 12 12 12 173
420 70 10 175 175 175 174
82 172 8 180 180 180 175
452 230 7 141 141 141 176
198 566 10 16 16 16 177
206 136 7 156 156 156 178
524 146 7 114 114 114 179
96 400 11 233 233 233 180
376 114 8 105 105 105 181
542 420 6 218 218 218 182
114 342 11 217 217 217 183
644 254 11 51 51 51 184
160 464 9 249 249 249 185
116 386 8 216 216 216 186
460 60 7 101 101 101 187
254 282 6 237 237 237 188
666 264 12 52 52 52 189
200 258 5 223 223 223 190
182 194 8 217 217 217 191
224 276 7 235 235 235 192
572 356 8 237 237 237 193
652 366 9 60 60 60 194
292 112 8 185 185 185 195
610 234 9 47 47 47 196
164 364 5 197 197 197 197
288 144 8 154 154 154 198
136 370 8 251 251 251 199
98 358 11 220 220 220 200
238 96 8 91 91 91 201
418 470 6 221 221 221 202
646 574 8 17 17 17 203
354 530 7 161 161 161 204
280 518 9 203 203 203 205
422 246 9 222 222 222 206
46 366 7 203 203 203 207
528 108 7 153 153 153 208
50 282 9 247 247 247 209
636 484 12 220 220 220 210
622 442 8 92 92 92 211
586 360 5 171 171 171 212
158 482 9 226 226 226 213
68 366 8 212 212 212 214
556 366 9 249 249 249 215
430 128 7 169 169 169 216
554 332 6 238 238 238 217
460 460 5 196 196 196 218
616 200 14 17 17 17 219
40 236 11 13 13 13 220
222 172 10 114 114 114 221
38 352 9 186 186 186 222
538 264 6 157 157 157 223
672 586 13 95 95 95 224
254 268 7 209 209 209 225
270 348 7 255 255 255 226
214 266 7 232 232 232 227
488 256 7 176 176 176 228
164 134 9 218 218 218 229
390 392 4 224 224 224 230
640 322 6 54 54 54 231
224 310 9 244 244 244 232
448 84 8 144 144 144 233
536 122 8 148 148 148 234
444 296 7 225 225 225 235
136 208 8 247 247 247 236
26 254 11 17 17 17 237
244 400 8 239 239 239 238
394 218 6 194 194 194 239
154 444 8 247 247 247 240
430 456 7 238 238 238 241
582 388 6 204 204 204 242
156 520 7 15 15 15 243
208 380 9 247 247 247 244
256 584 5 115 115 115 245
438 220 6 139 139 139 246
310 582 7 181 181 181 247
304 238 5 154 154 154 248
502 260 4 184 184 184 249
402 462 9 235 235 235 250
142 470 9 224 224 224 251
482 48 9 19 19 19 252
180 514 7 186 186 186 253
404 516 5 199 199 199 254
212 120 9 174 174 174 255
654 510 7 216 216 216 256
198 424 5 240 240 240 257
476 138 8 171 171 171 258
200 174 12 128 128 128 259
190 318 6 247 247 247 260
274 500 5 232 232 232 261
400 128 7 177 177 177 262
20 146 5 17 17 17 263
270 536 10 231 231 231 264
156 114 9 214 214 214 265
210 280 7 237 237 237 266
400 416 8 238 238 238 267
238 292 9 242 242 242 268
200 474 6 248 248 248 269
306 548 8 203 203 203 270
734 284 5 40 40 40 271
340 56 9 113 113 113 272
182 276 6 230 230 230 273
568 324 7 216 216 216 274
150 200 8 248 248 248 275
414 576 7 167 167 167 276
684 374 14 68 68 68 277
260 442 3 236 236 236 278
752 466 13 214 214 214 279
132 352 9 221 221 221 280
220 194 8 245 245 245 281
116 368 9 229 229 229 282
412 428 7 250 250 250 283
494 158 7 66 66 66 284
402 230 7 230 230 230 285
726 610 14 227 227 227 286
514 98 9 179 179 179 287
112 314 8 248 248 248 288
556 566 10 17 17 17 289
324 548 9 214 214 214 290
554 382 7 245 245 245 291
620 372 7 51 51 51 292
2 282 24 24 24 24 293
712 500 4 70 70 70 294
596 226 6 48 48 48 295
614 508 12 22 22 22 296
156 394 6 212 212 212 297
662 382 7 67 67 67 298
388 102 7 157 157 157 299
562 404 7 230 230 230 300
606 432 6 63 63 63 301
296 524 7 222 222 222 302
398 490 5 212 212 212 303
226 420 6 238 238 238 304
668 356 8 56 56 56 305
284 72 13 17 17 17 306
250 548 11 185 185 185 307
486 524 7 209 209 209 308
500 106 7 221 221 221 309
212 346 9 250 250 250 310
254 526 8 217 217 217 311
428 436 7 241 241 241 312
224 502 7 227 227 227 313
340 536 7 158 158 158 314
404 264 8 241 241 241 315
726 516 11 212 211 213 316
382 148 6 97 97 97 317
170 396 6 217 217 217 318
408 116 7 218 218 218 319
402 162 5 85 85 85 320
572 374 8 245 245 245 321
72 412 8 179 179 179 322
646 278 10 52 52 52 323
240 416 8 238 238 238 324
238 430 6 235 235 235 325
202 330 8 246 246 246 326
272 320 6 254 254 254 327
470 432 6 212 212 212 328
572 340 7 226 226 226 329
586 348 6 163 163 163 330
694 600 11 222 222 222 331
518 158 6 104 104 104 332
192 302 7 240 240 240 333
166 196 8 235 235 235 334
442 408 5 235 235 235 335
388 254 7 240 240 240 336
708 356 8 62 62 62 337
472 242 7 160 160 160 338
270 142 7 144 144 144 339
168 236 5 179 179 179 340
148 422 10 249 249 249 341
158 228 5 143 143 143 342
700 556 11 221 221 221 343
130 252 7 153 153 153 344
582 480 5 139 139 139 345
160 180 9 183 183 183 346
142 402 10 244 244 244 347
694 578 10 225 225 225 348
214 432 5 238 238 238 349
192 484 6 238 238 238 350
466 230 6 123 123 123 351
206 296 7 247 247 247 352
508 250 5 154 154 154 353
702 618 8 231 231 231 354
148 100 7 179 179 179 355
254 254 6 195 195 195 356
406 216 6 193 193 193 357
440 274 9 234 234 234 358
578 400 6 206 206 206 359
590 72 12 12 12 12 360
262 380 5 255 255 255 361
300 98 7 204 204 204 362
220 364 10 251 251 251 363
284 504 5 203 203 203 364
412 282 8 246 246 246 365
556 416 6 213 213 213 366
196 520 8 168 168 168 367
546 408 6 232 232 232 368
458 448 7 219 219 219 369
138 312 9 198 198 198 370
552 320 6 224 224 224 371
508 454 6 205 205 205 372
118 262 6 223 223 223 373
212 82 6 115 115 115 374
256 460 4 204 204 204 375
388 472 7 230 230 230 376
196 502 9 186 186 186 377
638 518 6 14 14 14 378
618 424 8 68 68 68 379
490 556 7 242 242 242 380
398 574 6 177 177 177 381
308 532 7 207 207 207 382
50 394 5 155 155 155 383
552 428 6 201 201 201 384
494 540 6 219 219 219 385
254 296 7 247 247 247 386
334 588 6 174 174 174 387
492 142 8 131 131 131 388
126 296 9 240 240 240 389
486 448 6 203 203 203 390
472 472 6 171 171 171 391
568 292 6 153 153 153 392
400 294 6 222 222 222 393
206 446 5 222 222 222 394
290 572 7 175 175 175 395
440 252 8 217 217 217 396
290 540 9 239 239 239 397
526 284 4 166 166 166 398
438 68 6 165 165 165 399
460 94 7 83 83 83 400
190 208 7 169 169 169 401
92 438 7 204 204 204 402
638 426 9 84 84 84 403
442 444 9 232 232 232 404
488 128 6 188 188 188 405
636 368 7 57 57 57 406
150 266 6 178 178 178 407
448 474 5 172 172 172 408
256 242 6 202 202 202 409
372 586 7 170 170 170 410
300 220 5 140 140 140 411
492 232 6 131 131 131 412
232 346 10 253 253 253 413
324 4 6 38 38 38 414
228 156 7 111 111 111 415
226 128 7 143 143 143 416
524 184 5 66 66 66 417
518 256 5 170 170 170 418
290 558 6 210 210 210 419
652 310 9 53 53 53 420
276 334 7 254 254 254 421
388 238 8 215 215 215 422
228 404 8 246 246 246 423
626 284 8 52 52 52 424
428 518 6 195 195 195 425
202 362 8 248 248 248 426
544 254 5 135 135 135 427
474 520 5 172 172 172 428
388 452 7 238 238 238 429
286 590 6 123 123 123 430
530 170 6 107 107 107 431
124 216 6 242 242 242 432
532 274 5 160 160 160 433
204 314 8 244 244 244 434
34 290 8 216 216 216 435
542 456 4 179 179 179 436
384 126 6 143 143 143 437
504 550 7 213 213 213 438
258 154 8 136 136 136 439
474 96 5 154 154 154 440
56 202 5 144 144 144 441
612 398 8 64 64 64 442
364 158 6 93 93 93 443
60 402 7 163 163 163 444
464 148 7 52 52 52 445
88 420 9 213 213 213 446
68 248 9 239 239 239 447
242 310 8 249 249 249 448
548 306 7 205 205 205 449
558 274 5 138 138 138 450
300 174 6 107 107 107 451
100 380 8 201 201 201 452
688 346 12 60 62 62 453
376 300 6 210 210 210 454
106 264 6 220 220 220 455
468 276 7 209 209 209 456
354 46 8 107 107 107 457
294 264 5 193 193 193 458
260 394 7 241 241 241 459
128 236 9 125 125 125 460
564 282 4 147 147 147 461
354 114 7 118 118 118 462
104 296 7 249 249 249 463
40 322 6 203 203 203 464
308 134 7 174 174 174 465
372 352 4 224 224 224 466
146 296 8 165 165 165 467
430 290 6 239 239 239 468
306 566 9 198 198 198 469
680 238 9 8 8 8 470
650 402 9 75 75 75 471
400 398 4 231 231 231 472
482 538 6 230 230 230 473
318 360 4 236 236 236 474
416 516 6 200 200 200 475
548 450 4 186 186 186 476
486 220 6 106 106 106 477
370 362 5 214 214 214 478
566 422 5 194 194 194 479
614 410 4 66 66 66 480
550 190 4 51 51 51 481
568 144 6 15 15 15 482
154 280 5 168 168 168 483
726 262 10 10 10 10 484
376 136 6 90 90 90 485
300 444 4 229 229 229 486
324 350 5 250 250 250 487
596 240 5 50 50 50 488
250 440 5 217 217 217 489
524 470 6 188 188 188 490
646 32 8 15 15 15 491
412 446 9 242 242 242 492
556 442 5 190 190 190 493
480 270 6 185 185 185 494
158 242 4 152 152 152 495
502 126 8 183 183 183 496
546 466 4 179 179 179 497
198 232 5 207 207 207 498
514 136 6 125 125 125 499
544 294 5 168 168 168 500
442 428 6 242 242 242 501
84 374 9 198 198 198 502
388 486 5 217 217 217 503
558 298 5 167 167 167 504
740 592 4 232 232 232 505
388 562 7 159 159 159 506
272 390 5 243 243 243 507
630 356 6 44 44 44 508
322 366 3 213 213 213 509
562 494 6 11 11 11 510
594 496 11 14 14 14 511
188 452 5 238 238 238 512
352 156 6 76 76 76 513
168 508 5 181 181 181 514
256 406 5 243 243 243 515
648 334 7 57 57 57 516
424 484 4 176 176 176 517
644 352 6 49 49 49 518
520 22 6 14 14 14 519
124 326 6 238 238 238 520
494 576 10 17 17 17 521
498 528 5 194 194 194 522
302 456 6 221 221 221 523
522 6 4 15 15 15 524
194 288 7 240 240 240 525
712 538 10 204 204 204 526
218 442 5 220 220 220 527
452 140 7 101 101 101 528
254 88 7 102 102 102 529
34 306 7 220 220 220 530
512 240 5 142 142 142 531
486 244 5 168 168 168 532
274 108 5 142 142 142 533
420 212 5 163 163 163 534
372 290 4 236 236 236 535
246 460 4 229 229 229 536
168 302 4 208 208 208 537
528 456 5 187 187 187 538
46 338 7 206 206 206 539
318 216 4 124 124 124 540
560 238 4 73 73 73 541
294 252 5 204 204 204 542
384 424 7 248 248 248 543
278 128 7 138 138 138 544
154 310 7 210 210 210 545
250 452 4 210 210 210 546
304 388 5 160 160 160 547
660 72 6 14 14 14 548
226 260 5 226 226 226 549
440 556 8 115 115 115 550
428 550 4 103 103 103 551
444 128 6 105 105 105 552
438 398 4 239 239 239 553
428 416 6 244 244 244 554
538 232 5 101 101 101 555
202 436 5 232 232 232 556
548 148 7 72 72 72 557
476 174 3 51 51 51 558
392 200 5 187 187 187 559
48 408 5 145 145 145 560
340 522 6 141 141 141 561
302 350 5 244 244 244 562
232 142 7 113 113 113 563
380 438 7 244 244 244 564
614 348 5 45 45 45 565
526 264 5 183 183 183 566
232 560 8 111 111 111 567
172 442 5 192 192 192 568
448 154 6 82 82 82 569
138 224 6 85 85 85 570
132 494 8 18 18 18 571
596 452 4 85 85 85 572
180 310 6 248 248 248 573
180 298 5 229 229 229 574
116 228 5 239 239 239 575
562 310 7 193 193 193 576
434 152 6 86 86 86 577
384 290 6 229 229 229 578
420 104 9 248 248 248 579
454 206 4 94 94 94 580
596 478 7 170 170 170 581
512 114 7 164 164 164 582
350 562 8 166 166 166 583
132 386 7 209 209 209 584
504 194 4 73 73 73 585
572 302 4 171 171 171 586
286 374 4 217 217 217 587
114 178 6 173 173 173 588
78 460 9 18 18 18 589
276 88 4 202 202 202 590
394 516 4 178 178 178 591
368 540 7 108 108 108 592
368 526 6 127 127 127 593
508 466 5 174 174 174 594
524 80 10 19 19 19 595
162 266 5 203 203 203 596
112 464 6 170 170 170 597
554 232 4 78 78 78 598
498 222 5 126 126 126 599
238 6 13 38 38 38 600
606 248 5 48 48 48 601
586 374 5 197 197 197 602
624 314 4 42 42 42 603
422 264 8 241 241 241 604
222 240 5 193 193 193 605
394 278 9 251 251 251 606
546 54 8 13 13 13 607
506 518 5 171 171 171 608
728 402 4 63 63 63 609
372 318 4 182 182 182 610
612 332 4 52 52 52 611
294 128 8 180 180 180 612
360 580 6 152 152 152 613
456 264 8 208 208 208 614
338 156 7 69 69 69 615
514 474 4 172 172 172 616
544 170 7 93 93 93 617
294 402 6 185 185 185 618
508 442 5 204 204 204 619
276 378 4 235 235 235 620
536 244 6 138 138 138 621
386 550 5 183 183 183 622
628 322 4 39 39 39 623
450 416 5 247 247 247 624
150 326 8 203 203 203 625
200 548 6 11 11 11 626
278 308 5 228 228 228 627
380 362 4 234 234 234 628
450 522 5 176 176 176 629
550 262 4 139 139 139 630
120 276 8 235 235 235 631
186 264 6 215 215 215 632
254 492 4 248 248 248 633
546 438 4 194 194 194 634
558 256 5 123 123 123 635
664 618 8 12 12 12 636
452 198 4 71 71 71 637
538 284 6 164 164 164 638
438 578 8 13 13 13 639
452 308 7 228 225 227 640
462 516 6 191 191 191 641
368 308 5 215 215 215 642
242 262 5 200 200 200 643
288 16 5 20 20 20 644
220 72 4 119 119 119 645
680 94 6 14 14 14 646
234 218 5 181 181 181 647
374 412 6 255 255 255 648
410 184 4 111 111 111 649
318 518 6 173 173 173 650
168 256 4 207 207 207 651
480 232 5 128 128 128 652
214 540 6 173 173 173 653
406 552 5 109 109 109 654
616 274 6 52 52 52 655
258 194 5 180 180 180 656
622 332 5 52 52 52 657
536 430 4 200 200 200 658
180 288 4 229 229 229 659
458 424 6 230 230 230 660
314 62 4 151 151 151 661
452 434 5 218 218 218 662
354 144 6 61 61 61 663
508 226 5 116 116 116 664
144 252 6 136 136 136 665
258 232 4 183 183 183 666
638 296 8 55 55 55 667
506 146 6 110 110 110 668
460 474 6 169 169 169 669
294 162 7 141 141 141 670
534 464 4 191 191 191 671
522 124 6 112 112 112 672
482 436 6 212 212 212 673
258 76 5 209 209 209 674
210 506 5 166 166 166 675
484 460 6 176 176 176 676
292 442 4 226 226 226 677
706 270 6 43 43 43 678
238 498 6 220 220 220 679
238 474 3 208 208 208 680
482 208 5 91 91 91 681
482 196 4 9 9 9 682
412 484 4 195 195 195 683
648 18 6 15 15 15 684
152 368 7 236 236 236 685
616 322 5 52 52 52 686
378 480 5 212 212 212 687
216 252 4 214 214 214 688
498 446 5 227 227 227 689
246 240 4 191 191 191 690
376 450 5 227 227 227 691
546 274 6 147 147 147 692
626 244 9 47 47 47 693
626 344 6 43 43 43 694
32 340 4 162 162 162 695
376 396 4 230 230 230 696
354 130 6 83 83 83 697
656 346 7 58 58 58 698
378 280 5 237 237 237 699
230 248 4 201 201 201 700
410 136 4 102 102 102 701
54 226 6 180 180 180 702
414 298 4 217 217 217 703
350 594 9 13 13 13 704
310 226 5 152 152 152 705
220 140 5 145 145 145 706
492 210 5 93 93 93 707
472 420 6 219 219 219 708
308 596 6 125 125 125 709
492 170 5 66 66 66 710
444 542 5 147 147 147 711
318 42 7 19 19 19 712
474 66 5 100 100 100 713
444 372 5 230 230 230 714
466 194 4 4 4 4 715
186 82 4 117 117 117 716
186 360 6 241 241 241 717
306 514 6 179 179 179 718
420 534 6 107 107 107 719
690 134 4 15 15 15 720
680 482 7 53 53 53 721
528 134 5 89 89 89 722
188 252 5 223 223 223 723
400 146 4 76 76 76 724
176 210 6 163 163 163 725
170 224 7 143 143 143 726
438 140 6 111 111 111 727
440 520 5 187 187 187 728
426 192 5 97 97 97 729
536 500 4 82 82 82 730
360 186 5 90 90 90 731
298 338 5 230 230 230 732
70 182 7 162 162 162 733
424 202 5 138 138 138 734
296 596 5 110 110 110 735
416 560 6 121 121 121 736
332 610 5 13 13 13 737
370 148 5 84 84 84 738
634 312 5 45 45 45 739
294 510 6 191 191 191 740
244 582 4 107 107 107 741
140 282 6 184 184 184 742
462 76 7 106 106 106 743
368 404 3 245 245 245 744
406 542 4 109 109 109 745
384 524 6 154 154 154 746
150 216 7 93 93 93 747
90 62 5 16 16 16 748
532 158 6 119 119 119 749
210 480 5 239 239 239 750
550 394 5 236 236 236 751
146 384 7 204 204 204 752
584 334 4 172 172 172 753
316 474 4 166 166 166 754
296 584 5 155 155 155 755
240 228 4 172 172 172 756
198 80 8 109 109 109 757
450 512 4 176 176 176 758
510 538 6 193 193 193 759
296 274 5 167 167 167 760
184 222 4 162 162 162 761
174 360 5 244 244 244 762
212 456 5 230 230 230 763
254 418 6 235 235 235 764
312 350 4 255 255 255 765
518 482 4 158 158 158 766
164 276 5 231 231 231 767
226 228 5 193 193 193 768
232 76 6 104 104 104 769
168 374 5 213 213 213 770
326 530 8 198 198 198 771
422 142 6 123 123 123 772
446 102 6 85 85 85 773
304 148 7 130 130 130 774
530 486 4 171 171 171 775
366 386 6 217 217 217 776
660 602 4 14 14 14 777
584 218 7 54 54 54 778
168 246 4 207 207 207 779
266 276 4 207 207 207 780
746 368 4 68 68 68 781
314 180 7 56 56 56 782
228 462 6 226 226 226 783
336 204 5 77 77 77 784
78 220 3 195 195 195 785
436 352 5 238 238 238 786
166 330 8 190 190 190 787
346 484 3 132 132 132 788
234 236 5 187 187 187 789
514 266 4 171 171 171 790
572 160 4 13 13 13 791
364 568 6 137 137 137 792
216 224 5 203 203 203 793
306 478 4 173 173 173 794
364 136 5 88 88 88 795
450 216 4 108 108 108 796
408 530 6 117 117 117 797
526 440 4 213 213 213 798
590 276 6 2 2 2 799
124 470 7 196 196 196 800
62 192 5 137 137 137 801
398 208 4 185 185 185 802
514 490 4 159 159 159 803
164 212 6 146 146 146 804
300 378 4 185 185 185 805
460 526 4 193 193 193 806
266 96 4 92 92 92 807
720 438 4 113 113 113 808
62 234 5 239 239 239 809
154 88 4 126 126 126 810
470 86 5 181 181 181 811
220 488 4 252 252 252 812
170 284 4 210 210 210 813
380 312 5 191 191 191 814
522 246 5 146 146 146 815
58 418 6 146 146 146 816
338 464 6 156 156 156 817
8 356 19 17 17 17 818
568 274 4 119 119 119 819
432 538 6 113 113 113 820
232 484 6 118 118 118 821
472 460 5 187 187 187 822
210 70 6 113 113 113 823
44 384 5 167 167 167 824
710 522 4 190 190 190 825
436 164 4 82 82 82 826
400 190 4 143 143 143 827
278 184 5 154 154 154 828
250 504 7 241 241 241 829
472 448 6 207 207 207 830
160 290 5 213 213 213 831
500 90 7 158 158 158 832
176 262 4 217 217 217 833
340 550 6 187 187 187 834
392 114 5 156 156 156 835
266 594 4 74 74 74 836
598 388 4 18 18 18 837
544 184 4 68 68 68 838
516 546 3 173 173 173 839
264 420 3 240 240 240 840
294 230 6 155 155 155 841
268 234 6 173 173 173 842
308 466 5 184 184 184 843
386 172 5 66 66 66 844
376 258 5 223 223 223 845
218 464 4 237 237 237 846
368 554 6 114 114 114 847
376 238 3 198 198 198 848
506 204 4 64 64 64 849
594 310 5 32 32 32 850
520 276 5 164 164 164 851
324 470 4 156 156 156 852
336 358 4 235 235 235 853
286 456 7 34 34 34 854
652 588 6 12 12 12 855
412 150 6 75 75 75 856
576 426 4 159 159 159 857
300 422 4 220 220 220 858
530 290 3 171 171 171 859
514 208 4 66 66 66 860
336 336 3 207 207 207 861
244 472 3 227 227 227 862
606 444 5 69 69 69 863
54 214 5 156 156 156 864
78 432 6 168 168 168 865
260 330 8 253 253 253 866
188 472 4 253 253 253 867
462 218 6 112 112 112 868
428 404 5 229 229 229 869
488 116 5 159 159 159 870
588 234 4 57 57 57 871
642 502 6 215 215 215 872
560 452 5 174 174 174 873
304 248 4 188 188 188 874
256 118 6 102 102 102 875
284 174 6 135 135 135 876
542 136 5 96 96 96 877
384 588 5 146 146 146 878
374 562 3 128 128 128 879
618 358 5 51 51 51 880
374 428 3 235 235 235 881
492 438 4 218 218 218 882
522 220 5 101 101 101 883
562 432 4 196 196 196 884
168 316 6 191 191 191 885
382 226 5 199 199 199 886
254 628 11 24 24 24 887
526 528 4 177 177 177 888
308 340 5 233 233 233 889
186 234 4 195 195 195 890
462 110 6 91 91 91 891
372 344 3 201 201 201 892
436 486 5 174 174 174 893
564 264 4 131 131 131 894
518 448 5 208 208 208 895
496 470 5 179 179 179 896
418 188 3 88 88 88 897
180 70 4 100 100 100 898
478 496 7 139 139 139 899
448 34 6 17 17 17 900
204 532 6 156 156 156 901
496 480 4 186 186 186 902
180 388 4 223 223 223 903
474 218 5 111 111 111 904
468 290 6 191 194 178 905
344 492 5 241 241 241 906
268 302 6 244 244 244 907
470 532 7 237 237 237 908
368 126 5 75 75 75 909
446 394 4 237 237 237 910
452 118 3 84 84 84 911
226 432 5 235 235 235 912
212 214 5 201 201 201 913
362 476 3 66 66 66 914
310 632 19 17 17 17 915
432 210 5 128 128 128 916
334 350 4 248 248 248 917
396 526 6 131 131 131 918
114 250 5 226 226 226 919
436 388 4 243 243 243 920
478 190 3 56 56 56 921
262 496 4 231 231 231 922
496 516 5 171 171 171 923
178 234 3 172 172 172 924
300 84 6 204 204 204 925
352 352 3 240 240 240 926
216 528 6 185 185 185 927
580 298 4 126 126 126 928
516 524 6 169 169 169 929
210 234 4 196 196 196 930
444 362 4 243 243 243 931
632 220 5 9 9 9 932
248 230 4 174 174 174 933
328 358 3 230 230 230 934
424 590 7 13 13 13 935
486 70 4 106 106 106 936
266 266 5 218 218 218 937
382 186 4 144 144 144 938
530 254 5 159 159 159 939
636 188 4 12 12 12 940
446 486 4 154 154 154 941
478 152 6 61 61 61 942
222 452 5 225 225 225 943
712 636 8 219 219 219 944
504 168 4 61 61 61 945
260 452 4 219 219 219 946
370 328 4 147 147 147 947
344 360 4 239 239 239 948
754 520 15 190 190 190 949
158 380 5 224 224 224 950
328 486 5 130 130 130 951
302 258 4 198 198 198 952
382 512 5 196 196 196 953
472 208 3 83 83 83 954
612 306 4 45 45 45 955
368 276 4 226 226 226 956
496 192 4 65 65 65 957
584 468 6 96 96 96 958
338 190 4 75 75 75 959
720 308 4 50 50 50 960
288 336 5 242 242 242 961
676 552 5 52 52 52 962
148 340 6 218 218 218 963
66 286 6 226 226 226 964
502 212 4 95 95 95 965
390 138 6 118 118 118 966
684 622 9 58 58 58 967
572 412 5 213 213 213 968
566 248 6 75 75 75 969
344 424 4 28 28 28 970
554 246 5 94 94 94 971
722 350 5 61 61 61 972
452 404 5 236 237 233 973
162 80 4 132 132 132 974
304 184 3 115 115 115 975
206 246 6 218 218 218 976
528 236 5 118 118 118 977
436 378 4 233 233 233 978
588 300 4 94 94 94 979
66 426 5 162 162 162 980
228 444 4 233 233 233 981
240 452 4 210 210 210 982
252 480 8 241 241 241 983
338 254 12 33 33 33 984
286 200 5 115 115 115 985
276 466 4 108 108 108 986
414 162 5 103 103 103 987
424 162 4 78 78 78 988
486 344 4 247 245 245 989
262 430 4 234 234 234 990
390 160 6 87 87 87 991
594 560 5 14 14 14 992
240 68 4 213 213 213 993
386 536 6 172 172 172 994
350 178 5 82 82 82 995
528 318 4 134 134 134 996
138 572 4 12 12 12 997
264 128 6 141 141 141 998
496 458 6 185 185 185 999
522 428 4 220 220 220 1000
410 26 4 15 15 15 1001
708 372 6 81 81 81 1002
410 94 5 128 128 128 1003
314 384 5 169 169 169 1004
380 40 5 116 116 116 1005
280 258 10 84 84 84 1006
316 288 5 139 139 139 1007
224 88 7 128 128 128 1008
506 478 4 175 175 175 1009
300 290 3 119 119 119 1010
476 122 5 208 208 208 1011
476 572 4 12 12 12 1012
300 360 4 223 223 223 1013
536 448 4 197 197 197 1014
462 130 7 98 98 98 1015
396 364 5 123 123 123 1016
194 242 5 208 208 208 1017
322 170 5 31 31 31 1018
52 254 5 232 232 232 1019
290 360 5 234 234 234 1020
438 310 6 198 198 198 1021
260 202 3 195 195 195 1022
190 434 4 235 235 235 1023
6 322 15 17 17 17 1024
302 412 6 203 203 203 1025
572 436 3 158 158 158 1026
328 162 4 73 73 73 1027
396 548 5 128 128 128 1028
322 496 6 241 241 241 1029
460 190 3 57 57 57 1030
126 178 5 209 209 209 1031
376 160 6 80 80 80 1032
108 124 6 224 224 224 1033
280 116 4 167 167 167 1034
252 430 5 242 242 242 1035
162 408 8 217 217 217 1036
362 398 5 235 235 235 1037
736 474 4 209 209 209 1038
68 522 4 14 14 14 1039
188 424 4 234 234 234 1040
498 246 5 155 155 155 1041
698 206 5 11 11 11 1042
512 216 4 91 91 91 1043
458 160 5 71 71 71 1044
400 304 4 192 192 192 1045
238 442 5 223 223 223 1046
500 424 5 230 230 230 1047
566 226 4 5 5 5 1048
580 324 4 180 180 180 1049
290 432 5 218 218 218 1050
638 342 5 49 49 49 1051
436 362 4 214 214 214 1052
658 522 5 201 201 201 1053
446 320 6 206 206 206 1054
412 204 6 172 172 172 1055
434 370 4 244 244 244 1056
536 306 4 154 154 154 1057
180 340 5 221 221 221 1058
518 460 5 198 198 198 1059
296 298 4 88 88 88 1060
446 166 6 65 65 65 1061
478 510 5 179 179 179 1062
478 484 4 158 158 158 1063
130 578 5 14 14 14 1064
268 290 5 221 221 221 1065
398 538 4 118 118 118 1066
350 402 6 85 85 85 1067
86 212 4 216 216 216 1068
580 260 9 38 38 38 1069
182 244 4 175 175 175 1070
160 342 5 207 207 207 1071
286 98 6 200 200 200 1072
564 462 5 169 169 169 1073
162 352 4 200 200 200 1074
522 210 4 76 76 76 1075
188 332 6 239 239 239 1076
170 352 3 211 211 211 1077
330 194 4 86 86 86 1078
242 82 5 92 92 92 1079
282 324 4 235 235 235 1080
456 484 4 161 161 161 1081
348 346 4 202 202 202 1082
546 238 4 97 97 97 1083
468 484 5 152 152 152 1084
316 318 8 143 143 143 1085
530 204 5 63 63 63 1086
404 564 3 127 127 127 1087
574 282 5 115 115 115 1088
624 296 4 43 43 43 1089
520 196 7 16 16 16 1090
592 204 4 10 10 10 1091
364 374 6 93 93 93 1092
502 272 4 198 199 197 1093
244 220 4 165 165 165 1094
444 188 4 50 50 50 1095
594 250 5 65 65 65 1096
632 330 4 46 46 46 1097
180 432 5 180 180 180 1098
176 456 6 200 200 200 1099
510 276 4 216 215 217 1100
688 396 5 111 111 111 1101
254 222 5 176 176 176 1102
192 224 4 213 213 213 1103
644 466 4 192 192 192 1104
232 452 3 216 216 216 1105
422 500 7 96 96 96 1106
380 386 3 230 230 230 1107
56 242 4 240 240 240 1108
290 422 4 217 217 217 1109
606 264 4 50 50 50 1110
664 532 4 68 68 68 1111
444 494 4 127 127 127 1112
270 400 4 225 225 225 1113
268 82 5 205 205 205 1114
342 512 4 203 203 203 1115
390 350 4 199 199 199 1116
240 488 3 241 241 241 1117
202 458 5 229 229 229 1118
340 142 7 74 74 74 1119
462 412 6 235 239 234 1120
444 208 5 106 106 106 1121
280 296 7 141 141 141 1122
308 376 4 187 187 187 1123
218 562 5 118 118 118 1124
222 216 4 192 192 192 1125
460 298 5 217 217 217 1126
268 192 5 168 168 168 1127
284 314 3 207 207 207 1128
284 382 4 201 201 201 1129
494 270 4 200 200 200 1130
276 596 5 74 74 74 1131
542 390 3 240 240 240 1132
760 440 8 211 211 211 1133
408 494 5 193 193 193 1134
504 180 4 58 58 58 1135
596 336 8 104 104 104 1136
402 104 6 129 129 129 1137
502 236 4 155 155 155 1138
296 188 6 87 87 87 1139
676 608 7 81 81 81 1140
342 180 3 66 66 66 1141
390 184 4 108 108 108 1142
580 418 4 168 168 168 1143
282 480 4 210 210 210 1144
364 324 3 173 173 173 1145
402 200 4 184 184 184 1146
36 276 6 208 208 208 1147
462 42 6 13 13 13 1148
382 372 5 193 193 193 1149
520 324 4 43 45 63 1150
544 220 4 0 0 0 1151
618 310 3 6 6 6 1152
324 224 3 124 124 124 1153
372 180 5 90 90 90 1154
106 254 3 236 236 236 1155
202 208 4 189 189 189 1156
700 442 7 66 66 66 1157
522 536 4 187 187 187 1158
580 244 6 59 59 59 1159
552 472 4 154 154 154 1160
516 436 4 225 225 225 1161
522 294 5 102 102 102 1162
178 328 4 206 206 206 1163
328 218 4 118 118 118 1164
390 208 3 195 195 195 1165
600 300 6 22 22 22 1166
512 182 4 61 61 61 1167
158 254 6 161 161 161 1168
512 598 5 17 17 17 1169
370 210 4 114 114 114 1170
596 464 6 103 103 103 1171
132 148 4 216 216 216 1172
214 552 5 125 125 125 1173
352 286 6 217 217 217 1174
194 444 4 232 232 232 1175
260 468 4 215 215 215 1176
232 548 3 2 2 2 1177
416 126 5 87 87 87 1178
176 416 3 197 197 197 1179
290 304 4 36 36 36 1180
334 182 4 77 77 77 1181
374 188 3 141 141 141 1182
482 424 4 205 209 198 1183
306 212 4 118 118 118 1184
450 68 5 164 164 164 1185
380 328 5 90 90 90 1186
482 164 6 74 74 74 1187
604 312 5 26 26 26 1188
2 546 8 13 13 13 1189
386 578 4 163 163 163 1190
438 194 4 0 0 0 1191
170 76 4 120 120 120 1192
592 394 4 139 139 139 1193
382 26 7 16 16 16 1194
242 212 4 176 176 176 1195
576 314 5 174 174 174 1196
62 262 5 224 224 224 1197
376 248 4 212 212 212 1198
572 460 3 113 113 113 1199
208 466 4 222 222 222 1200
592 292 4 61 61 61 1201
478 284 5 169 169 169 1202
382 354 4 235 235 235 1203
398 92 6 150 150 150 1204
222 64 4 150 150 150 1205
248 200 4 166 166 166 1206
578 492 4 10 10 10 1207
300 308 6 87 87 87 1208
304 368 4 213 213 213 1209
276 446 4 61 61 61 1210
398 154 3 82 82 82 1211
178 370 5 242 242 242 1212
486 482 4 166 166 166 1213
322 304 7 72 72 72 1214
544 374 5 249 249 249 1215
464 208 4 93 93 93 1216
296 200 4 128 128 128 1217
598 402 4 92 92 92 1218
100 130 3 210 210 210 1219
326 56 4 135 135 135 1220
282 426 4 146 146 146 1221
180 380 3 231 231 231 1222
286 276 5 117 117 117 1223
314 482 4 161 161 161 1224
292 494 7 203 203 203 1225
274 278 4 106 106 106 1226
168 86 3 140 140 140 1227
186 416 4 246 246 246 1228
200 216 4 29 29 29 1229
608 338 3 61 61 61 1230
346 368 4 223 223 223 1231
486 100 7 162 162 162 1232
306 428 4 165 165 165 1233
62 272 4 222 222 222 1234
338 478 7 88 88 88 1235
506 494 4 32 32 32 1236
244 148 6 92 92 92 1237
408 192 4 142 142 142 1238
374 504 6 241 241 241 1239
594 324 4 0 0 0 1240
174 406 4 216 216 216 1241
354 274 6 86 86 86 1242
394 174 3 10 10 10 1243
334 372 4 140 140 140 1244
530 224 3 97 97 97 1245
400 180 5 77 77 77 1246
538 490 4 158 158 158 1247
518 230 5 120 120 120 1248
224 570 4 115 115 115 1249
380 202 7 126 126 126 1250
308 300 5 40 40 40 1251
444 382 4 219 219 219 1252
492 362 6 1 2 6 1253
436 176 7 57 57 57 1254
632 120 3 20 20 20 1255
184 442 5 186 186 186 1256
606 414 4 40 40 40 1257
332 328 4 177 177 177 1258
348 310 9 82 82 82 1259
510 428 5 241 241 241 1260
294 242 4 179 179 179 1261
290 214 5 100 100 100 1262
540 314 4 175 175 175 1263
316 506 5 90 90 90 1264
336 322 3 145 145 145 1265
398 38 4 86 86 86 1266
348 328 6 162 162 162 1267
530 30 4 15 15 15 1268
572 448 4 146 146 146 1269
268 410 6 221 221 221 1270
532 520 5 124 124 124 1271
366 200 6 147 147 147 1272
544 330 3 223 223 223 1273
452 188 3 51 51 51 1274
756 574 13 227 227 227 1275
760 364 6 54 54 54 1276
446 352 4 240 240 240 1277
566 442 4 159 159 159 1278
464 496 6 12 12 12 1279
496 390 5 20 25 24 1280
570 234 4 35 35 35 1281
534 510 5 86 86 86 1282
490 428 4 188 189 187 1283
352 518 5 17 17 17 1284
570 470 4 0 0 0 1285
466 172 4 55 55 55 1286
392 598 7 15 15 15 1287
208 516 4 148 148 148 1288
742 638 18 243 243 243 1289
184 406 5 248 248 248 1290
166 452 4 207 207 207 1291
306 292 3 68 68 68 1292
694 540 6 77 77 77 1293
422 152 3 82 82 82 1294
358 480 3 24 24 24 1295
548 486 6 152 152 152 1296
538 334 4 169 169 169 1297
680 468 5 94 94 94 1298
580 436 5 138 138 138 1299
716 554 5 205 205 205 1300
382 344 5 191 191 191 1301
310 278 6 138 138 138 1302
352 432 4 43 43 43 1303
468 118 3 154 154 154 1304
288 610 5 10 10 10 1305
498 506 5 202 202 202 1306
476 108 5 157 157 157 1307
302 268 3 175 175 175 1308
114 238 5 245 245 245 1309
584 286 5 74 74 74 1310
410 394 6 154 154 154 1311
360 418 4 214 214 214 1312
532 414 4 209 209 209 1313
248 72 4 213 213 213 1314
572 212 6 49 49 49 1315
316 462 3 188 188 188 1316
508 504 5 181 181 181 1317
494 180 5 51 51 51 1318
728 390 5 105 105 105 1319
756 608 13 241 241 241 1320
238 202 4 209 209 209 1321
536 144 4 64 64 64 1322
242 56 4 18 18 18 1323
368 42 6 124 124 124 1324
292 384 4 150 150 150 1325
662 246 6 45 45 45 1326
276 474 4 195 195 195 1327
42 400 4 140 140 140 1328
532 326 4 54 54 54 1329
100 310 3 229 229 229 1330
524 624 5 18 18 18 1331
756 424 4 56 56 56 1332
506 158 4 80 80 80 1333
408 338 17 13 13 13 1334
408 38 4 92 92 92 1335
266 116 4 129 129 129 1336
112 326 3 211 211 211 1337
508 78 6 17 17 17 1338
586 408 5 164 164 164 1339
180 350 4 255 255 255 1340
372 268 4 221 221 221 1341
150 244 4 0 0 0 1342
444 342 4 215 215 215 1343
444 332 5 219 219 219 1344
474 316 3 23 26 71 1345
590 444 5 99 99 99 1346
148 456 5 247 247 247 1347
420 86 5 124 124 124 1348
670 488 4 91 91 91 1349
284 222 4 19 19 19 1350
332 450 6 185 185 185 1351
144 274 3 189 189 189 1352
364 510 4 18 18 18 1353
418 546 6 86 86 86 1354
456 366 4 133 129 194 1355
418 176 7 43 43 43 1356
338 416 5 41 41 41 1357
606 370 5 59 59 59 1358
488 490 4 153 153 153 1359
572 480 4 120 120 120 1360
600 380 4 79 79 79 1361
304 504 4 184 184 184 1362
358 228 18 20 20 20 1363
232 578 4 112 112 112 1364
710 596 5 234 234 234 1365
198 26 6 18 18 18 1366
356 360 5 243 243 243 1367
172 294 3 204 204 204 1368
552 214 5 28 28 28 1369
642 238 5 37 37 37 1370
404 140 3 28 28 28 1371
544 348 3 242 242 242 1372
90 386 3 244 244 244 1373
384 66 3 176 176 176 1374
538 398 4 216 216 216 1375
538 344 4 110 110 110 1376
348 446 6 73 73 73 1377
410 82 4 160 160 160 1378
192 464 4 245 245 245 1379
602 352 4 75 75 75 1380
470 380 12 24 24 84 1381
516 284 3 190 190 190 1382
230 64 4 170 170 170 1383
452 358 4 37 29 143 1384
602 182 4 13 13 13 1385
496 38 4 17 17 17 1386
518 368 7 51 51 127 1387
178 78 4 5 5 5 1388
360 334 7 182 182 182 1389
328 396 6 107 107 107 1390
684 258 4 42 42 42 1391
448 534 4 41 41 41 1392
470 304 6 8 14 55 1393
600 420 4 27 27 27 1394
244 532 4 82 82 82 1395
328 368 3 229 229 229 1396
502 434 4 225 225 225 1397
658 288 5 54 54 54 1398
596 636 4 42 42 42 1399
370 516 4 40 40 40 1400
684 150 6 13 13 13 1401
498 70 6 17 17 17 1402
432 506 4 163 163 163 1403
392 582 3 0 0 0 1404
120 528 7 20 20 20 1405
234 266 4 108 108 108 1406
528 422 4 205 205 205 1407
116 486 8 16 16 16 1408
400 386 6 189 189 189 1409
264 104 4 6 6 6 1410
280 402 6 157 157 157 1411
202 490 4 226 226 226 1412
588 2 6 53 53 53 1413
396 316 8 121 121 121 1414
396 26 6 14 14 14 1415
606 324 5 0 0 0 1416
292 288 5 123 123 123 1417
366 464 4 8 8 8 1418
366 264 3 172 172 172 1419
324 282 4 237 237 237 1420
96 452 3 179 179 179 1421
502 306 12 36 36 82 1422
542 496 3 64 64 64 1423
534 194 5 18 18 18 1424
498 338 7 58 46 146 1425
716 108 7 12 12 12 1426
646 148 14 27 27 27 1427
482 8 4 25 25 25 1428
482 318 5 24 24 84 1429
156 146 5 229 229 229 1430
332 212 3 118 118 118 1431
210 202 5 57 57 57 1432
316 264 9 56 56 56 1433
382 268 5 228 228 228 1434
286 602 3 75 75 75 1435
286 468 4 6 6 6 1436
708 606 4 232 232 232 1437
692 634 4 61 61 61 1438
438 502 3 136 136 136 1439
190 66 4 87 87 87 1440
148 352 4 234 234 234 1441
666 368 4 52 52 52 1442
488 382 6 110 112 112 1443
400 356 3 116 116 116 1444
148 228 4 6 6 6 1445
748 448 5 199 199 199 1446
738 226 7 7 7 7 1447
536 40 3 9 9 9 1448
208 188 3 0 0 0 1449
444 462 7 217 217 217 1450
338 560 4 197 197 197 1451
460 328 4 20 35 81 1452
710 414 4 156 156 156 1453
670 636 10 14 14 14 1454
508 288 5 206 202 208 1455
276 438 4 103 103 103 1456
514 400 6 31 21 51 1457
494 406 8 9 15 28 1458
716 272 4 37 37 37 1459
214 240 3 12 12 12 1460
174 186 3 196 196 196 1461
320 130 4 134 134 134 1462
350 264 3 208 208 208 1463
354 380 6 232 232 232 1464
594 356 4 70 70 70 1465
320 202 8 86 86 86 1466
428 324 7 45 45 45 1467
448 112 4 0 0 0 1468
248 590 4 84 84 84 1469
364 496 6 18 18 18 1470
362 434 4 177 177 177 1471
630 378 4 76 76 76 1472
564 200 5 3 3 3 1473
562 122 9 17 17 17 1474
556 206 4 58 58 58 1475
230 202 3 198 198 198 1476
544 158 3 117 117 117 1477
540 442 3 3 3 3 1478
534 406 4 226 226 226 1479
524 636 6 15 15 15 1480
222 514 3 193 193 193 1481
410 372 7 23 23 23 1482
512 26 3 0 0 0 1483
512 328 4 47 40 121 1484
326 240 3 72 72 72 1485
508 368 3 36 36 82 1486
506 354 5 36 36 82 1487
122 440 3 255 255 255 1488
64 204 3 61 61 61 1489
498 376 5 101 110 154 1490
270 424 4 137 137 137 1491
600 362 4 8 8 8 1492
624 114 7 38 38 38 1493
212 494 5 240 240 240 1494
136 414 3 255 255 255 1495
650 4 3 15 15 15 1496
332 84 3 137 137 137 1497
480 398 8 29 24 85 1498
342 296 6 48 48 48 1499
480 350 4 36 36 82 1500
144 360 4 186 186 186 1501
624 230 5 42 42 42 1502
148 30 5 37 37 37 1503
628 432 3 2 2 2 1504
422 296 4 86 86 86 1505
66 226 3 222 222 222 1506
338 342 3 224 224 224 1507
532 180 4 33 33 33 1508
198 64 4 84 84 84 1509
596 266 5 55 55 55 1510
154 18 7 30 30 30 1511
162 298 3 0 0 0 1512
674 166 12 17 17 17 1513
600 28 4 25 25 25 1514
710 512 5 145 145 145 1515
414 316 5 24 24 24 1516
560 482 6 124 124 124 1517
566 606 4 26 26 26 1518
156 28 3 21 21 21 1519
468 184 6 43 43 43 1520
358 426 4 89 89 89 1521
38 466 9 27 27 27 1522
380 402 3 6 6 6 1523
304 198 4 0 0 0 1524
32 328 3 55 55 55 1525
360 468 3 231 231 231 1526
212 92 4 1 1 1 1527
456 342 7 200 198 255 1528
18 222 4 11 11 11 1529
338 402 6 43 43 43 1530
336 8 6 28 28 28 1531
484 366 3 118 120 120 1532
672 334 4 55 55 55 1533
708 494 3 0 0 0 1534
698 362 4 6 6 6 1535
482 358 4 179 183 184 1536
142 436 5 254 254 254 1537
48 182 5 17 17 17 1538
250 18 4 25 25 25 1539
602 8 8 36 36 36 1540
200 146 5 0 0 0 1541
188 604 12 26 26 26 1542
164 438 4 120 120 120 1543
428 446 3 11 11 11 1544
662 562 7 72 72 72 1545
410 616 5 17 17 17 1546
598 410 4 46 46 46 1547
408 304 3 177 177 177 1548
522 390 6 54 57 55 1549
390 36 4 91 91 91 1550
748 142 10 25 25 25 1551
100 286 3 1 1 1 1552
528 358 7 36 36 82 1553
96 256 3 248 248 248 1554
584 618 4 38 38 38 1555
580 608 6 24 24 24 1556
364 410 4 166 166 166 1557
574 10 10 38 38 38 1558
362 178 3 26 26 26 1559
744 270 6 16 16 16 1560
318 224 3 162 162 162 1561
728 422 5 96 96 96 1562
728 466 7 1 1 1 1563
540 202 4 59 59 59 1564
320 232 3 164 164 164 1565
724 490 3 155 155 155 1566
528 336 4 36 36 82 1567
518 304 4 111 115 103 1568
346 388 5 20 20 20 1569
512 168 3 17 17 17 1570
716 506 3 2 2 2 1571
118 40 9 28 28 28 1572
504 616 11 17 17 17 1573
494 14 5 16 16 16 1574
132 278 3 0 0 0 1575
134 334 7 231 231 231 1576
342 174 3 38 38 38 1577
142 506 7 0 0 0 1578
702 340 3 0 2 2 1579
470 364 4 8 9 69 1580
158 504 4 156 156 156 1581
692 490 7 37 37 37 1582
618 600 4 29 29 29 1583
612 18 6 27 27 27 1584
190 144 3 14 14 14 1585
674 282 3 0 0 0 1586
432 4 8 16 16 16 1587
742 260 4 67 67 67 1588
26 164 5 0 0 0 1589
422 424 3 0 0 0 1590
418 480 3 152 152 152 1591
408 568 3 7 7 7 1592
222 50 3 14 14 14 1593
654 532 5 14 14 14 1594
652 322 3 46 46 46 1595
388 382 6 143 143 143 1596
162 88 3 0 0 0 1597
466 24 4 17 17 17 1598
470 164 4 88 88 88 1599
636 394 4 26 26 26 1600
148 598 3 12 12 12 1601
702 528 4 3 3 3 1602
704 502 4 0 0 0 1603
256 446 3 221 221 221 1604
668 342 4 0 0 0 1605
330 290 5 121 121 121 1606
132 286 3 0 0 0 1607
712 306 4 5 5 5 1608
498 326 4 108 112 160 1609
714 318 5 41 41 41 1610
506 266 3 170 170 170 1611
308 440 5 181 181 181 1612
410 384 4 78 78 78 1613
268 572 4 0 0 0 1614
268 456 5 26 26 26 1615
518 380 4 21 20 86 1616
598 106 4 15 15 15 1617
12 454 9 11 11 11 1618
94 310 3 1 1 1 1619
320 454 6 18 18 18 1620
86 220 4 1 1 1 1621
728 142 6 26 26 26 1622
548 504 6 0 0 0 1623
358 260 5 36 36 36 1624
44 500 7 27 27 27 1625
608 600 3 27 27 27 1626
620 24 4 15 15 15 1627
168 598 6 28 28 28 1628
164 496 5 175 175 175 1629
314 18 4 17 17 17 1630
316 240 6 87 87 87 1631
322 584 5 7 7 7 1632
324 436 10 70 70 70 1633
744 190 6 26 26 26 1634
616 86 8 17 17 17 1635
742 432 5 39 39 39 1636
604 110 3 27 27 27 1637
52 456 7 16 16 16 1638
52 88 5 14 14 14 1639
594 592 10 27 27 27 1640
64 352 4 104 104 104 1641
68 58 5 17 17 17 1642
552 524 3 16 16 16 1643
82 446 5 2 2 2 1644
90 514 5 17 17 17 1645
538 68 6 6 6 6 1646
724 410 4 1 1 1 1647
724 292 3 43 43 43 1648
724 328 5 44 44 44 1649
14 176 4 7 7 7 1650
508 362 3 36 36 82 1651
504 24 5 0 0 0 1652
122 552 9 24 24 24 1653
502 396 3 35 44 87 1654
486 614 7 26 26 26 1655
480 180 4 40 40 40 1656
146 74 8 0 0 0 1657
704 200 3 0 0 0 1658
154 50 6 18 18 18 1659
164 60 7 15 15 15 1660
452 618 4 24 24 24 1661
176 422 3 0 0 0 1662
676 542 5 46 46 46 1663
674 566 5 70 70 70 1664
430 394 4 236 236 236 1665
750 252 5 41 41 41 1666
202 266 3 35 35 35 1667
424 380 8 99 99 99 1668
662 96 5 17 17 17 1669
404 242 5 228 228 228 1670
654 104 6 12 12 12 1671
396 2 9 27 27 27 1672
650 598 4 1 1 1 1673
258 600 5 1 1 1 1674
364 118 4 0 0 0 1675
362 450 8 195 195 195 1676
630 628 10 26 26 26 1677
34 382 5 1 1 1 1678
36 372 4 153 153 153 1679
80 322 3 231 231 231 1680
80 548 9 17 17 17 1681
84 566 9 2 2 2 1682
84 524 7 16 16 16 1683
112 20 5 26 26 26 1684
116 516 6 6 6 6 1685
134 560 5 17 17 17 1686
136 524 9 17 17 17 1687
164 46 4 14 14 14 1688
176 588 6 12 12 12 1689
184 622 6 36 36 36 1690
210 32 7 1 1 1 1691
224 252 3 115 115 115 1692
232 52 7 0 0 0 1693
238 526 3 95 95 95 1694
270 382 3 118 118 118 1695
322 250 4 46 46 46 1696
340 604 5 0 0 0 1697
406 64 3 9 9 9 1698
448 606 6 10 10 10 1699
472 606 6 24 24 24 1700
484 332 8 24 24 84 1701
492 596 6 16 16 16 1702
502 590 5 14 14 14 1703
554 12 10 27 27 27 1704
558 606 4 14 14 14 1705
560 508 6 17 17 17 1706
562 74 5 15 15 15 1707
566 154 4 0 0 0 1708
580 518 3 9 9 9 1709
588 12 3 37 37 37 1710
592 28 3 27 27 27 1711
598 98 4 17 17 17 1712
614 102 8 28 28 28 1713
618 492 4 230 230 230 1714
622 594 3 11 11 11 1715
624 532 4 6 6 6 1716
628 72 5 0 0 0 1717
630 14 10 16 16 16 1718
632 90 5 15 15 15 1719
644 126 5 40 40 40 1720
644 166 4 17 17 17 1721
654 128 5 25 25 25 1722
656 390 3 5 5 5 1723
664 130 5 11 11 11 1724
670 288 4 54 54 54 1725
684 548 3 53 53 53 1726
712 446 5 43 43 43 1727
732 340 4 60 60 60 1728
738 566 3 210 210 210 1729
740 120 8 16 16 16 1730
746 596 3 1 1 1 1731
752 340 5 32 32 32 1732
754 280 6 17 17 17 1733
758 56 10 26 26 26 1734
572 86 5 17 17 17 1735
684 638 4 1 1 1 1736
722 454 6 21 21 21 1737
744 288 6 38 38 38 1738
754 354 6 67 67 67 1739
276 4 6 16 16 16 1740
674 226 4 18 18 18 1741
672 498 4 78 78 78 1742
26 334 4 0 0 0 1743
408 254 3 151 151 151 1744
740 424 3 38 38 38 1745
752 328 6 6 6 6 1746
362 8 6 1 1 1 1747
238 572 4 100 100 100 1748
176 166 3 2 2 2 1749
266 42 5 0 0 0 1750
174 142 3 177 177 177 1751
332 42 6 0 0 0 1752
660 544 8 77 77 77 1753
412 12 6 17 17 17 1754
730 154 6 37 37 37 1755
218 16 4 27 27 27 1756
758 232 4 2 2 2 1757
730 356 4 30 30 30 1758
102 62 5 1 1 1 1759
654 184 7 14 14 14 1760
274 618 6 16 16 16 1761
164 610 6 37 37 37 1762
304 26 6 1 1 1 1763
548 538 7 16 16 16 1764
738 442 5 60 60 60 1765
752 222 5 53 53 53 1766
548 72 5 16 16 16 1767
100 518 5 11 11 11 1768
526 344 4 36 36 82 1769
548 38 7 19 19 19 1770
528 14 5 1 1 1 1771
100 40 8 17 17 17 1772
266 610 5 16 16 16 1773
246 516 4 8 8 8 1774
638 612 7 13 13 13 1775
60 504 9 17 17 17 1776
586 546 6 18 18 18 1777
726 186 10 27 27 27 1778
476 14 4 27 27 27 1779
260 32 7 19 19 19 1780
750 232 4 22 22 22 1781
628 602 6 7 7 7 1782
18 202 9 28 28 28 1783
204 16 3 20 20 20 1784
748 418 6 65 65 65 1785
530 434 3 0 0 0 1786
702 630 4 151 151 151 1787
258 16 4 27 27 27 1788
616 588 4 15 15 15 1789
202 620 9 23 23 23 1790
428 620 12 17 17 17 1791
580 558 5 0 0 0 1792
538 34 3 0 0 0 1793
96 54 4 2 2 2 1794
48 110 8 17 17 17 1795
608 166 13 17 17 17 1796
600 214 7 2 2 2 1797
54 488 5 7 7 7 1798
754 314 3 39 39 39 1799
592 146 12 17 17 17 1800
436 602 7 17 17 17 1801
592 532 9 16 16 16 1802
718 128 6 17 17 17 1803
60 84 4 16 16 16 1804
588 512 4 17 17 17 1805
240 34 4 16 16 16 1806
60 100 7 16 16 16 1807
506 2 11 17 17 17 1808
578 500 3 0 0 0 1809
510 390 4 6 15 83 1810
572 624 6 38 38 38 1811
570 28 8 27 27 27 1812
4 170 6 6 6 6 1813
76 68 7 15 15 15 1814
106 508 5 17 17 17 1815
106 496 6 0 0 0 1816
742 406 5 81 81 81 1817
540 86 7 16 16 16 1818
266 360 3 33 33 33 1819
538 102 5 0 0 0 1820
344 20 8 18 18 18 1821
336 28 3 19 19 19 1822
714 146 7 13 13 13 1823
16 154 4 0 0 0 1824
260 6 4 27 27 27 1825
422 276 4 114 114 114 1826
422 394 4 69 69 69 1827
702 518 4 73 73 73 1828
728 132 4 17 17 17 1829
278 44 7 18 18 18 1830
690 254 3 0 0 0 1831
436 58 4 1 1 1 1832
680 220 4 15 15 15 1833
440 472 3 28 28 28 1834
26 176 6 16 16 16 1835
180 6 9 17 17 17 1836
180 20 4 16 16 16 1837
252 612 5 16 16 16 1838
28 222 6 16 16 16 1839
172 26 5 9 9 9 1840
652 606 4 0 0 0 1841
752 372 3 2 2 2 1842
462 598 6 14 14 14 1843
304 36 3 17 17 17 1844
466 10 5 27 27 27 1845
306 12 6 17 17 17 1846
634 570 5 1 1 1 1847
474 4 4 40 40 40 1848
632 38 6 0 0 0 1849
630 524 4 1 1 1 1850
624 156 5 27 27 27 1851
482 62 4 1 1 1 1852
614 38 11 17 17 17 1853
736 216 3 0 0 0 1854
612 128 4 37 37 37 1855
736 276 3 0 0 0 1856
490 628 7 25 25 25 1857
48 532 4 4 4 4 1858
748 128 3 11 11 11 1859
748 108 6 0 0 0 1860
596 546 4 0 0 0 1861
272 632 3 13 13 13 1862
270 24 5 16 16 16 1863
2 244 11 17 17 17 1864
388 610 5 17 17 17 1865
242 610 5 15 15 15 1866
226 16 3 26 26 26 1867
406 20 3 0 0 0 1868
724 300 4 7 7 7 1869
214 610 6 17 17 17 1870
758 154 5 17 17 17 1871
730 172 5 38 38 38 1872
448 8 6 17 17 17 1873
730 592 4 219 219 219 1874
158 578 7 18 18 18 1875
10 230 4 14 14 14 1876
468 572 3 2 2 2 1877
148 528 4 0 0 0 1878
476 590 10 18 18 18 1879
142 588 6 17 17 17 1880
734 452 5 0 0 0 1881
136 540 6 14 14 14 1882
122 62 13 17 17 17 1883
740 52 8 38 38 38 1884
538 24 5 17 17 17 1885
86 144 6 3 3 3 1886
86 500 5 0 0 0 1887
742 246 4 19 19 19 1888
556 100 6 17 17 17 1889
568 548 4 18 18 18 1890
570 168 4 2 2 2 1891
572 68 6 0 0 0 1892
580 590 4 12 12 12 1893
598 198 4 0 0 0 1894
46 480 6 26 26 26 1895
44 10 34 16 16 16 1896
40 188 4 1 1 1 1897
624 182 5 1 1 1 1898
40 452 5 15 15 15 1899
750 382 3 54 54 54 1900
644 626 4 15 15 15 1901
30 196 4 16 16 16 1902
666 112 8 16 16 16 1903
668 58 7 14 14 14 1904
670 184 6 16 16 16 1905
678 128 9 12 12 12 1906
686 102 3 2 2 2 1907
686 198 5 18 18 18 1908
686 210 6 17 17 17 1909
754 296 6 43 43 43 1910
688 84 5 18 18 18 1911
688 178 6 0 0 0 1912
756 176 5 19 19 19 1913
756 188 6 27 27 27 1914
756 308 3 36 36 36 1915
344 618 9 17 17 17 1916
228 612 8 0 0 0 1917
6 158 6 16 16 16 1918
84 30 10 0 0 0 1919
136 48 4 27 27 27 1920
62 518 3 1 1 1 1921
322 612 4 0 0 0 1922
116 2 5 27 27 27 1923
584 92 8 0 0 0 1924
556 164 6 89 89 89 1925
744 68 8 27 27 27 1926
410 628 6 0 0 0 1927
378 606 5 17 17 17 1928
220 36 4 19 19 19 1929
622 218 5 0 0 0 1930
268 10 4 10 10 10 1931
586 566 4 1 1 1 1932
758 550 4 192 194 194 1933
36 444 3 17 17 17 1934
636 198 6 1 1 1 1935
58 472 8 16 16 16 1936
638 592 8 17 17 17 1937
638 180 4 1 1 1 1938
638 538 7 14 14 14 1939
154 590 6 16 16 16 1940
642 90 4 16 16 16 1941
650 78 5 0 0 0 1942
758 416 4 0 0 0 1943
652 634 7 17 17 17 1944
30 204 3 16 16 16 1945
244 42 4 16 16 16 1946
596 114 4 15 15 15 1947
178 56 7 0 0 0 1948
356 608 6 17 17 17 1949
24 446 5 17 17 17 1950
680 190 4 17 17 17 1951
580 508 4 17 17 17 1952
698 152 6 17 17 17 1953
204 8 4 18 18 18 1954
424 602 4 0 0 0 1955
18 182 3 5 5 5 1956
492 24 5 18 18 18 1957
716 80 20 17 17 17 1958
92 548 3 17 17 17 1959
606 56 5 0 0 0 1960
582 34 5 27 27 27 1961
758 382 3 38 38 38 1962
756 484 4 209 209 209 1963
754 244 3 14 14 14 1964
2 228 4 28 28 28 1965
380 8 8 18 18 18 1966
608 590 4 7 7 7 1967
446 22 6 0 0 0 1968
716 162 9 27 27 27 1969
368 608 5 15 15 15 1970
598 126 5 28 28 28 1971
34 132 14 0 0 0 1972
760 452 3 1 1 1 1973
642 552 7 19 19 19 1974
644 188 4 1 1 1 1975
754 118 5 16 16 16 1976
754 208 9 18 18 18 1977
576 108 9 0 0 0 1978
334 232 6 40 40 40 1979
650 228 7 1 1 1 1980
332 22 4 15 15 15 1981
108 10 6 27 27 27 1982
562 136 4 0 0 0 1983
224 638 15 1 1 1 1984
110 636 20 14 14 14 1985
188 38 5 0 0 0 1986
758 130 5 13 13 13 1987
72 474 6 0 0 0 1988
656 8 4 1 1 1 1989
140 56 4 14 14 14 1990
606 122 4 26 26 26 1991
596 36 4 15 15 15 1992
748 588 3 11 11 11 1993
344 636 8 17 17 17 1994
122 600 17 4 4 4 1995
694 142 4 1 1 1 1996
628 562 4 18 18 18 1997
148 2 4 22 22 22 1998
574 124 3 0 0 0 1999
758 540 5 0 0 0 2000
128 6 6 37 37 37 2001
278 636 4 17 17 17 2002
278 30 5 0 0 0 2003
402 634 3 16 16 16 2004
618 578 6 16 16 16 2005
400 622 6 16 16 16 2006
158 2 6 27 27 27 2007
464 32 4 3 3 3 2008
752 94 8 16 16 16 2009
664 44 7 17 17 17 2010
440 14 4 0 0 0 2011
680 76 6 17 17 17 2012
22 188 4 6 6 6 2013
300 4 4 16 16 16 2014
298 54 6 17 17 17 2015
204 634 5 5 5 5 2016
210 590 12 1 1 1 2017
292 26 6 0 0 0 2018
716 210 5 0 0 0 2019
548 598 8 18 18 18 2020
104 554 7 26 26 26 2021
556 550 5 17 17 17 2022
760 30 16 38 38 38 2023
562 58 8 0 0 0 2024
322 410 9 133 133 133 2025
295 473 6 35 35 35 2026
304 492 5 24 24 24 2027
273 487 7 215 215 215 2028
331 510 7 150 150 150 2029
394 502 7 197 197 197 2030
269 213 11 79 79 79 2031
608 282 5 22 22 22 2032
220 291 7 234 234 234 2033
243 250 5 204 204 204 2034
270 248 4 167 167 167 2035
285 238 5 241 241 241 2036
296 324 9 216 216 216 2037
269 580 4 159 159 159 2038
233 515 8 199 199 199 2039
162 427 4 227 227 227 2040
53 352 5 196 196 196 2041
144 238 4 102 102 102 2042
225 476 4 65 65 65 2043
337 277 9 36 36 36 2044
363 299 5 236 236 236 2045
355 198 5 34 34 34 2046
315 398 4 77 77 77 2047
283 416 5 144 144 144 2048
377 465 6 250 250 250 2049
428 364 4 103 103 103 2050
474 199 4 21 21 21 2051
454 176 6 33 33 33 2052
310 163 8 107 107 107 2053
330 383 7 42 42 42 2054
326 335 5 196 196 196 2055
335 315 4 72 72 72 2056
354 504 6 18 18 18 2057
600 275 4 13 13 13 2058
456 505 5 57 57 57 2059
381 492 4 193 193 193 2060
471 355 5 11 10 76 2061
481 293 4 31 26 81 2062
472 334 4 2 0 48 2063
Neighbours
0 :  1563 1582 1737
1 :  1755 1872
2 :  1255 1493 1855
3 :  1503 1511 2001
4 :  1741 1760 1833 1905 1908 1909 1951 1980
5 :  1405 1653 2021
6 :  808 1562
7 :  1742 1828
8 :  1707 1735 1767 1818 1889
9 :  1610 1649
10 :  1728 1732 1739
11 :  1716 1939 1997
12 :  173 177 626
13 :  139 149 289 521 1169 1703 2020
14 :  470 484 1447 2019
15 :  589 1408 1816 1887 1988
16 :  35 46 99 346 1172 1430
17 :  35 46 89 151 1033 1172
18 :  38 47 81 83 588
19 :  491 1717 1849
20 :  519 595 607 1268 1386 1402 1448 1483 1646
21 :  39 42 80 1005 1266 1374 1550
22 :  1817 1900 1962
23 :  28 201 255 1008 1527
24 :  64 1608 1648 1869
25 :  30 33 62 195 362 465 612 1462
26 :  99 259 1541 1585
27 :  58 207 214 383 824
28 :  23 132 152 201 416 875
29 :  47 74 447 1554 1621
30 :  25 33 62 462 1497
31 :  74 162 964 1619
32 :  1587 1968 2011
33 :  25 30 137 153 362 925
34 :  1799 1910 1915
35 :  16 17 78 229 1172 1430
36 :  1426 1907
37 :  128 169 716
38 :  18 72 733 801 1068 1489
39 :  21 51 56 457 1324 1374
40 :  57 65 86 1157 1453
41 :  379 403 442 471 480 1600
42 :  21 56 174 1204 1374 1378 1698
43 :  156 185 213 350 867
44 :  233 579 773 1348
45 :  1830 1844 2015 2018
46 :  16 17 81 588 1031 1172
47 :  18 29 83 432 575 1068 1621
48 :  86 97 112 164 1104
49 :  264 307 1614
50 :  107 136 144 341 1488 1495 1537
51 :  39 71 137 272
52 :  145 206 285 357 534
53 :  107 144 402 597 1421 1488
54 :  97 113 863 1171
55 :  1657 1883
56 :  39 42 71 1374
57 :  40 277 609 1002 1101 1319 1453
58 :  27 180 322 444 502
59 :  259 1541
60 :  77 176 338 396 614
61 :  94 247 290 469 1451 1632
62 :  25 30 138 1119 1462
63 :  120 380 473
64 :  24 119 1608 1725
65 :  40 164 298 471 1101
66 :  406 471 1472 1600
67 :  68 88 147 166 363 413
68 :  67 88 238 361 459
69 :  105 193 215 217 329 1372
70 :  307 1177 1395 1694
71 :  51 56 462
72 :  38 785 864 1489 1506
73 :  106 200 214 1641
74 :  29 31 98 447 455 964 1197 1234 1554
75 :  235 358 456 905 1126
76 :  440 811 832 936 1232
77 :  60 228 338 456 494 614
78 :  35 89 265 355
79 :  204 314 583 592 834 847
80 :  21 1335
81 :  18 46 124 151 175 588
82 :  92 110 118 257 1228 1290
83 :  18 47 142 236 588 1031
84 :  1643 1706 1709 1764 1802 1890
85 :  267 648 1523
86 :  40 48 112 164 1157 1298
87 :  128 161 169 255
88 :  67 68 244 363 423
89 :  17 78 1033
90 :  307 741 1748
91 :  242 291 300 321 359
92 :  82 110 118 244 423
93 :  1002 1758
94 :  61 387 583 613 704
95 :  1509 1691 1986
96 :  1287 1546 1955
97 :  48 54 113 210 211 1104
98 :  74 455 631 1552
99 :  16 26 1430 1749 1751
100 :  1385 1473 1891
101 :  109 1729 1874
102 :  118 244 426 1212 1222
103 :  226 587 620 1020 1819
104 :  112 210 256 872 1349 1742
105 :  69 215 1372
106 :  73 162 539 1680
107 :  50 53 136 446
108 :  226 421 961 1020
109 :  101 526 949 1300 1729 1933 2000
110 :  82 92 304
111 :  121 232 310 326 413
112 :  48 86 104 210 721 1104 1298 1349
113 :  54 97 210 581 1714
114 :  265 355 810 1227 1597
115 :  1194 1747 1966
116 :  267 283 429 492 543 564
117 :  393 814 1045 1414
118 :  82 92 102 244 903 1290
119 :  64 189 678 1391 1586
120 :  63 711 908
121 :  111 147 413 448 866
122 :  165 184 323 424 655
123 :  288 1330 1619 1680
124 :  81 151 175 1886
125 :  267 554 869 1311
126 :  143 155 281 1206 1321
127 :  143 198 339 439 670 876
128 :  37 87 265
129 :  266 273 525 632 1667
130 :  1832
131 :  188 192 225 268 643 1406
132 :  28 529 875 1410
133 :  187 1832
134 :  327 386 448 866 907
135 :  450 461 500 504 638 692
136 :  50 107 180 186 347
137 :  33 51 153 272 661 1220 1497
138 :  62 465 615 774 1027 1119 1462 2053
139 :  13 1764
140 :  279 949 1038 1566 1963
141 :  250 303 376 503 683
142 :  83 275 346 1031
143 :  126 127 155 439 656 828 1127
144 :  50 53 251 1347 1488 1537
145 :  52 176 206 246 396
146 :  550 1877
147 :  67 121 166 226 413 866
148 :  209 1019 1147 1197
149 :  13 1169 1573
150 :  191 259 401 1156 1432 1449
151 :  17 81 124 1886
152 :  28 563 875 998 1237
153 :  33 137 661 925
154 :  205 261 311 829 922
155 :  126 143 221 415 439 1237
156 :  43 253 377 514 1629
157 :  387 1632
158 :  276 550 639 736
159 :  1960
160 :  589 865 980 1638 1644
161 :  87 1585 1751
162 :  31 106 209 530 964
163 :  1917 2017
164 :  48 65 86 403
165 :  122 601 655 693 1110
166 :  67 147 361 1819
167 :  1750
168 :  191 259 346 1461 1749
169 :  37 87 757 1527
170 :  344 407 631 742 1352 1575
171 :  310 326 426 717 1058 1076 1340
172 :  216 552 773 1468
173 :  12 997 1686 1875
174 :  42 399 1348 1378 1698
175 :  81 124 733
176 :  60 145 351 796 868
177 :  12 626
178 :  255 706 1541
179 :  332 499 722 749 1322
180 :  58 136 446 452 1373
181 :  299 437 835 909 1675
182 :  366 368 384 658 1313
183 :  200 280 520 1337
184 :  122 189 323 693 1326 1370
185 :  43 213 251 1099 1291 1347
186 :  136 282 452 584
187 :  133 713 743 1185
188 :  131 225 386 780
189 :  119 184 323 1326 1391
190 :  723 976 1667
191 :  150 168 334 401 725 1461
192 :  131 227 266 1406 2033
193 :  69 212 215 321 329 330
194 :  298 305 406 518 1442
195 :  25 362 612 1034 1072
196 :  295 488 601 693 1502
197 :  685 762 770 1074
198 :  127 339 612 774
199 :  280 282 584 685 752 1501
200 :  73 183 282 452 502
201 :  23 28 529 1008 1079
202 :  250 1591
203 :  855 1847
204 :  79 314 561 592 593 1284
205 :  154 264 302 364 740
206 :  52 145 396 604
207 :  27 222 1679
208 :  234 287 582 1820
209 :  148 162 435 964 1147 1234
210 :  97 104 112 113 872
211 :  97 379 863 1504
212 :  193 330 1465
213 :  43 185 251 1629
214 :  27 73 502 1641
215 :  69 105 193 291 321 1215
216 :  172 552 727 772 1178
217 :  69 274 371 1273
218 :  369 669 822
219 :  1797 1894 1898 1930 1935
220 :  237 702 1108 1839
221 :  155 259 415
222 :  207 539 695 818 2041
223 :  427 433 566 630 692 939
224 :  331 348 777 855 1140 1664
225 :  131 188 356 643 780 937
226 :  103 108 147 421 1819
227 :  192 266 549 688 1667
228 :  77 494 532 1041
229 :  35 1430 1751
230 :  1409 1596
231 :  420 516 623 739 1097 1595
232 :  111 434 448 2033
233 :  44 400 743 1185
234 :  208 672 722 877
235 :  75 468 640 1021
236 :  83 275 432 570 747
237 :  220 293
238 :  68 324 423 459 515
239 :  285 357 802 886 1165
240 :  1291 1347 1537 1543
241 :  404 1450 1544
242 :  91 321 359 1193
243 :  1878
244 :  88 92 102 118 363 426
245 :  741 1469
246 :  145 796 916 1121
247 :  61 469 709 755 1632
248 :  705 841 874 1261 1631
249 :  353 1611
250 :  141 202 376 429 492
251 :  144 185 213 800 1347
252 :  1852
253 :  156 367 514
254 :  475 591 918
255 :  23 87 178 416
256 :  104 872 1053
257 :  82 556 1040
258 :  388 405 445 942 1011 1015
259 :  26 59 150 168 221 1449
260 :  326 333 434 573 1076
261 :  154 364 2028
262 :  319 437 701 966 1371
263 :  1824 1972
264 :  49 205 307 311 397
265 :  78 114 128 355
266 :  129 192 227 352 2033
267 :  85 116 125 283 543
268 :  131 386 448 2033
269 :  350 750 867 1200 1379
270 :  290 382 397 469
271 :  1738 1856
272 :  51 137 457 1220 1752
273 :  129 632 659
274 :  217 329 371 576 1049 1196
275 :  142 236 334 747
276 :  158 381 736 935 1592
277 :  57 298 305 453 1101 1442 1535
278 :  489 946 1604
279 :  140 1038 1446 1963 1973
280 :  183 199 1441 1501 1576
281 :  126 1432 1449 1476
282 :  186 199 200 452
283 :  116 267 492 1590
284 :  388 710 945 1187 1333
285 :  52 239 357 422 1670
286 :  354 1289 1320 1365 1437 1874
287 :  208 309 582 595 832
288 :  123 520 1330 1337
289 :  13 2022
290 :  61 270 771 834
291 :  91 215 751 1215
292 :  406 880 1358 1472
293 :  237 435 1024 1864
294 :  1515 1534 1571 1603
295 :  196 488 778 871 1797
296 :  511 1714
297 :  318 347 752 950 1036
298 :  65 194 277 1723
299 :  181 835 1137 1204
300 :  91 359 366 368 968
301 :  379 863 1394
302 :  205 382 397 718 740
303 :  141 503 1134 2030
304 :  110 324 423 912
305 :  194 277 453 698 1442 1605
306 :  590 925 1114
307 :  49 70 90 264 311 567 1395
308 :  428 473 522 923
309 :  287 582 832 1232
310 :  111 171 326 363 413 426
311 :  154 264 307 1395 1774
312 :  404 492 501 1544 1590
313 :  675 679 1481 1494 2039
314 :  79 204 561 771 834
315 :  604 606 1744
316 :  825 949 1515 1571
317 :  485 738 966 991 1032
318 :  297 903 1036 1241
319 :  262 579 1137 1178
320 :  987 991 1211
321 :  91 193 215 242 602
322 :  58 444 446 816 980
323 :  122 184 189 424 667 1398
324 :  238 304 325 423 764
325 :  324 912 1035 1046
326 :  111 171 260 310 434 1076
327 :  134 421 627 866 1080
328 :  660 673 708
329 :  69 193 274 330 753
330 :  193 212 329 1136 1465
331 :  224 348 354 1140 1365 1437
332 :  179 749 1333 1570
333 :  260 352 434 525 573 574
334 :  191 275 346 725 804 1461
335 :  553 624 973
336 :  422 845 1198 1434
337 :  453 972 1002 1535
338 :  60 77 351 532 652
339 :  127 198 439 544 998
340 :  342 495 726 779 924
341 :  50 347 1036 1495 1537 2040
342 :  340 726 747 1445
343 :  348 526 1293 1300
344 :  170 373 460 665
345 :  581 958 1360
346 :  16 142 168 334 1461
347 :  136 297 341 584 752 1036 1495
348 :  224 331 343
349 :  527 556 912
350 :  43 269 377 867 1412
351 :  176 338 652 868 904
352 :  266 333 434 525 2033
353 :  249 418 531 1041
354 :  286 331 967 1437 1787
355 :  78 114 265 810
356 :  225 409 643 2034
357 :  52 239 285 802 1055
358 :  75 614
359 :  91 242 300 968 1339
360 :  1892 1924
361 :  68 166 459 1695
362 :  25 33 195 925 1072
363 :  67 88 244 310 413 426
364 :  205 261 740 1225
365 :  393 606 1826
366 :  182 300 368 384 479
367 :  253 377 901 1288
368 :  182 300 366 1375 1479
369 :  218 404 662 830
370 :  389 467 545 625
371 :  217 274 449 576 1263
372 :  594 619 689 895 999 1059
373 :  344 455 631 919
374 :  645 757 823 1008 1527
375 :  536 546 946 1176
376 :  141 250 503 687 2049
377 :  156 350 367 675 1412
378 :  1850
379 :  41 211 301 403 480 1504
380 :  63 385 438 521
381 :  276 506 1087 1190 1404 1592
382 :  270 302 771
383 :  27 444 824 1328
384 :  182 366 634 884
385 :  380 438 473 522
386 :  134 188 268 448 907 1065
387 :  94 157 704 1632
388 :  258 284 405 496 668 942
389 :  370 467 1607
390 :  673 676 689 830 882 999
391 :  669 822 1063 1084
392 :  461 504 586 928 1088
393 :  117 365 606 1045
394 :  527 556 763 1118 1175
395 :  419 469 755
396 :  60 145 206
397 :  264 270 302 419
398 :  433 638 851 859 1162 1382
399 :  174 1185 1832
400 :  233 440 773 811 891
401 :  150 191 725 1156 1229
402 :  53 446 865 1644
403 :  41 164 379 1504
404 :  241 312 369 501 662 1450 1544
405 :  258 388 496 870 1011
406 :  66 194 292 508 1472
407 :  170 596 665 1168 1352
408 :  669 941 1450 1834
409 :  356 666 690 842
410 :  613 878
411 :  705 841 1184 1262
412 :  477 532 599 652 1138
413 :  67 111 121 147 310 363
414 :  1531
415 :  155 221 563
416 :  28 255 563 706
417 :  1090 1167 1508
418 :  353 566 790 815 939
419 :  395 397 469
420 :  231 667 1595
421 :  108 226 327 866 961 1080
422 :  285 336 848 886 1670
423 :  88 92 238 304 324
424 :  122 323 655 667 1089
425 :  475 728 1403
426 :  102 171 244 310 363 717
427 :  223 621 630 971
428 :  308 641 908 1062
429 :  116 250 564 691
430 :  735 755 1131 1435
431 :  617 749 1508
432 :  47 236 575
433 :  223 398 566 638 692 851
434 :  232 260 326 333 352
435 :  209 293 530 1147
436 :  476 497 671 1014
437 :  181 262 485 835 966
438 :  380 385 759 839
439 :  127 143 155 339 1237
440 :  76 400 811 1232 1307
441 :  801 864 1489
442 :  41 480 1218
443 :  513 738 1032
444 :  58 322 383 560 816
445 :  258 528 942 1044
446 :  107 180 322 402 865
447 :  29 74 809 1019 1108 1197
448 :  121 134 232 268 386
449 :  371 500 504 576 1057 1263
450 :  135 461 692 819 894
451 :  670 782 975 1139 2053
452 :  180 186 200 282 502 1373
453 :  277 305 337 1535 1579
454 :  535 578 642 814 2045
455 :  74 98 373 1155
456 :  75 77 494 614 905 1202
457 :  39 272 1324
458 :  542 760 952 1006 1308
459 :  68 238 361 507 515 1113
460 :  344 570 575 1309 2042
461 :  135 392 450 819 1088
462 :  30 71 697 1675
463 :  1552
464 :  1525
465 :  25 138 612 774 1462
466 :  478 892 1203
467 :  370 389 545 742 831
468 :  235 1505
469 :  61 247 270 395 419
470 :  14 1741
471 :  41 65 66 1600 1723
472 :  1311 1409
473 :  63 308 385 908
474 :  487 509 934
475 :  254 425
476 :  436 493 873
477 :  412 599 652 681 707 904
478 :  466 628 1092
479 :  366 857 884 968
480 :  41 379 442 1257
481 :  838
482 :  1708 1983
483 :  742 767 831
484 :  14 1459 1588
485 :  317 437 738 795 909 966
486 :  523 677 1612
487 :  474 765 917 934
488 :  196 295 601 871 1096
489 :  278 546 1035 1046 1604
490 :  616 671 766 1059
491 :  19 684 1849
492 :  116 250 283 312
493 :  476 634 873 884 1278
494 :  77 228 456 1202
495 :  340 779 1168 1342
496 :  388 405 499 582
497 :  436 1160
498 :  890 930 1017 1103
499 :  179 496 668 672 722
500 :  135 449 638
501 :  312 404 624 662
502 :  58 200 214 452 1373
503 :  141 303 376 687 2060
504 :  135 392 449 576
505 :  1731 1874 1993
506 :  381 622
507 :  459 1113 1411 1695
508 :  406 518 694 880
509 :  474 1396
510 :  1517 1706
511 :  296 581 1207 1805 1809 1952
512 :  1099 1175 1256
513 :  443 615 663
514 :  156 253 1581 1629
515 :  238 459 764 1270
516 :  231 698 1051 1595
517 :  893 1591
518 :  194 508 698 1051
519 :  20 1268 1483 1771
520 :  183 288 1337 1576
521 :  13 380 1703 1879
522 :  308 385 608 923
523 :  486 843 854
524 :  1771 1808
525 :  129 333 352 659
526 :  109 343 825 1293 1300 1602
527 :  349 394 912 943 981
528 :  445 552 569 727 1015
529 :  132 201 674 807 1079 1114
530 :  162 435
531 :  353 815 1138 1248
532 :  228 338 412 652 1041
533 :  1034 1336 1410
534 :  52 734 916 1055
535 :  454 578 699
536 :  375 546 982
537 :  1368 1512
538 :  671 895 1014 1059
539 :  106 222 695
540 :  1153 1164 1466 1561
541 :  598 969 971 1281
542 :  458 874 952 1006 1261
543 :  116 267 564 648 881
544 :  339 612 998 1034
545 :  370 467 625 885
546 :  375 489 536 946 982 1604
547 :  805 1004
548 :  1904 1942
549 :  227 1406 1692
550 :  146 158 551 711
551 :  550 820 1354
552 :  172 216 528 727
553 :  335 869 910 920 1665
554 :  125 869 1590
555 :  621 977 1083 1245
556 :  257 349 394 1023 1175
557 :  877 1322 1477
558 :  1187 1286 1656
559 :  802 1146 1165 1250
560 :  444 816 1328
561 :  204 314 771 1115 1284 2029
562 :  732 765 889 1013
563 :  152 415 416 706 1237
564 :  116 429 543 691 881
565 :  694 880
566 :  223 418 433 790 851 939
567 :  307 1124 1177 1249 1748
568 :  1098 1256 1291 1543
569 :  528 577 1044 1061
570 :  236 460 747 1445
571 :  1408 1578
572 :  1171 1346
573 :  260 333 574 885
574 :  333 573 659 1368
575 :  47 432 460 1309
576 :  274 371 449 504 586 1196
577 :  569 727 826 1294
578 :  454 535 606 699
579 :  44 319 1003 1137
580 :  637 796 1121 1216
581 :  113 345 511 958 1171
582 :  208 287 309 496 672
583 :  79 94 792 834 1451
584 :  186 199 347 752
585 :  849 957
586 :  392 576 928
587 :  103 620 1129
588 :  18 46 81 83 1031
589 :  15 160 1644 1988
590 :  306 1114
591 :  254 746 918 2030
592 :  79 204 593 847
593 :  204 592 1400
594 :  372 616 896 999 1009 1059
595 :  20 287 1338 1646 1818
596 :  407 651 767 1168
597 :  53 800
598 :  541 1083
599 :  412 477 664 707 965
600 :  1539 1867
601 :  165 196 488 1096
602 :  321
603 :  623 686 739 1152
604 :  206 315 1826
605 :  700 768 789 1460
606 :  315 365 393 578 699 1434
607 :  20 1646 1770 2024
608 :  522 923 929
609 :  57 1319 1647
610 :  642 814 947 1145
611 :  657 686 1230 1416
612 :  25 195 198 465 544
613 :  94 410 704 792
614 :  60 77 358 456
615 :  138 513 1027 1119
616 :  490 594 766 1009
617 :  431 838 1477 1925
618 :  1025 1411
619 :  372 689 895 1161 1397
620 :  103 587 1129 1695
621 :  427 555 815 939 977 1083
622 :  506 994 1028
623 :  231 603 657 686 739 1097
624 :  335 501 660 973 1120
625 :  370 545 787 963 1576
626 :  12 177
627 :  327 907 1122 1128
628 :  478 1149 1203
629 :  641 728 758 806 1392
630 :  223 427 635 692
631 :  98 170 373 1575
632 :  129 273 723 833
633 :  829 922 983
634 :  384 493 1478
635 :  630 894 969 971
636 :  967 1140 1454
637 :  580 1274
638 :  135 398 433 500 692 859
639 :  158 935
640 :  235 1021 1054 1126
641 :  428 629 758 806 2059
642 :  454 610 814 2045
643 :  131 225 356 1406 2034
644 :  2018
645 :  374 769 823 1205
646 :  1907 1911
647 :  756 768 1094 1125 1195
648 :  85 543 744 1523 1557
649 :  897 1238 1246 1356
650 :  718 771 1264 2029
651 :  596 779 833 1168
652 :  338 351 412 477 532
653 :  901 927 1173
654 :  736 745 1028 1354
655 :  122 165 424 2032
656 :  143 1022 1127 1206
657 :  611 623 686 694 1097
658 :  182 1407 1786
659 :  273 525 574 813 1368
660 :  328 624 662 708 1120
661 :  137 153
662 :  369 404 501 660
663 :  513 697 795 1119
664 :  599 1043 1138 1248
665 :  344 407 1168 1342
666 :  409 842 933 1102
667 :  323 420 424 739 1089
668 :  388 499 1333
669 :  218 391 408 1081 1084
670 :  127 451 774 876 2053
671 :  436 490 538
672 :  234 499 582 722
673 :  328 390 882 1183 1283
674 :  529 1114 1314
675 :  313 377 1288 1494
676 :  390 822 999
677 :  486 1050
678 :  119 1459
679 :  313 821 829 1117
680 :  821 862
681 :  477 682 707 904 954 2051
682 :  681 921 2051
683 :  141 1134 1591
684 :  491 1718 1989
685 :  197 199 752 950 1501
686 :  603 611 623 657 1416
687 :  376 503 2060
688 :  227 976 1692
689 :  372 390 619 882 999
690 :  409 933 2034
691 :  429 564 1676
692 :  135 223 433 450 630 638
693 :  165 184 196 1370 1502
694 :  508 565 657 1051
695 :  222 539 1743
696 :  1523
697 :  462 663 795
698 :  305 516 518 1605
699 :  535 578 606 956 1434
700 :  605 1692
701 :  262 772 1178 1371
702 :  220 809 864 1506
703 :  1505 1548
704 :  94 387 613 1697 1949
705 :  248 411 1561
706 :  178 416 563
707 :  477 599 681 965
708 :  328 660 1120 1183
709 :  247 735
710 :  284 945 1187 1318
711 :  120 550 820 1392
712 :  1752
713 :  187 1852
714 :  931 978 1056 1252
715 :  1030 1520 2051
716 :  37 757 1388
717 :  171 426 762 1212 1340
718 :  302 650 740 1264 1362
719 :  797 820 1354
720 :  1906 1996
721 :  112 1298 1349 1582
722 :  179 234 499 672
723 :  190 632 1017 1070
724 :  856 966 1211 1371
725 :  191 334 401 726 804
726 :  340 342 725 761 804 924
727 :  216 528 552 577
728 :  425 629
729 :  734 897 1191
730 :  1247 1282 1423 1623
731 :  995 1154 1559 2046
732 :  562 889 961 2037
733 :  38 175 801
734 :  534 729 916 1055
735 :  430 709 755
736 :  158 276 654 1354 1592
737 :  1697 1916 1922
738 :  317 443 485 795 1032
739 :  231 603 623 667
740 :  205 302 364 718 1225 1362
741 :  90 245 1469
742 :  170 467 483 1352 1575 1607
743 :  187 233 811 1185
744 :  648 1037 1557
745 :  654 797 1028 1066 1354
746 :  591 918 953 994
747 :  236 275 342 570 804 1445
748 :  1759 1794 1814
749 :  179 332 431 1477
750 :  269
751 :  291 1132
752 :  199 297 347 584 685 950
753 :  329 1049 1136
754 :  794 843 852 1224
755 :  247 395 430 735
756 :  647 789 933 1094
757 :  169 374 716 823
758 :  629 641 2059
759 :  438 839 929 1158
760 :  458 1223 1308
761 :  726 1103
762 :  197 717 1077 1212 1340
763 :  394 846 943 1118 1200
764 :  324 515 840 1035
765 :  487 562 889
766 :  490 616 803
767 :  483 596 813
768 :  605 647 789 793
769 :  645 993 1008 1079 1383
770 :  197 950 1212
771 :  290 314 382 561 650
772 :  216 701 856 1294
773 :  44 172 400 1468
774 :  138 198 465 670 2053
775 :  1247
776 :  1037 1092 1464
777 :  224 1673 1841
778 :  295 1315 1797
779 :  340 495 651 1168
780 :  188 225 937 1226
781 :  1842
782 :  451 975 1018 2053
783 :  846 943 1105
784 :  1078 1431 1466
785 :  72 1621
786 :  1052 1277
787 :  625 885 1071 1163
788 :  906 1235
789 :  605 756 768
790 :  418 566 851 1100 1611
791 :  1708 1891
792 :  583 613 847 879
793 :  768 913 930 1125
794 :  754 843 1224 2026
795 :  485 663 697 738 909
796 :  176 246 580 868 1121
797 :  719 745 918 1066
798 :  895 1161 1786
799 :  1310 1510 2058
800 :  251 597 1408
801 :  38 441 733
802 :  239 357 559 1146 1165
803 :  766 1236
804 :  334 725 726 747
805 :  547 1123 1209 1325
806 :  629 641 908
807 :  529 1410
808 :  6 1727
809 :  447 702 1108 1506
810 :  114 355 974 1597
811 :  76 400 440 743
812 :  821 1494
813 :  659 767 831 1368
814 :  117 454 610 642 1414
815 :  418 531 621 939 977
816 :  322 444 560 980
817 :  1235 1351
818 :  222 1024
819 :  450 461 894 1088
820 :  551 711 719
821 :  679 680 812 1117 2043
822 :  218 391 676 830
823 :  374 645 757 1205 1509
824 :  27 383 1678
825 :  316 526 1515 1602 1828
826 :  577 1061 1254
827 :  1146 1238 1246
828 :  143 876 1127
829 :  154 633 679 922 1774
830 :  369 390 822
831 :  467 483 813 1512
832 :  76 287 309 1232 1338
833 :  632 651
834 :  79 290 314 583 1451
835 :  181 299 437 1137
836 :  1131 1674
837 :  1193 1361
838 :  481 617
839 :  438 759
840 :  764 990 1270 1491
841 :  248 411 1261 1350 2036
842 :  409 666
843 :  523 754 794 1316
844 :  991 1243
845 :  336 1198 1341 1434
846 :  763 783 1200
847 :  79 592 792 879
848 :  422 1198 1363
849 :  585 860 965
850 :  979 1166 1188
851 :  398 433 566 790 1100 1382
852 :  754
853 :  917 934 948
854 :  523 986 1210 1436
855 :  203 224 1673 1937
856 :  724 772 987 1294
857 :  479 1143 1299
858 :  1025 1109 1233
859 :  398 638 1162
860 :  849 1043 1075 1090
861 :  1258 1507 2055
862 :  680 983
863 :  54 211 301
864 :  72 441 702
865 :  160 402 446 980
866 :  121 134 147 327 421
867 :  43 269 350 1379
868 :  176 351 796 904 1216
869 :  125 553 554 1665 1827
870 :  405 1011
871 :  295 488 1159
872 :  104 210 256
873 :  476 493 1073 1278
874 :  248 542 952
875 :  28 132 152 998 1336
876 :  127 670 828
877 :  234 557 1322
878 :  410 1190 1287 1404
879 :  792 847
880 :  292 508 565
881 :  543 564
882 :  390 673 689 1283 1397
883 :  1043 1075 1245 1248
884 :  384 479 493 1278
885 :  545 573 787
886 :  239 422 1363
887 :  1838
888 :  929 1158 1271
889 :  562 732 765
890 :  498 924 1017 1070
891 :  400 1304 1307
892 :  466 1301
893 :  517 941 1112
894 :  450 635 819 1069
895 :  372 538 619 798 1059 1161
896 :  594 902 999
897 :  649 729 1356
898 :  1388 1440 1948
899 :  1062 1063 1279 1359
900 :  1968
901 :  367 653 927
902 :  896 1009 1213
903 :  118 318 1222
904 :  351 477 681 868 954
905 :  75 456 1126 1202 1393 2062
906 :  788 1235
907 :  134 386 627 1065 1122
908 :  120 428 473 806
909 :  181 485 795 1675
910 :  553 973
911 :  1468
912 :  304 325 349 527 981
913 :  793 1125 1156 1229 1432
914 :  1295 1526
915 :  1922
916 :  246 534 734 1121
917 :  487 853 934 1507
918 :  254 591 746 797 994 1066
919 :  373 1155 1309
920 :  553 978 1252 1665 1668
921 :  682 1520 1656 2051
922 :  154 633 829 2028
923 :  308 522 608 1306
924 :  340 726 890
925 :  33 153 306 362
926 :  1082 1367
927 :  653 901
928 :  392 586 979
929 :  608 759 888 1158
930 :  498 793 976 1460
931 :  714 1052 1277 1384
932 :  1502 1930
933 :  666 690 756 1094 1102
934 :  474 487 853 917
935 :  276 639 1801 1955
936 :  76 1402 1852
937 :  225 780 1006
938 :  1142 1154 1182
939 :  223 418 566 621 815
940 :  1935 1938 1975
941 :  408 893 1081 1112
942 :  258 388 445 1187
943 :  527 763 783 981 1105
944 :  1787
945 :  284 710 1333 1570
946 :  278 375 546 1604 1615
947 :  610 1145 1186 1389
948 :  853 1231 1367
949 :  109 140 316 2000
950 :  297 685 752 770
951 :  1029 1235
952 :  458 542 874 1308 1433
953 :  746 1239
954 :  681 904 1216 2051
955 :  1152 1166 1188
956 :  699 1341
957 :  585 1318
958 :  345 581 1171
959 :  1078 1181
960 :  1608 1610 1869
961 :  108 421 732 2037
962 :  1663 1726
963 :  625 1071 1441 1576
964 :  31 74 162 209
965 :  599 707 849 1043
966 :  262 317 437 485 724
967 :  354 636 1140 1438 1454 1736
968 :  300 359 479 1143
969 :  541 635 971 1069 1159
970 :  1303 1357
971 :  427 541 635 969 1083
972 :  337 1758
973 :  335 624 910 1120
974 :  810 1192 1227 1597
975 :  451 782 1139
976 :  190 688 930 1017 1460
977 :  555 621 815 1248
978 :  714 920 1056 1252 1668
979 :  850 928 1166 1201
980 :  160 322 816 865
981 :  527 912 943 1046 1105
982 :  536 546 1046 1105
983 :  633 862 1117 1176
984 :  1363 1433 1463 1485 1696 2044
985 :  1217
986 :  854 1327 1436
987 :  320 856 988 1356
988 :  987 1294
989 :  1425 1500 1701
990 :  840 1035 1491
991 :  317 320 844 1032 1211
992 :  1932
993 :  769 1314 1383
994 :  622 746 918 1066
995 :  731 1141 1577
996 :  1150 1329
997 :  173 1064
998 :  152 339 544 875 1336
999 :  372 390 594 676 689 896
1000 :  1161 1260 1407 1786
1001 :  1868
1002 :  57 93 337
1003 :  579 1137 1204 1348 1378
1004 :  547 1123
1005 :  21 1194 1324 1550
1006 :  458 542 937 2035
1007 :  1292 1302 1420
1008 :  23 201 374 769 1527
1009 :  594 616 902
1010 :  1060 1292 1417
1011 :  258 405 870 1304
1012 :  1877
1013 :  562 1020 1209
1014 :  436 538 1478
1015 :  258 528 1304
1016 :  1444
1017 :  498 723 890 976 1070
1018 :  782 1027 2053
1019 :  148 447 1197
1020 :  103 108 1013
1021 :  235 640 1054
1022 :  656 2031
1023 :  556 1040 1098 1175 1256
1024 :  293 818
1025 :  618 858
1026 :  1278 1299
1027 :  138 615 1018
1028 :  622 654 745 1066
1029 :  951 1264
1030 :  715 1274 1520
1031 :  46 83 142 588
1032 :  317 443 738 991
1033 :  17 89 1219
1034 :  195 533 544
1035 :  325 489 764 990
1036 :  297 318 341 347 1241
1037 :  744 776 1067 1557
1038 :  140 279 1563
1039 :  1921
1040 :  257 1023 1098 1228
1041 :  228 353 532 1138
1042 :  1658 1909
1043 :  664 860 883 965
1044 :  445 569 1061
1045 :  117 393 1414 1548
1046 :  325 489 981 982
1047 :  1260 1283 1397
1048 :  1281
1049 :  274 753 1196
1050 :  677 1109 1221
1051 :  516 518 694
1052 :  786 931 1056 2050
1053 :  256 1111 1594
1054 :  640 1021 1344
1055 :  357 534 734 1146 1238
1056 :  714 978 1052 1668 2050
1057 :  449 1263
1058 :  171 1076 1163 1340
1059 :  372 490 538 594 895
1060 :  1010 1180 1208 1251 1417
1061 :  569 826 1044 1254 2052
1062 :  428 899
1063 :  391 899 1084 1213
1064 :  997 1995
1065 :  386 907 1122
1066 :  745 797 918 994 1028
1067 :  1037 1530
1068 :  38 47 1621
1069 :  894 969 1096 1159 1510
1070 :  723 890 1017
1071 :  787 963 1074
1072 :  195 362
1073 :  873 1199 1285
1074 :  197 1071 1077
1075 :  860 883 1086 1090
1076 :  171 260 326 1058 1163
1077 :  762 1074 1340
1078 :  784 959 1466
1079 :  201 529 769 1314
1080 :  327 421 1128 2037
1081 :  669 941 1084
1082 :  926
1083 :  555 598 621 971
1084 :  391 669 1063 1081 1279
1085 :  1214
1086 :  1075 1090 1424 1564
1087 :  381 1592
1088 :  392 461 819 1310
1089 :  424 667
1090 :  417 860 1075 1086 1424
1091 :  1797 1894
1092 :  478 776 1464
1093 :  1100 1130 1611
1094 :  647 756 933 1102 1195
1095 :  1191 1254 1274
1096 :  488 601 1069
1097 :  231 623 657
1098 :  568 1023 1040 1256 1662
1099 :  185 512 1291
1100 :  790 851 1093 1382 1455
1101 :  57 65 277
1102 :  666 933 1094 2031
1103 :  498 761 1229
1104 :  48 97 112
1105 :  783 943 981 982
1106 :  1134 1403
1107 :  1596
1108 :  220 447 809
1109 :  858 1050 1221 2048
1110 :  165 1510
1111 :  1053 1594 1753
1112 :  893 941 1439
1113 :  459 507 1270 1411
1114 :  306 529 590 674
1115 :  561 1284 2029
1116 :  1203 1301 1334
1117 :  679 821 983
1118 :  394 763 1200 1379
1119 :  62 138 615 663
1120 :  624 660 708 973
1121 :  246 580 796 916
1122 :  627 907 1065 1180 1417
1123 :  805 1004 1209
1124 :  567 1173 1249
1125 :  647 793 913
1126 :  75 640 905 1393
1127 :  143 656 828
1128 :  627 1080
1129 :  587 620 1325
1130 :  1093
1131 :  430 836
1132 :  751 1375
1133 :  1446 1973
1134 :  303 683 1106
1135 :  1167 1318
1136 :  330 753 1230 1240 1416
1137 :  299 319 579 835 1003 1204
1138 :  412 531 664 1041
1139 :  451 975 1217 1524
1140 :  224 331 636 967
1141 :  995 1181 1577
1142 :  938 1246
1143 :  857 968 1339
1144 :  1327 2028
1145 :  610 947 1389
1146 :  559 802 827 1055 1238
1147 :  148 209 435
1148 :  2008
1149 :  628 1596
1150 :  996 1484
1151 :  1369
1152 :  603 955
1153 :  540 1164 1561 1565
1154 :  731 938 1182 1559
1155 :  455 919
1156 :  150 401 913 1229 1432
1157 :  40 86 1727
1158 :  759 888 929
1159 :  871 969 1069
1160 :  497 1517
1161 :  619 798 895 1000 1260
1162 :  398 859 1568
1163 :  787 1058 1076
1164 :  540 1153 1431
1165 :  239 559 802 1250
1166 :  850 955 979 1188 1201
1167 :  417 1135
1168 :  407 495 596 651 665 779 1342
1169 :  13 149 1703
1170 :  1250 1272 1363
1171 :  54 572 581 958
1172 :  16 17 35 46
1173 :  653 1124
1174 :  1242 1499 2044
1175 :  394 512 556 1023 1256
1176 :  375 983
1177 :  70 567
1178 :  216 319 701
1179 :  1228 1241 1662
1180 :  1060 1122 1208
1181 :  959 1141
1182 :  938 1154
1183 :  673 708 1283
1184 :  411
1185 :  187 233 399 743
1186 :  947
1187 :  284 558 710 942 1599
1188 :  850 955 1166 1416
1189 : 
1190 :  381 878 1404
1191 :  729 1095
1192 :  974 1227 1388
1193 :  242 837 1218
1194 :  115 1005 1415 1550 1966
1195 :  647 1094 1321
1196 :  274 576 1049
1197 :  74 148 447 1019 1234
1198 :  336 845 848
1199 :  1073 1285
1200 :  269 763 846 1118
1201 :  979 1166 1310
1202 :  456 494 905 2062
1203 :  466 628 1116 1301
1204 :  42 299 1003 1137
1205 :  645 823 1383
1206 :  126 656 1321
1207 :  511 1809
1208 :  1060 1180 1251 2037
1209 :  805 1013 1123
1210 :  854 1456
1211 :  320 724 991
1212 :  102 717 762 770 1222
1213 :  902 1063 1359
1214 :  1085 1251
1215 :  215 291
1216 :  580 868 954
1217 :  985 1139 1524
1218 :  442 1193 1547
1219 :  1033
1220 :  137 272
1221 :  1050 1109 2048
1222 :  102 903 1212
1223 :  760 1226 1417
1224 :  754 794
1225 :  364 740 2027
1226 :  780 1223
1227 :  114 974 1192 1597
1228 :  82 1040 1179 1290
1229 :  401 913 1103 1156
1230 :  611 1136
1231 :  948
1232 :  76 309 440 832 1307
1233 :  858 1612
1234 :  74 209 1197
1235 :  788 817 906 951
1236 :  803 1317
1237 :  152 155 439 563
1238 :  649 827 1055 1146
1239 :  953 1353 1400 1470
1240 :  1136 1416
1241 :  318 1036 1179 1290
1242 :  1174 1463 2044
1243 :  844 1246
1244 :  1396 2054
1245 :  555 883
1246 :  649 827 1142 1243
1247 :  730 775 1296 1423
1248 :  531 664 883 977
1249 :  567 1124 1364
1250 :  559 1165 1170 1272
1251 :  1060 1208 1214 1292
1252 :  714 920 978
1253 :  1532 1536
1254 :  826 1061 1095
1255 :  2 1493
1256 :  512 568 1023 1098 1175
1257 :  480 1394 1547
1258 :  861 1265 2055
1259 :  1267 1499 2056
1260 :  1000 1047 1161 1397
1261 :  248 542 841 2036
1262 :  411 1350
1263 :  371 449 1057
1264 :  650 718 1029 1362
1265 :  1258 2056
1266 :  21 1335 1415 1550
1267 :  1259 1389
1268 :  20 519 1793 1885
1269 :  1278
1270 :  515 840 1113 1411
1271 :  888 1282
1272 :  1170 1250 2046
1273 :  217 1297
1274 :  637 1030 1095 2052
1275 :  1993
1276 :  1739 1842
1277 :  786 931 1343 1384 1528
1278 :  493 873 884 1026 1269
1279 :  899 1084 2059
1280 :  1443 1458 1654
1281 :  541 1048
1282 :  730 1271
1283 :  673 882 1047 1183
1284 :  204 561 1115 2057
1285 :  1073 1199 1360
1286 :  558 1520 1599 2052
1287 :  96 878 1865
1288 :  367 675
1289 :  286 1320
1290 :  82 118 1228 1241
1291 :  185 240 568 1099
1292 :  1007 1010 1251
1293 :  343 526
1294 :  577 772 856 988
1295 :  914
1296 :  1247 1423 1517
1297 :  1273 1329 1376 1567
1298 :  86 112 721
1299 :  857 1026 1346
1300 :  109 343 526
1301 :  892 1116 1203
1302 :  1007 1433
1303 :  970 1471 1521
1304 :  891 1011 1015
1305 :  1435
1306 :  923 1317
1307 :  440 891 1232
1308 :  458 760 952 1433
1309 :  460 575 919
1310 :  799 1088 1201
1311 :  125 472 1409 1613 1827
1312 :  1521 1557
1313 :  182 1407 1479
1314 :  674 993 1079
1315 :  778 1473
1316 :  843 1620
1317 :  1236 1306
1318 :  710 957 1135
1319 :  57 609
1320 :  286 1289 1731
1321 :  126 1195 1206 1476
1322 :  179 557 877
1323 :  1693
1324 :  39 457 1005
1325 :  805 1129
1326 :  184 189
1327 :  986 1144 2028
1328 :  383 560
1329 :  996 1297 1567
1330 :  123 288 1619
1331 :  1480
1332 :  1785 1943
1333 :  284 332 668 945
1334 :  1116 1414 1444 1467 1516
1335 :  80 1266
1336 :  533 875 998
1337 :  183 288 520
1338 :  595 832 1402
1339 :  359 1143 1547
1340 :  171 717 762 1058 1077
1341 :  845 956 1419 1434
1342 :  495 665 1168 2042
1343 :  1277 1344 1528
1344 :  1054 1343
1345 :  1429
1346 :  572 1299
1347 :  144 185 240 251
1348 :  44 174 1003 1378
1349 :  104 112 721 1742
1350 :  841 1262 2031
1351 :  817 1620 1633
1352 :  170 407 742
1353 :  1239 1400 2057
1354 :  551 654 719 736 745
1355 :  1384
1356 :  649 897 987
1357 :  970 1530 2025
1358 :  292 1361 1492
1359 :  899 1213
1360 :  345 1285 1517
1361 :  837 1358
1362 :  718 740 1264 2027
1363 :  848 886 984 1170 1979
1364 :  1249 1748
1365 :  286 331 1437
1366 :  1691 1784
1367 :  926 948
1368 :  537 574 659 813
1369 :  1151 1475
1370 :  184 693 1980
1371 :  262 701 724
1372 :  69 105 1376
1373 :  180 452 502
1374 :  21 39 42 56
1375 :  368 1132 1479
1376 :  1297 1372
1377 :  1676
1378 :  42 174 1003 1348
1379 :  269 867 1118
1380 :  1465 1492
1381 :  1443 1498 1580
1382 :  398 851 1100 1455
1383 :  769 993 1205 1693
1384 :  931 1277 1355
1385 :  100 1796
1386 :  20
1387 :  1486 1553 1616 1651
1388 :  716 898 1192
1389 :  947 1145 1267
1390 :  1530 2025 2047 2054
1391 :  119 189 1831
1392 :  629 711
1393 :  905 1126
1394 :  301 1257 1547
1395 :  70 307 311 1694
1396 :  509 1244
1397 :  619 882 1047 1260
1398 :  323 1725
1399 : 
1400 :  593 1239 1353
1401 :  1513 1953 1996
1402 :  20 936 1338
1403 :  425 1106 1439
1404 :  381 878 1190
1405 :  5 1685 1687
1406 :  131 192 549 643
1407 :  658 1000 1313
1408 :  15 571 800 1816
1409 :  230 472 1311 1596 1613
1410 :  132 533 807
1411 :  507 618 1113 1270 2048
1412 :  350 377 1494
1413 :  1540 1558 1710
1414 :  117 814 1045 1334
1415 :  1194 1266 1550 1868
1416 :  611 686 1136 1188 1240
1417 :  1010 1060 1122 1223
1418 :  1526 1676 2049
1419 :  1341 1624
1420 :  1007 1606 2044
1421 :  53
1422 :  1455 1568
1423 :  730 1247 1296 1623
1424 :  1086 1090 1564
1425 :  989 1609 1701
1426 :  36 1958
1427 :  1720 1721 1722
1428 :  1779 1848
1429 :  1345 1701
1430 :  16 35 99 229
1431 :  784 1164
1432 :  150 281 913 1156
1433 :  952 984 1302 1308 1696
1434 :  336 606 699 845 1341
1435 :  430 1305
1436 :  854 986 2026
1437 :  286 331 354 1365
1438 :  967 1736 1787
1439 :  1112 1403
1440 :  898 1509
1441 :  280 963 1501
1442 :  194 277 305
1443 :  1280 1381 1490
1444 :  1016 1334
1445 :  342 570 747 2042
1446 :  279 1133 1765
1447 :  14 1766 1781 1854
1448 :  20 1770 1793
1449 :  150 259 281
1450 :  241 404 408 1834
1451 :  61 583 834
1452 : 
1453 :  40 57
1454 :  636 967 1736 1944
1455 :  1100 1382 1422
1456 :  1210
1457 :  1549 1810
1458 :  1280 1498 1654
1459 :  484 678
1460 :  605 930 976
1461 :  168 191 334 346
1462 :  25 62 138 465
1463 :  984 1242 1624
1464 :  776 1092 1569
1465 :  212 330 1380 1492
1466 :  540 784 1078
1467 :  1334
1468 :  172 773 911
1469 :  245 741
1470 :  1239 2057
1471 :  1303 1521
1472 :  66 292 406
1473 :  100 1315 1475
1474 :  1978 1983 1999
1475 :  1369 1473
1476 :  281 1321
1477 :  557 617 749
1478 :  634 1014
1479 :  368 1313 1375
1480 :  1331
1481 :  313 2039
1482 :  1613 1668
1483 :  20 519 1652
1484 :  1150
1485 :  984 1631 1979
1486 :  1387 1651
1487 :  1651
1488 :  50 53 144
1489 :  38 72 441
1490 :  1443
1491 :  840 990
1492 :  1358 1380 1465
1493 :  2 1255 1713
1494 :  313 675 812 1412
1495 :  50 341 347
1496 :  1989
1497 :  30 137
1498 :  1381 1458
1499 :  1174 1259 1606
1500 :  989 1536 2061
1501 :  199 280 685 1441
1502 :  196 693 932 1930
1503 :  3 1511 1519
1504 :  211 379 403
1505 :  468 703
1506 :  72 702 809
1507 :  861 917
1508 :  417 431
1509 :  95 823 1440
1510 :  799 1069 1110 2058
1511 :  3 1503 1519 2007
1512 :  537 831
1513 :  1401 1905 1912
1514 :  1711 1853 1992
1515 :  294 316 825 1571 1603 1828
1516 :  1334
1517 :  510 1160 1296 1360
1518 :  1705
1519 :  1503 1511
1520 :  715 921 1030 1286 1656
1521 :  1303 1312 1471
1522 :  1638 1895 1899
1523 :  85 648 696
1524 :  1139 1217
1525 :  464 1743
1526 :  914 1418
1527 :  23 169 374 1008
1528 :  1277 1343
1529 :  1839 1876
1530 :  1067 1357 1390 2025
1531 :  414 1821
1532 :  1253 1536
1533 :  1605
1534 :  294 1603
1535 :  277 337 453
1536 :  1253 1500 1532 2061
1537 :  50 144 240 341
1538 :  1897
1539 :  600 1788
1540 :  1413 1584
1541 :  26 59 178 1585
1542 :  1628 1689 1690 1790 2017
1543 :  240 568 2040
1544 :  241 312 404
1545 :  1664 1753
1546 :  96 1791 1927 2006
1547 :  1218 1257 1339 1394
1548 :  703 1045
1549 :  1457 1616 1810
1550 :  21 1005 1194 1266 1415
1551 :  1859 1871 1987
1552 :  98 463
1553 :  1387 1769
1554 :  29 74
1555 :  1556 1811
1556 :  1555
1557 :  648 744 1037 1312
1558 :  1413 1704 1710 1812
1559 :  731 1154
1560 :  1588 1733 1856
1561 :  540 705 1153 1565
1562 :  6
1563 :  0 1038 1737 1881
1564 :  1086 1424
1565 :  1153 1561 1631
1566 :  140
1567 :  1297 1329 1769
1568 :  1162 1422
1569 :  1464
1570 :  332 945
1571 :  294 316 1515
1572 :  1772 1883
1573 :  149 1655 1857
1574 :  1808 1957
1575 :  170 631 742 1607
1576 :  280 520 625 963
1577 :  995 1141
1578 :  571 1687
1579 :  453
1580 :  1381 2061
1581 :  514 1629
1582 :  0 721
1583 :  1626 1715 1782
1584 :  1540 1627 1718 1853
1585 :  26 161 1541
1586 :  119 1725
1587 :  32 1873 2011
1588 :  484 1560 1666
1589 :  1835
1590 :  283 312 554
1591 :  202 517 683
1592 :  276 381 736 1087
1593 :  1693
1594 :  1053 1111 1753
1595 :  231 420 516
1596 :  230 1107 1149 1409
1597 :  114 810 974 1227
1598 :  2008
1599 :  1187 1286
1600 :  41 66 471
1601 :  1880 1940
1602 :  526 825 1828
1603 :  294 1515 1534
1604 :  278 489 546 946
1605 :  305 698 1533
1606 :  1420 1499 2044
1607 :  389 742 1575
1608 :  24 64 960 1610
1609 :  1425 1701
1610 :  9 960 1608
1611 :  249 790 1093
1612 :  486 1233 1633
1613 :  1311 1409 1482 1668
1614 :  49 2038
1615 :  946
1616 :  1387 1549
1617 :  1637 1712 1947
1618 :  1950
1619 :  31 123 1330
1620 :  1316 1351 1633
1621 :  29 47 785 1068
1622 :  1755 1823 1829
1623 :  730 1423 1706
1624 :  1419 1463
1625 :  1776
1626 :  1583 1640 1967
1627 :  1584 1718 1853
1628 :  1542 1689 1762
1629 :  156 213 514 1581
1630 :  1763 1846
1631 :  248 1485 1565 1696
1632 :  61 157 247 387
1633 :  1351 1612 1620
1634 :  1778 1914
1635 :  1713 1719
1636 :  1745 1765
1637 :  1617 1713 1947
1638 :  160 1522 1899 1936
1639 :  1804 1807
1640 :  1626 1893 1967
1641 :  73 214 2041
1642 :  1814
1643 :  84
1644 :  160 402 589
1645 :  1683 1768
1646 :  20 595 607 1767
1647 :  609
1648 :  24 1869
1649 :  9
1650 :  1813 1835 1956
1651 :  1387 1486 1487
1652 :  1483 1957
1653 :  5 1686 1882 2021
1654 :  1280 1458 1810
1655 :  1573 1700 1857
1656 :  558 921 1520
1657 :  55
1658 :  1042
1659 :  1660 1688
1660 :  1659 1688 1948
1661 :  1699
1662 :  1098 1179
1663 :  962 1726 1753
1664 :  224 1545
1665 :  553 869 920 1668 1827
1666 :  1588 1888 1964
1667 :  129 190 227
1668 :  920 978 1056 1482 1613 1665 1827
1669 :  1671 1903
1670 :  285 422
1671 :  1669 1903
1672 :  1966
1673 :  777 855 1841 1937
1674 :  836 1773 1838
1675 :  181 462 909
1676 :  691 1377 1418
1677 :  1775 1901
1678 :  824 1679
1679 :  207 1678
1680 :  106 123
1681 :  1682 1959
1682 :  1681
1683 :  1645
1684 :  1982
1685 :  1405 1815
1686 :  173 1653
1687 :  1405 1578 1878 1882
1688 :  1659 1660
1689 :  1542 1628
1690 :  1542 1790
1691 :  95 1366 1929
1692 :  549 688 700
1693 :  1323 1383 1593
1694 :  70 1395 2039
1695 :  361 507 620
1696 :  984 1433 1631
1697 :  704 737 1916
1698 :  42 174
1699 :  1661 1801
1700 :  1655 1843 1879
1701 :  989 1425 1429 1609 2063
1702 :  1703 1879
1703 :  13 521 1169 1702
1704 :  1558
1705 :  1518 2020
1706 :  84 510 1623
1707 :  8 1892 2024
1708 :  482 791
1709 :  84 1805 1952
1710 :  1413 1558
1711 :  1514 1992
1712 :  1617 1924
1713 :  1493 1635 1637
1714 :  113 296
1715 :  1583 1782 1789
1716 :  11 1850
1717 :  19
1718 :  684 1584 1627
1719 :  1635 1941
1720 :  1427 1722
1721 :  1427
1722 :  1427 1720 1724
1723 :  298 471
1724 :  1722 1906
1725 :  64 1398 1586
1726 :  962 1663
1727 :  808 1157 1737
1728 :  10
1729 :  101 109
1730 :  1859 1860 1976
1731 :  505 1320 1993
1732 :  10 1739 1746
1733 :  1560 1738
1734 :  1884 1926 2023
1735 :  8 1924
1736 :  967 1438 1454
1737 :  0 1563 1727 1881
1738 :  271 1733 1910
1739 :  10 1276 1732
1740 :  1931
1741 :  4 470 1833
1742 :  7 104 1349
1743 :  695 1525
1744 :  315
1745 :  1636 1785
1746 :  1732
1747 :  115
1748 :  90 567 1364
1749 :  99 168
1750 :  167 1780 1830
1751 :  99 161 229
1752 :  272 712
1753 :  1111 1545 1594 1663
1754 :  1868
1755 :  1 1622 1969
1756 :  1867
1757 :  1766 1781
1758 :  93 972
1759 :  748 1794 1883
1760 :  4 1905 1975
1761 :  1773
1762 :  1628
1763 :  1630 1844 1846 2018
1764 :  84 139 2022
1765 :  1446 1636 1881
1766 :  1447 1757 1781 1977
1767 :  8 1646
1768 :  1645 1815
1769 :  1553 1567
1770 :  607 1448 1793
1771 :  519 524
1772 :  1572 1794 1919
1773 :  1674 1761
1774 :  311 829 2039
1775 :  1677 1782
1776 :  1625 1798 1921
1777 :  1792 1802 1861
1778 :  1634 1872
1779 :  1428 1845 1848
1780 :  1750 1863
1781 :  1447 1757 1766
1782 :  1583 1715 1775 1937
1783 :  1902 1945 2013
1784 :  1366 1954
1785 :  1332 1745 1817 1943
1786 :  658 798 1000
1787 :  354 944 1438
1788 :  1539 1825
1789 :  1715 1967 2005
1790 :  1542 1690 1870 2016
1791 :  1546 1801 1927 1955
1792 :  1777 1932
1793 :  1268 1448 1770 1885
1794 :  748 1759 1772
1795 :  1807
1796 :  1385 1800 1851
1797 :  219 295 778 1091
1798 :  1776 1895 1936
1799 :  34 1915
1800 :  1796
1801 :  935 1699 1791 1955
1802 :  84 1777 1861
1803 :  1829
1804 :  1639
1805 :  511 1709 1952
1806 :  1946
1807 :  1639 1795
1808 :  524 1574
1809 :  511 1207 1952
1810 :  1457 1549 1654
1811 :  1555
1812 :  1558 1961
1813 :  1650 1918
1814 :  748 1642
1815 :  1685 1768 1816
1816 :  15 1408 1815
1817 :  22 1785
1818 :  8 595
1819 :  103 166 226
1820 :  208
1821 :  1531 1822 1981
1822 :  1821 1981
1823 :  1622 1969
1824 :  263 1918
1825 :  1788 1931
1826 :  365 604
1827 :  869 1311 1665 1668
1828 :  7 825 1515 1602
1829 :  1622 1803
1830 :  45 1750 2003
1831 :  1391
1832 :  130 133 399
1833 :  4 1741 1909
1834 :  408 1450
1835 :  1589 1650 1956 2013
1836 :  1837
1837 :  1836 1840
1838 :  887 1674 1866
1839 :  220 1529
1840 :  1837
1841 :  777 1673
1842 :  781 1276
1843 :  1700 1879
1844 :  45 1763
1845 :  1779 1848
1846 :  1630 1763 2014
1847 :  203 1997
1848 :  1428 1779 1845
1849 :  19 491 1853
1850 :  378 1716
1851 :  1796
1852 :  252 713 936
1853 :  1514 1584 1627 1849 1992
1854 :  1447
1855 :  2 1991
1856 :  271 1560
1857 :  1573 1655
1858 : 
1859 :  1551 1730 1987
1860 :  1730 1976 2009
1861 :  1777 1802
1862 :  2002
1863 :  1780 2003
1864 :  293 1876 1965
1865 :  1287 1928
1866 :  1838 1917
1867 :  600 1756
1868 :  1001 1415 1754
1869 :  24 960 1648
1870 :  1790 1917 2017
1871 :  1551
1872 :  1 1778 1969
1873 :  1587 1968 2011
1874 :  101 286 505
1875 :  173 1940
1876 :  1529 1864 1965
1877 :  146 1012
1878 :  243 1687
1879 :  521 1700 1702 1843
1880 :  1601 1940 1995
1881 :  1563 1737 1765
1882 :  1653 1687
1883 :  55 1572 1759 1920 1990
1884 :  1734 1926
1885 :  1268 1793
1886 :  124 151
1887 :  15
1888 :  1666
1889 :  8
1890 :  84 2022
1891 :  100 791
1892 :  360 1707 2024
1893 :  1640
1894 :  219 1091
1895 :  1522 1798 1936
1896 :  1919
1897 :  1538
1898 :  219
1899 :  1522 1638 1934
1900 :  22 1962
1901 :  1677 1944
1902 :  1783 1945 2013
1903 :  1669 1671 1906
1904 :  548 2010
1905 :  4 1513 1760 1951
1906 :  720 1724 1903
1907 :  36 646
1908 :  4 1909 1951
1909 :  4 1042 1833 1908
1910 :  34 1738 1915
1911 :  646 1958 2012
1912 :  1513
1913 :  1914
1914 :  1634 1913
1915 :  34 1799 1910
1916 :  737 1697 1949 1994
1917 :  163 1866 1870 1984
1918 :  1813 1824
1919 :  1772 1896
1920 :  1883 1990
1921 :  1039 1776
1922 :  737 915
1923 :  1982 2001
1924 :  360 1712 1735 1978
1925 :  617
1926 :  1734 1884 1958
1927 :  1546 1791 2004 2006
1928 :  1865 1970
1929 :  1691
1930 :  219 932 1502
1931 :  1740 1825
1932 :  992 1792
1933 :  109 2000
1934 :  1899
1935 :  219 940 1975
1936 :  1638 1798 1895 1988
1937 :  855 1673 1782
1938 :  940 1975
1939 :  11 1974
1940 :  1601 1875 1880
1941 :  1719
1942 :  548
1943 :  1332 1785
1944 :  1454 1901
1945 :  1783 1902
1946 :  1806
1947 :  1617 1637 1971
1948 :  898 1660
1949 :  704 1916 1970
1950 :  1618
1951 :  4 1905 1908
1952 :  511 1709 1805 1809
1953 :  1401 1996
1954 :  1784
1955 :  96 935 1791 1801
1956 :  1650 1835 2013
1957 :  1574 1652
1958 :  1426 1911 1926
1959 :  1681 2021
1960 :  159
1961 :  1812
1962 :  22 1900
1963 :  140 279
1964 :  1666
1965 :  1864 1876
1966 :  115 1194 1672
1967 :  1626 1640 1789
1968 :  32 900 1873 2011
1969 :  1755 1823 1872
1970 :  1928 1949
1971 :  1947 1991
1972 :  263
1973 :  279 1133
1974 :  1939
1975 :  940 1760 1935 1938
1976 :  1730 1860 1987
1977 :  1766
1978 :  1474 1924
1979 :  1363 1485
1980 :  4 1370
1981 :  1821 1822
1982 :  1684 1923
1983 :  482 1474
1984 :  1917 2016
1985 :  1995
1986 :  95
1987 :  1551 1859 1976
1988 :  15 589 1936
1989 :  684 1496
1990 :  1883 1920
1991 :  1855 1971
1992 :  1514 1711 1853
1993 :  505 1275 1731
1994 :  1916
1995 :  1064 1880 1985
1996 :  720 1401 1953
1997 :  11 1847
1998 :  2007
1999 :  1474
2000 :  109 949 1933
2001 :  3 1923
2002 :  1862
2003 :  1830 1863
2004 :  1927 2006
2005 :  1789
2006 :  1546 1927 2004
2007 :  1511 1998
2008 :  1148 1598
2009 :  1860
2010 :  1904
2011 :  32 1587 1873 1968
2012 :  1911
2013 :  1783 1835 1902 1956
2014 :  1846
2015 :  45
2016 :  1790 1984
2017 :  163 1542 1870
2018 :  45 644 1763
2019 :  14
2020 :  13 1705
2021 :  5 1653 1959
2022 :  289 1764 1890
2023 :  1734
2024 :  607 1707 1892
2025 :  1357 1390 1530 2047
2026 :  794 1436
2027 :  1225 1362
2028 :  261 922 1144 1327
2029 :  561 650 1115
2030 :  303 591
2031 :  1022 1102 1350
2032 :  655 2058
2033 :  192 232 266 268 352
2034 :  356 643 690
2035 :  1006
2036 :  841 1261
2037 :  732 961 1080 1208
2038 :  1614
2039 :  313 1481 1694 1774
2040 :  341 1543
2041 :  222 1641
2042 :  460 1342 1445
2043 :  821
2044 :  984 1174 1242 1420 1606
2045 :  454 642
2046 :  731 1272
2047 :  1390 2025
2048 :  1109 1221 1411
2049 :  376 1418
2050 :  1052 1056
2051 :  681 682 715 921 954
2052 :  1061 1274 1286
2053 :  138 451 670 774 782 1018
2054 :  1244 1390
2055 :  861 1258
2056 :  1259 1265
2057 :  1284 1353 1470
2058 :  799 1510 2032
2059 :  641 758 1279
2060 :  503 687
2061 :  1500 1536 1580
2062 :  905 1202
2063 :  1701
