166 662 26 3 199 255 0
124 700 23 2 181 232 1
152 368 23 10 50 232 2
120 516 26 6 125 254 3
286 360 25 108 109 253 4
268 426 27 108 135 255 5
402 400 27 223 185 120 6
106 406 24 3 80 203 7
88 660 25 2 162 204 8
322 740 19 1 205 206 9
164 722 18 1 182 204 10
96 572 25 0 130 233 11
360 368 25 215 157 205 12
444 308 23 164 115 59 13
64 524 23 1 96 205 14
64 614 24 0 138 205 15
172 492 26 69 139 255 16
400 336 23 200 115 167 17
128 618 26 2 154 232 18
142 446 25 7 92 232 19
188 410 27 26 70 255 20
448 358 24 187 140 42 21
260 692 17 0 208 224 22
328 332 23 146 100 236 23
364 304 21 139 49 192 24
406 292 18 170 86 134 25
146 408 13 10 50 232 26
128 662 11 0 160 221 27
234 380 27 27 25 255 28
198 340 23 3 41 205 29
318 402 27 185 168 242 30
294 302 22 68 8 200 31
426 714 11 0 183 152 32
52 568 15 2 117 204 33
118 476 10 17 94 234 34
382 270 15 104 27 149 35
218 746 15 0 183 204 36
448 270 16 124 75 67 37
404 126 7 191 191 191 38
76 426 11 1 81 196 39
490 168 9 169 169 169 40
428 146 11 199 199 199 41
180 450 13 28 74 252 42
330 274 21 111 15 163 43
424 124 7 180 180 180 44
220 456 24 106 165 255 45
322 364 9 179 141 239 46
370 132 8 198 198 198 47
402 108 8 201 201 201 48
268 390 8 66 74 251 49
418 262 14 112 62 96 50
464 132 10 178 178 178 51
250 324 25 6 6 206 52
386 148 8 188 188 188 53
270 612 14 43 231 255 54
492 124 8 162 162 162 55
190 740 13 0 186 197 56
280 30 8 199 199 199 57
284 86 10 188 188 188 58
228 418 11 75 101 255 59
420 106 9 196 196 196 60
472 158 9 179 179 179 61
530 162 8 138 138 138 62
92 628 7 16 135 214 63
360 404 10 212 198 192 64
214 496 11 105 177 255 65
396 244 12 107 39 110 66
430 92 6 136 136 136 67
154 526 9 78 162 244 68
508 134 9 150 150 150 69
400 92 7 205 205 205 70
412 632 13 9 226 195 71
386 112 6 208 208 208 72
406 146 9 203 203 203 73
384 96 9 196 196 196 74
512 166 9 152 152 152 75
364 334 8 197 129 216 76
162 626 8 1 169 247 77
272 100 7 171 171 171 78
176 698 8 0 163 225 79
476 116 9 174 174 174 80
264 82 9 188 188 188 81
280 68 8 199 199 199 82
500 150 8 162 162 162 83
94 538 8 20 118 220 84
522 106 8 174 174 174 85
336 60 8 198 198 198 86
524 250 6 156 156 156 87
362 88 7 194 194 194 88
526 234 8 176 176 176 89
378 228 11 87 38 120 90
284 392 7 139 140 254 91
412 366 8 219 172 104 92
154 696 7 8 148 195 93
354 130 7 166 166 166 94
110 442 7 7 79 203 95
384 604 12 53 209 155 96
334 76 8 205 205 205 97
314 40 7 143 143 143 98
386 130 8 197 197 197 99
264 54 8 207 207 207 100
272 116 7 161 161 161 101
320 58 8 193 193 193 102
298 60 10 194 194 194 103
358 248 16 96 25 135 104
366 148 7 186 186 186 105
396 162 5 155 155 155 106
394 366 7 221 155 150 107
538 174 6 128 128 128 108
60 644 6 24 137 204 109
438 108 9 174 174 174 110
446 562 10 11 182 83 111
502 210 6 126 126 126 112
456 110 9 183 183 183 113
474 98 8 161 161 161 114
280 48 9 199 199 199 115
298 722 11 22 195 211 116
318 74 7 206 206 206 117
486 210 6 150 150 150 118
546 160 6 119 119 119 119
482 190 6 120 120 120 120
328 646 11 61 255 255 121
52 492 11 9 79 192 122
420 208 9 74 28 75 123
544 128 7 133 133 133 124
266 36 7 188 188 188 125
326 576 11 101 254 255 126
302 78 8 194 194 194 127
522 182 9 136 136 136 128
394 40 8 71 71 71 129
376 82 6 200 200 200 130
512 78 7 196 196 196 131
444 128 10 182 182 182 132
490 104 9 159 159 159 133
370 116 7 207 207 207 134
352 64 8 198 198 198 135
138 482 9 18 101 252 136
370 102 6 211 211 211 137
532 196 7 133 133 133 138
524 218 8 176 176 176 139
350 746 10 9 205 209 140
298 40 8 169 169 169 141
510 94 8 182 182 182 142
366 72 8 201 201 201 143
192 374 9 0 13 205 144
414 92 6 178 178 178 145
344 120 4 141 141 141 146
434 48 5 159 159 159 147
318 506 9 122 235 225 148
254 68 8 176 176 176 149
516 200 9 171 171 171 150
336 716 8 8 194 205 151
502 184 10 158 158 158 152
538 98 9 167 167 167 153
470 84 6 180 180 180 154
212 698 27 2 205 232 155
538 210 6 136 136 136 156
548 108 5 167 167 167 157
382 68 7 156 156 156 158
384 14 7 37 37 37 159
520 148 9 144 144 144 160
360 52 6 120 120 120 161
546 68 7 167 167 167 162
382 30 7 48 48 48 163
248 80 4 160 160 160 164
400 22 8 78 78 78 165
350 80 7 207 207 207 166
486 72 5 58 58 58 167
510 220 6 124 124 124 168
330 44 9 132 132 132 169
392 80 7 174 174 174 170
412 64 7 108 108 108 171
338 30 7 95 95 95 172
296 504 12 140 192 255 173
94 694 6 11 139 214 174
410 226 10 92 43 87 175
538 148 8 125 125 125 176
372 58 7 137 137 137 177
406 80 6 134 134 134 178
406 200 7 65 28 68 179
534 76 7 174 174 174 180
500 30 4 111 111 111 181
394 214 9 65 36 86 182
496 88 7 187 187 187 183
368 22 7 66 66 66 184
274 14 8 183 183 183 185
288 104 7 62 62 62 186
438 74 6 79 79 79 187
558 76 7 166 166 166 188
510 26 4 156 156 156 189
558 42 5 101 101 101 190
494 198 6 122 122 122 191
508 36 5 154 154 154 192
298 752 7 8 195 210 193
436 28 5 215 215 215 194
362 160 5 153 153 153 195
260 22 7 160 160 160 196
524 88 7 175 175 175 197
118 374 10 0 49 192 198
544 188 7 99 99 99 199
510 62 7 174 174 174 200
350 92 4 175 175 175 201
320 12 9 118 118 118 202
338 144 7 154 154 154 203
536 116 7 168 168 168 204
446 86 6 96 96 96 205
200 26 5 52 52 52 206
390 194 5 152 155 153 207
416 20 7 107 107 107 208
530 134 8 132 132 132 209
468 68 6 180 180 180 210
496 58 6 98 98 98 211
336 14 7 132 132 132 212
478 202 4 140 140 140 213
324 28 7 127 127 127 214
510 16 5 145 145 145 215
440 204 8 45 22 37 216
380 46 7 67 67 67 217
510 48 5 167 167 167 218
428 238 10 88 47 74 219
410 36 8 74 74 74 220
462 10 4 218 218 218 221
482 86 6 179 179 179 222
550 140 6 104 104 104 223
444 64 4 129 129 129 224
446 48 5 181 181 181 225
458 30 4 147 147 147 226
460 94 6 125 125 125 227
406 52 6 91 91 91 228
346 46 6 126 126 126 229
356 104 6 205 205 205 230
532 42 5 109 109 109 231
252 46 6 158 158 158 232
472 184 5 110 110 110 233
392 56 8 92 92 92 234
82 468 26 3 111 229 235
296 26 6 142 142 142 236
308 468 27 177 201 253 237
522 68 6 196 196 196 238
522 52 7 196 196 196 239
372 162 4 167 167 167 240
218 314 8 2 13 217 241
352 158 5 149 149 149 242
498 74 7 138 138 138 243
260 8 6 102 102 102 244
368 38 7 70 70 70 245
390 172 6 156 156 156 246
460 54 5 221 221 221 247
546 20 9 52 52 52 248
340 90 6 163 163 163 249
428 62 9 88 88 88 250
258 98 7 166 166 166 251
332 168 9 144 144 144 252
416 190 7 83 61 84 253
554 120 5 139 139 139 254
356 116 5 185 185 185 255
518 40 5 114 114 114 256
330 186 9 72 72 72 257
454 20 6 126 126 126 258
310 26 7 125 125 125 259
544 36 6 55 55 55 260
342 156 5 162 162 162 261
488 14 6 85 85 85 262
400 68 5 122 122 122 263
462 44 5 219 219 219 264
534 58 6 166 166 166 265
326 116 8 224 224 224 266
472 42 4 234 234 234 267
514 230 4 172 172 172 268
534 30 5 77 77 77 269
488 50 5 46 46 46 270
454 62 4 199 199 199 271
238 28 4 61 61 61 272
470 50 4 213 213 213 273
224 52 6 42 42 42 274
204 38 6 44 44 44 275
324 150 6 150 150 150 276
352 34 7 94 94 94 277
318 138 4 126 126 126 278
440 40 4 173 173 173 279
416 160 5 174 174 174 280
342 132 5 113 113 113 281
400 186 7 130 133 131 282
380 178 5 146 146 146 283
440 56 4 148 148 148 284
230 40 5 38 38 38 285
298 120 4 118 118 118 286
470 60 4 196 196 196 287
424 30 5 156 156 156 288
306 136 6 40 40 40 289
500 18 5 119 119 119 290
482 24 5 174 174 174 291
296 96 4 58 58 58 292
562 28 8 45 45 45 293
548 4 7 70 70 70 294
552 172 5 86 86 86 295
444 188 6 48 27 43 296
494 218 5 137 137 137 297
306 92 4 63 63 63 298
472 194 4 133 133 133 299
554 56 7 131 131 131 300
520 26 6 100 100 100 301
244 58 5 116 116 116 302
520 14 5 94 94 94 303
556 152 6 86 86 86 304
462 178 4 123 123 123 305
482 222 6 64 64 64 306
226 66 7 58 58 58 307
420 78 8 120 120 120 308
526 34 4 100 100 100 309
358 272 7 107 25 144 310
544 48 5 111 111 111 311
234 58 4 40 40 40 312
472 210 6 106 106 106 313
540 236 6 145 145 145 314
256 502 24 142 210 255 315
240 40 5 86 86 86 316
498 8 5 135 135 135 317
452 224 7 74 28 41 318
240 70 6 92 92 92 319
466 224 6 139 139 139 320
434 182 5 59 42 58 321
456 196 6 49 23 41 322
420 48 7 73 73 73 323
354 508 27 162 228 179 324
498 38 4 104 104 104 325
222 4 7 79 79 79 326
428 18 4 129 129 129 327
454 208 6 50 20 39 328
450 242 11 77 51 44 329
478 36 4 192 192 192 330
472 30 4 185 185 185 331
560 130 6 105 105 105 332
372 186 6 163 163 163 333
352 18 8 84 84 84 334
244 586 21 88 219 255 335
428 40 4 152 152 152 336
562 142 4 69 69 69 337
336 102 4 146 146 146 338
230 32 4 38 38 38 339
458 82 5 97 97 97 340
332 128 5 40 40 40 341
406 160 4 160 160 160 342
536 246 4 125 125 125 343
428 192 5 54 22 53 344
344 100 4 124 124 124 345
436 162 6 144 144 144 346
288 12 6 126 126 126 347
352 148 4 175 175 175 348
514 242 4 141 141 141 349
452 74 5 104 104 104 350
314 88 4 91 91 91 351
326 140 4 146 146 146 352
482 58 4 46 46 46 353
560 164 6 71 71 71 354
248 18 5 93 93 93 355
312 116 6 57 57 57 356
302 546 27 130 253 255 357
306 608 19 42 254 254 358
554 98 5 174 174 174 359
560 106 4 157 157 157 360
414 132 5 191 191 191 361
480 616 27 0 149 56 362
478 8 5 164 164 164 363
198 16 5 68 68 68 364
444 32 4 194 194 194 365
262 732 19 1 205 206 366
424 172 9 88 88 88 367
306 8 5 103 103 103 368
316 128 6 80 80 80 369
564 64 5 161 161 161 370
322 94 5 137 137 137 371
208 6 5 72 72 72 372
566 88 6 203 203 203 373
484 552 26 1 166 68 374
246 4 7 77 77 77 375
560 14 6 38 38 38 376
450 98 4 122 122 122 377
498 48 4 92 92 92 378
412 470 24 176 217 108 379
438 2 6 154 154 154 380
436 84 4 103 103 103 381
358 178 6 146 146 146 382
400 6 7 58 58 58 383
448 162 4 138 138 138 384
466 18 5 167 167 167 385
492 32 4 56 56 56 386
252 644 22 41 232 255 387
368 6 8 76 76 76 388
264 108 4 186 186 186 389
540 222 7 154 154 154 390
338 112 5 169 169 169 391
424 592 27 2 200 142 392
510 114 4 164 164 164 393
476 482 24 94 165 1 394
322 84 4 139 139 139 395
198 4 5 70 70 70 396
504 108 4 163 163 163 397
538 8 4 70 70 70 398
396 732 9 1 181 152 399
302 106 7 120 120 120 400
482 142 10 164 164 164 401
234 8 5 101 101 101 402
456 2 4 222 222 222 403
294 128 4 118 118 118 404
366 568 29 81 237 212 405
416 534 25 74 209 123 406
370 208 9 87 67 101 407
564 98 4 178 178 178 408
498 242 12 141 141 141 409
446 154 4 199 199 199 410
312 152 6 87 87 87 411
294 4 4 126 126 126 412
360 194 8 86 81 88 413
394 118 4 219 219 219 414
414 4 7 113 113 113 415
450 8 4 174 174 174 416
364 732 8 0 182 152 417
268 70 4 193 193 193 418
272 280 9 68 8 200 419
316 700 13 0 230 231 420
380 158 4 164 164 164 421
194 36 5 42 42 42 422
568 116 8 104 104 104 423
446 172 6 138 138 138 424
434 12 4 141 141 141 425
520 2 6 109 109 109 426
530 12 4 71 71 71 427
270 570 8 86 219 253 428
412 732 8 1 181 152 429
570 74 5 176 176 176 430
542 84 4 172 172 172 431
460 424 26 198 162 2 432
378 740 8 1 181 152 433
230 486 7 60 84 114 434
476 234 7 64 64 64 435
348 206 5 46 43 47 436
430 664 23 0 181 126 437
374 648 24 1 229 192 438
240 84 4 83 83 83 439
568 50 7 116 116 116 440
570 136 5 87 87 87 441
62 440 8 2 64 142 442
254 292 7 6 6 206 443
290 694 13 0 230 231 444
348 196 4 46 43 47 445
332 2 5 121 121 121 446
404 708 11 1 181 152 447
514 258 6 78 78 78 448
388 2 6 47 47 47 449
294 668 13 0 233 226 450
202 60 8 40 40 40 451
382 200 4 90 83 96 452
452 532 11 25 147 64 453
570 16 4 38 38 38 454
462 670 10 0 181 126 455
444 696 12 2 178 124 456
382 534 8 115 228 195 457
440 502 15 15 80 25 458
445 459 10 160 205 84 459
441 393 10 137 108 56 460
327 673 14 0 230 231 461
282 586 11 76 152 148 462
181 531 12 73 133 198 463
203 513 9 38 65 85 464
234 617 10 64 225 255 465
235 729 8 0 194 205 466
461 583 11 2 170 64 467
469 516 10 59 156 32 468
458 391 7 160 132 22 469
364 615 10 0 233 194 470
381 714 12 3 183 154 471
357 717 8 3 183 154 472
345 661 7 73 217 199 473
272 669 8 13 224 235 474
452 147 5 190 190 190 475
456 158 4 73 73 73 476
462 147 4 40 40 40 477
459 168 6 151 151 151 478
474 173 6 116 116 116 479
520 123 6 150 150 150 480
443 20 4 73 73 73 481
317 104 6 133 133 133 482
346 176 6 232 232 232 483
370 176 4 154 154 154 484
304 582 7 0 59 63 485
95 434 6 3 80 203 486
88 502 8 6 82 178 487
96 605 7 8 137 230 488
288 739 7 2 207 212 489
417 693 8 23 183 137 490
167 338 8 15 0 200 491
295 641 13 21 243 240 492
342 624 14 30 244 224 493
386 685 14 0 178 147 494
353 695 17 18 180 154 495
224 519 11 93 154 198 496
262 467 12 136 187 249 497
443 630 11 6 174 128 498
461 650 10 1 180 125 499
358 443 25 220 229 202 500
378 474 10 173 229 152 501
394 437 10 212 211 130 502
395 503 12 120 211 156 503
339 542 8 135 228 227 504
69 555 6 19 97 217 505
337 599 11 51 245 230 506
401 670 6 0 105 89 507
434 221 8 68 26 57 508
330 302 7 128 57 199 509
423 433 11 208 191 71 510
252 32 6 124 124 124 511
452 39 5 113 113 113 512
286 119 7 50 50 50 513
194 609 27 45 188 255 514
211 652 18 0 199 255 515
157 569 26 52 167 254 516
125 552 10 37 153 248 517
210 555 25 99 186 252 518
255 545 19 114 217 253 519
219 22 10 29 29 29 520
218 40 6 61 61 61 521
211 51 4 27 27 27 522
215 63 4 31 31 31 523
Neighbours
0 :  27 77 515
1 :  93 174
2 :  198 491
3 :  68 84 487 517
4 :  30 46 49 52 91
5 :  30 49 59 497
6 :  12 92 107 460 502 510
7 :  39 198 486
8 :  63 109
9 :  116 140 151 193
10 :  56 79 93
11 :  84 488 505 517
12 :  6 23 30 64 76 107
13 :  25 37
14 :  84 122 487 505
15 :  63 109 488
16 :  136 463 464
17 :  92 107
18 :  77 488
19 :  26 42 95 136
20 :  26 28 42 59 144
21 :  460
22 :  444 474
23 :  4 12 24 31 46 509
24 :  23 35 76
25 :  13 35 50
26 :  19 20
27 :  0
28 :  20 49 59
29 :  144 241 491
30 :  4 5 12 46 91
31 :  23 43 52 419
32 :  447 456
33 :  505
34 :  136 235
35 :  24 25 66 104 310
36 :  56 466
37 :  13 50 329
38 :  361 414
39 :  7 442
40 :  152 479
41 :  73 280 346
42 :  19 20
43 :  31 104 310 509
44 :  60 361
45 :  434
46 :  4 23 30
47 :  94 99 105 134
48 :  60 70 414
49 :  5 28 91
50 :  25 37 66 219
51 :  80 132 401 477
52 :  4 31 241 443
53 :  99 421
54 :  335 387
55 :  69 80 401
56 :  10 36
57 :  115 125 185 236
58 :  78 81 82 127 186 292
59 :  5 28
60 :  44 48 67 110 145
61 :  40 401 477 478 479
62 :  75 108 160 176
63 :  8 15
64 :  12
65 :  434 464
66 :  35 50 90 175
67 :  60 381
68 :  3
69 :  55 83 160 480
70 :  48 74 145 170 178
71 :  392 437
72 :  74 414
73 :  41 342 361
74 :  70 72 130 137 170
75 :  62 128 152
76 :  12 24
77 :  0 18 514
78 :  58 186 251 389
79 :  10 155
80 :  51 55 113 133
81 :  58 149 251 418
82 :  58 103 418
83 :  69 401
84 :  3 11 14
85 :  142 153 204 393
86 :  97 102 135 169
87 :  89 343 349 448
88 :  143 166 201
89 :  87 139 268 314 349
90 :  66 104 182 407
91 :  4 49
92 :  6 17
93 :  1 10
94 :  47 255 281
95 :  19
96 :  392 405 470
97 :  86 117 166 249 395
98 :  141 169 259
99 :  47 53 414
100 :  115 149 232
101 :  389 513
102 :  86 117 169
103 :  82 115 127 141
104 :  35 90 310
105 :  47 195
106 :  246 342
107 :  6 17
108 :  62 128 199
109 :  8 15
110 :  60 67 113 132 377
111 :  392
112 :  150 168 191 297
113 :  80 110 132 227 377
114 :  80 133 154 222 227
115 :  57 100 103 141
116 :  9 489
117 :  97 102 127 395
118 :  191 213 297 306
119 :  176 295 304
120 :  191 233 299
121 :  461 493
122 :  14 235
123 :  175 179 508
124 :  204 209 223 254
125 :  57 196
126 :  357 405
127 :  58 103 117 298
128 :  75 108 138 150 152
129 :  163 217 220 234
130 :  74 88 143 158
131 :  142 238 243
132 :  51 110
133 :  80 114 183 397
134 :  47 137 255
135 :  86 143 161 166
136 :  16 19 34
137 :  74 134 230
138 :  128 150 156 199
139 :  89 150 168 390
140 :  9 417
141 :  98 103 115 236
142 :  85 131 183 197
143 :  88 130 135 177
144 :  20 29
145 :  60 70 308
146 :  391
147 :  225 279 284 336
148 :  173 324
149 :  81 100 164 302 319 418
150 :  112 128 138 139 152
151 :  9 495
152 :  40 128 191
153 :  85 157 197 204 359 431
154 :  114 222 340
155 :  79 515
156 :  138 139 390
157 :  153 204 359
158 :  170 177 234
159 :  163 165 388 449
160 :  62 69 75 176 209
161 :  135 177
162 :  180 188 265 300
163 :  129 159 184 245
164 :  149 439
165 :  159 208 220 383
166 :  88 97 135 201
167 :  243
168 :  112 139 268
169 :  86 98 102 172 214 229
170 :  70 158 178 263
171 :  228 250 263 308
172 :  169 212 214 277
173 :  148 237
174 :  1
175 :  66 123 182 219
176 :  62 119 209 223
177 :  143 158 161 217
178 :  70 145 263 308
179 :  123 182 253 282
180 :  162 197 238 431
181 :  189 192 325 386
182 :  90 175 179
183 :  133 142 222 243
184 :  163 245 334 388
185 :  57 196 244 347
186 :  58 78 292 400 513
187 :  224 250 381
188 :  162 370 373 430
189 :  192 215 301
190 :  293 300 440
191 :  112 118 120 152
192 :  181 189 218 256
193 :  9 489
194 :  288 365 481
195 :  105 240 242
196 :  125 185 244 355 511
197 :  131 142 153 180
198 :  2 7
199 :  108 138
200 :  131 211 218 238 239
201 :  166 249 345
202 :  212 214 259 368 446
203 :  261 281 352
204 :  124 153
205 :  340 377 381
206 :  275 364
207 :  282 452
208 :  165 220 288 327 415
209 :  124 160 176 480
210 :  287
211 :  200 270 378
212 :  172 202 334 446
213 :  118 299 313
214 :  98 172 202 259
215 :  189 290 303
216 :  296 328 508
217 :  129 177 245
218 :  192 200 239 256
219 :  50 175 329 508
220 :  129 165 288 323
221 :  258 385 403
222 :  114 154 183
223 :  124 176 304 332
224 :  187 271 284
225 :  147 279 284 512
226 :  258 512
227 :  114 340 377
228 :  171 234 323
229 :  169 277
230 :  137 255 345
231 :  239 309
232 :  100 316 511
233 :  120 299 305 479
234 :  129 158 217 228 263
235 :  34 122 442 487
236 :  57 141 259
237 :  173
238 :  131 180 200
239 :  200 218 231 256 265
240 :  195 421
241 :  29 52
242 :  195 261 348
243 :  131 167 183 200
244 :  185 196 375
245 :  163 184 217 277
246 :  106 283
247 :  264 271 287
248 :  260 269 293 294 376 398
249 :  97 166 201 345
250 :  147 171 187 284 308 323
251 :  78 81 389
252 :  257 261 483
253 :  179 282 344
254 :  124 332 423
255 :  94 134 230
256 :  192 218 239 309
257 :  252
258 :  226 385 416 481
259 :  98 214 236
260 :  231 248 269 311
261 :  203 242 252
262 :  291 317 363
263 :  170 171 178 234
264 :  247 273 512
265 :  162 239
266 :  341 356 369 391 482
267 :  264 273 330
268 :  89 168
269 :  231 248 260 309
270 :  211 353
271 :  224 247
272 :  339
273 :  264 267 287
274 :  307 312 521
275 :  206 422 521
276 :  203 352 411
277 :  172 229 245 334
278 :  352 369
279 :  147 225 365
280 :  41 342 367
281 :  94 203 341
282 :  179 207
283 :  246 333
284 :  147 224 225 250
285 :  274 316 339 521
286 :  404 513
287 :  210 247 273
288 :  194 208 220 336
289 :  369
290 :  215 317
291 :  262 331
292 :  58 186 298
293 :  190 376 454
294 :  248 398
295 :  119 354
296 :  216 321 322
297 :  112 118
298 :  127 292 351
299 :  120 213 233
300 :  162 311 370 440
301 :  189 303 309
302 :  149 312
303 :  215 301 426 427
304 :  119 223 337 354
305 :  233 478
306 :  118 435
307 :  274 312 319 523
308 :  145 178 250
309 :  231 256 269 301
310 :  35 43 104
311 :  260 300
312 :  274 302 307
313 :  118 213
314 :  89 343 390
315 :  434 496 497 519
316 :  232 285
317 :  262 290
318 :  320 329
319 :  149 307
320 :  318 435
321 :  296 344 367
322 :  296 328
323 :  147 220 228 250 336
324 :  148 503 504
325 :  181 192 378 386
326 :  372 402 520
327 :  208 425
328 :  216 322
329 :  37 219 318
330 :  267 331
331 :  291 330
332 :  223 254 423 441
333 :  283 413 484
334 :  184 212 277
335 :  54 428 465 518
336 :  147 288 323
337 :  223 304 441
338 :  345 391
339 :  272 285 520
340 :  154 205 227 350
341 :  266 281
342 :  73 106 280
343 :  87 314
344 :  253 321
345 :  230 249 338
346 :  41 367 384
347 :  185 412
348 :  242
349 :  87 89 409
350 :  205 340
351 :  298 371 395
352 :  203 276 278
353 :  270
354 :  295 304
355 :  196 375
356 :  266 369 400 482
357 :  126 485 504 519
358 :  462 485 492 506
359 :  157 360 408
360 :  359 408 423
361 :  38 44 73
362 :  467 498 499
363 :  262
364 :  206 396
365 :  194 279 512
366 :  466 489
367 :  280 321 346
368 :  202
369 :  278 289 356
370 :  188 300 440
371 :  351 395 482
372 :  326 396
373 :  188 408
374 :  453 467
375 :  244 355 402
376 :  248 293 454
377 :  113 205 227
378 :  211 325
379 :  459 501 503
380 :  425
381 :  67 187 205
382 :  413 483 484
383 :  165 415 449
384 :  346 410 424 476
385 :  221 258
386 :  181 325
387 :  54 465 474 515
388 :  159 184
389 :  78 101
390 :  139 156 314
391 :  146 266 338
392 :  71 96 111 467
393 :  85 397
394 :  458 468
395 :  117 351 371
396 :  364 372
397 :  133 393
398 :  294 427
399 :  429 433 471
400 :  186 292 356
401 :  51 55 61 83
402 :  326 375
403 :  221 416
404 :  286 513
405 :  96 126 457 504 506
406 :  453 457 458 503
407 :  90 413 452
408 :  359 360 373
409 :  349
410 :  346 384 475
411 :  276
412 :  347
413 :  333 382 407 445
414 :  38 48 72 99
415 :  208 383
416 :  258 403
417 :  140 433 472
418 :  81 82
419 :  31
420 :  444 461
421 :  53 240
422 :  206 275
423 :  254 360
424 :  346 384 478
425 :  327 380
426 :  303
427 :  303 398
428 :  335 462 519
429 :  399
430 :  188 370
431 :  153 180
432 :  459 460 469 510
433 :  399 417
434 :  45 65 315
435 :  306 320
436 :  445
437 :  71 455 456 490 498 499 507
438 :  470 473 493 494
439 :  164
440 :  190 300
441 :  332 337
442 :  39 235
443 :  52
444 :  22 420 450
445 :  413 436
446 :  212
447 :  32 471 490
448 :  87
449 :  159 383
450 :  444 474 492
451 :  522 523
452 :  207 407
453 :  374 406 468
454 :  376
455 :  437 499
456 :  32 437
457 :  405 406
458 :  394 406
459 :  379 432
460 :  6 21 469
461 :  121 420 473
462 :  358 428
463 :  16 518
464 :  16 65 496
465 :  335 387
466 :  36 366
467 :  362 374 392
468 :  394 453
469 :  432 460
470 :  96 438 493
471 :  399 447
472 :  417 495
473 :  438 461
474 :  22 387 450
475 :  410 476 477
476 :  384 475 478
477 :  51 61 475
478 :  61 305 424 476
479 :  40 61 233
480 :  69 209
481 :  194 258
482 :  266 356 371 400
483 :  252 382
484 :  333 382
485 :  357 358
486 :  7
487 :  3 14 235
488 :  11 15 18
489 :  116 193 366
490 :  437 447
491 :  2 29
492 :  358 450
493 :  121 470 506
494 :  438 507
495 :  151 472
496 :  315 464 518
497 :  5 315
498 :  362 437
499 :  362 455
500 :  501 502
501 :  379 500
502 :  6 500
503 :  324 379 406
504 :  324 357 405
505 :  11 14 33
506 :  358 405 493
507 :  437 494
508 :  123 216 219
509 :  23 43
510 :  6 432
511 :  125 196 232
512 :  225 226 264 365
513 :  101 186 286 404
514 :  77 515 516
515 :  0 155 387 514
516 :  514 517
517 :  3 11 516
518 :  335 463 496 519
519 :  315 357 428 518
520 :  326 339 521
521 :  274 275 285 520
522 :  451
523 :  307 451
