166 662 24 3 199 255 0
124 700 21 2 181 232 1
152 368 23 10 50 232 2
120 516 24 6 125 254 3
286 360 23 108 109 253 4
268 426 24 108 135 255 5
402 400 24 223 185 120 6
106 406 24 3 80 203 7
88 660 23 2 162 204 8
322 740 18 1 205 206 9
164 722 16 1 182 204 10
96 572 23 0 130 233 11
360 368 23 215 157 205 12
444 308 20 164 115 59 13
64 524 23 1 96 205 14
64 614 21 0 138 205 15
172 492 24 69 139 255 16
400 336 22 200 115 167 17
128 618 24 2 154 232 18
142 446 23 7 92 232 19
188 410 24 26 70 255 20
448 358 24 187 140 42 21
260 692 10 0 208 224 22
328 332 20 146 100 236 23
364 304 20 139 49 192 24
406 292 16 170 86 134 25
146 408 9 10 50 232 26
128 662 9 0 160 221 27
234 380 24 27 25 255 28
198 340 23 3 41 205 29
154 564 11 52 167 254 30
318 402 24 185 168 242 31
206 654 9 3 200 254 32
294 302 21 68 8 200 33
206 538 13 101 188 254 34
426 714 9 0 183 152 35
52 568 14 2 117 204 36
482 656 9 0 164 107 37
118 476 7 17 94 234 38
382 270 13 104 27 149 39
218 746 10 0 183 204 40
362 442 13 220 229 202 41
448 270 14 124 75 67 42
404 126 7 191 191 191 43
76 426 7 1 81 196 44
490 168 8 169 169 169 45
428 146 9 199 199 199 46
180 450 9 28 74 252 47
330 274 19 111 15 163 48
424 124 7 180 180 180 49
396 674 6 7 199 168 50
220 456 15 106 165 255 51
322 364 7 179 141 239 52
370 132 6 198 198 198 53
402 108 6 201 201 201 54
268 390 6 66 74 251 55
418 262 13 112 62 96 56
464 132 9 178 178 178 57
250 324 23 6 6 206 58
386 148 7 188 188 188 59
270 612 6 43 231 255 60
492 124 7 162 162 162 61
190 740 11 0 186 197 62
280 30 7 199 199 199 63
284 86 7 188 188 188 64
228 418 9 75 101 255 65
420 106 7 196 196 196 66
28 484 13 16 16 16 67
472 158 9 179 179 179 68
530 162 7 138 138 138 69
92 628 6 16 135 214 70
360 404 8 212 198 192 71
214 496 10 105 177 255 72
396 244 11 107 39 110 73
430 92 6 136 136 136 74
154 526 7 78 162 244 75
508 134 7 150 150 150 76
400 92 6 205 205 205 77
412 632 7 9 226 195 78
386 112 6 208 208 208 79
406 146 8 203 203 203 80
384 96 6 196 196 196 81
512 166 8 152 152 152 82
364 334 7 197 129 216 83
162 626 6 1 169 247 84
272 100 6 171 171 171 85
176 698 6 0 163 225 86
476 116 8 174 174 174 87
120 550 6 23 135 255 88
264 82 9 188 188 188 89
280 68 8 199 199 199 90
500 150 7 162 162 162 91
94 538 6 20 118 220 92
346 606 6 46 233 207 93
522 106 6 174 174 174 94
336 60 6 198 198 198 95
524 250 6 156 156 156 96
362 88 5 194 194 194 97
526 234 7 176 176 176 98
378 228 11 87 38 120 99
284 392 6 139 140 254 100
412 366 6 219 172 104 101
154 696 6 8 148 195 102
354 130 5 166 166 166 103
110 442 6 7 79 203 104
214 574 6 92 208 255 105
384 604 6 53 209 155 106
334 76 6 205 205 205 107
158 600 6 10 175 255 108
314 40 6 143 143 143 109
386 130 7 197 197 197 110
188 570 6 100 181 248 111
264 54 7 207 207 207 112
402 764 12 18 18 18 113
244 542 7 140 217 255 114
272 116 5 161 161 161 115
320 58 7 193 193 193 116
264 542 7 123 213 244 117
298 60 8 194 194 194 118
358 248 14 96 25 135 119
366 148 7 186 186 186 120
396 162 4 155 155 155 121
394 366 6 221 155 150 122
538 174 6 128 128 128 123
60 644 6 24 137 204 124
438 108 8 174 174 174 125
446 562 6 11 182 83 126
502 210 4 126 126 126 127
456 110 8 183 183 183 128
474 98 6 161 161 161 129
280 48 8 199 199 199 130
504 582 6 7 134 59 131
298 722 6 22 195 211 132
166 762 15 16 16 16 133
318 74 7 206 206 206 134
486 210 3 150 150 150 135
546 160 5 119 119 119 136
482 190 4 120 120 120 137
328 646 6 61 255 255 138
52 492 6 9 79 192 139
420 208 7 74 28 75 140
172 112 18 16 16 16 141
492 274 21 16 16 16 142
544 128 6 133 133 133 143
350 680 6 14 195 174 144
266 36 7 188 188 188 145
290 646 6 47 219 247 146
326 576 6 101 254 255 147
302 78 7 194 194 194 148
522 182 8 136 136 136 149
394 40 7 71 71 71 150
376 82 6 200 200 200 151
512 78 6 196 196 196 152
444 128 9 182 182 182 153
490 104 7 159 159 159 154
370 116 5 207 207 207 155
352 64 6 198 198 198 156
138 482 7 18 101 252 157
370 102 5 211 211 211 158
532 196 6 133 133 133 159
524 218 6 176 176 176 160
26 612 12 16 16 16 161
500 514 7 14 123 20 162
262 462 7 149 195 253 163
502 228 3 117 117 117 164
136 146 22 16 16 16 165
350 746 6 9 205 209 166
298 40 7 169 169 169 167
510 94 6 182 182 182 168
366 72 6 201 201 201 169
192 374 6 0 13 205 170
414 92 6 178 178 178 171
344 120 4 141 141 141 172
434 48 3 159 159 159 173
446 626 6 17 189 133 174
318 506 6 122 235 225 175
254 68 6 176 176 176 176
516 200 8 171 171 171 177
336 716 6 8 194 205 178
502 184 8 158 158 158 179
538 98 6 167 167 167 180
470 84 5 180 180 180 181
218 42 4 50 50 50 182
536 448 24 16 16 16 183
212 698 14 2 205 232 184
538 210 5 136 136 136 185
548 108 4 167 167 167 186
382 68 5 156 156 156 187
384 14 7 37 37 37 188
520 148 7 144 144 144 189
360 52 5 120 120 120 190
546 68 6 167 167 167 191
382 30 7 48 48 48 192
248 80 4 160 160 160 193
474 384 6 146 126 9 194
400 22 7 78 78 78 195
350 80 6 207 207 207 196
486 72 4 58 58 58 197
510 220 4 124 124 124 198
330 44 7 132 132 132 199
392 80 5 174 174 174 200
412 64 6 108 108 108 201
338 30 6 95 95 95 202
296 504 6 140 192 255 203
94 694 6 11 139 214 204
410 226 10 92 43 87 205
538 148 6 125 125 125 206
372 58 5 137 137 137 207
406 80 4 134 134 134 208
406 200 6 65 28 68 209
338 180 2 175 175 175 210
534 76 6 174 174 174 211
500 30 3 111 111 111 212
394 214 8 65 36 86 213
496 88 6 187 187 187 214
368 22 7 66 66 66 215
332 154 2 151 151 151 216
274 14 6 183 183 183 217
288 104 5 62 62 62 218
438 74 6 79 79 79 219
558 76 5 166 166 166 220
510 26 4 156 156 156 221
558 42 5 101 101 101 222
494 198 5 122 122 122 223
508 36 4 154 154 154 224
298 752 6 8 195 210 225
436 28 5 215 215 215 226
362 160 4 153 153 153 227
260 22 6 160 160 160 228
524 88 6 175 175 175 229
118 374 6 0 49 192 230
544 188 4 99 99 99 231
510 62 6 174 174 174 232
350 92 3 175 175 175 233
320 12 7 118 118 118 234
338 144 4 154 154 154 235
536 116 6 168 168 168 236
446 86 6 96 96 96 237
200 26 4 52 52 52 238
390 194 5 152 155 153 239
416 20 6 107 107 107 240
530 134 6 132 132 132 241
488 446 6 86 141 14 242
468 68 2 180 180 180 243
496 58 5 98 98 98 244
336 14 6 132 132 132 245
478 202 4 140 140 140 246
324 28 6 127 127 127 247
510 16 4 145 145 145 248
440 204 6 45 22 37 249
380 46 6 67 67 67 250
510 48 4 167 167 167 251
216 24 4 0 0 0 252
504 52 2 11 11 11 253
428 238 9 88 47 74 254
410 36 7 74 74 74 255
462 10 3 218 218 218 256
482 86 5 179 179 179 257
550 140 4 104 104 104 258
444 64 3 129 129 129 259
446 48 3 181 181 181 260
458 30 4 147 147 147 261
460 94 4 125 125 125 262
406 52 6 91 91 91 263
346 46 6 126 126 126 264
356 104 5 205 205 205 265
532 42 5 109 109 109 266
452 38 3 138 138 138 267
252 46 6 158 158 158 268
472 184 4 110 110 110 269
392 56 6 92 92 92 270
82 468 24 3 111 229 271
296 26 6 142 142 142 272
308 468 25 177 201 253 273
522 68 6 196 196 196 274
522 52 6 196 196 196 275
372 162 4 167 167 167 276
218 314 6 2 13 217 277
352 158 4 149 149 149 278
498 74 6 138 138 138 279
260 8 6 102 102 102 280
368 38 6 70 70 70 281
390 172 3 156 156 156 282
460 54 3 221 221 221 283
546 20 6 52 52 52 284
340 90 4 163 163 163 285
428 62 6 88 88 88 286
258 98 4 166 166 166 287
332 168 2 144 144 144 288
336 174 3 175 175 175 289
316 146 3 163 163 163 290
348 168 2 201 201 201 291
462 62 2 208 208 208 292
460 70 2 180 180 180 293
416 190 6 33 13 42 294
554 120 5 139 139 139 295
356 116 4 185 185 185 296
518 40 5 114 114 114 297
330 186 6 14 14 14 298
372 174 2 178 178 178 299
324 166 2 193 193 193 300
454 20 4 126 126 126 301
310 26 6 125 125 125 302
544 36 6 55 55 55 303
526 20 2 0 0 0 304
342 156 4 162 162 162 305
488 14 4 85 85 85 306
400 68 5 122 122 122 307
462 44 3 219 219 219 308
556 184 4 77 77 77 309
534 58 6 166 166 166 310
326 116 8 224 224 224 311
472 42 3 234 234 234 312
514 230 4 172 172 172 313
534 30 5 77 77 77 314
490 22 2 74 74 74 315
488 50 3 46 46 46 316
454 62 3 199 199 199 317
238 28 4 61 61 61 318
470 50 3 213 213 213 319
224 52 4 42 42 42 320
204 38 4 44 44 44 321
324 150 2 150 150 150 322
352 34 7 94 94 94 323
318 138 4 126 126 126 324
440 40 4 173 173 173 325
416 160 4 174 174 174 326
342 132 4 113 113 113 327
400 186 5 130 133 131 328
380 178 4 146 146 146 329
440 56 3 148 148 148 330
230 40 4 38 38 38 331
298 120 4 118 118 118 332
470 60 3 196 196 196 333
424 30 4 156 156 156 334
306 136 3 29 29 29 335
500 18 4 119 119 119 336
482 24 4 174 174 174 337
296 96 3 58 58 58 338
384 164 3 153 153 153 339
562 28 6 45 45 45 340
548 4 7 70 70 70 341
552 172 4 86 86 86 342
346 110 3 184 184 184 343
444 188 5 33 20 34 344
494 218 4 137 137 137 345
306 92 3 63 63 63 346
338 164 2 199 199 199 347
472 194 3 133 133 133 348
554 56 6 131 131 131 349
520 26 6 100 100 100 350
244 58 4 116 116 116 351
322 160 2 170 170 170 352
520 14 5 94 94 94 353
556 152 5 86 86 86 354
462 178 3 123 123 123 355
482 222 4 64 64 64 356
226 66 4 11 11 11 357
196 608 19 45 188 255 358
450 56 3 181 181 181 359
420 78 7 120 120 120 360
526 34 4 0 0 0 361
358 272 6 107 25 144 362
544 48 5 111 111 111 363
462 170 3 157 157 157 364
234 58 4 40 40 40 365
472 210 6 106 106 106 366
294 134 2 124 124 124 367
540 236 4 145 145 145 368
414 242 3 103 46 115 369
256 502 24 142 210 255 370
240 40 4 86 86 86 371
498 8 4 135 135 135 372
452 224 7 74 28 41 373
240 70 4 92 92 92 374
552 224 4 62 62 62 375
454 166 3 154 154 154 376
466 224 6 139 139 139 377
330 160 2 156 156 156 378
434 182 4 25 16 29 379
456 196 4 37 18 35 380
330 90 2 152 152 152 381
420 48 6 73 73 73 382
354 508 24 162 228 179 383
228 24 4 0 0 0 384
498 38 3 104 104 104 385
222 4 6 79 79 79 386
428 18 4 129 129 129 387
454 208 5 50 20 39 388
450 242 11 77 51 44 389
478 36 4 192 192 192 390
472 30 4 185 185 185 391
458 38 3 6 6 6 392
560 130 4 105 105 105 393
372 186 4 163 163 163 394
352 18 7 84 84 84 395
350 174 3 208 208 208 396
244 586 17 88 219 255 397
428 40 4 152 152 152 398
476 174 3 162 162 162 399
562 142 3 69 69 69 400
336 102 2 0 0 0 401
230 32 4 4 4 4 402
444 12 3 131 131 131 403
458 82 5 97 97 97 404
332 128 3 40 40 40 405
406 160 3 160 160 160 406
536 246 3 125 125 125 407
428 192 3 54 22 53 408
344 100 3 124 124 124 409
436 162 3 144 144 144 410
288 12 6 126 126 126 411
378 248 3 106 35 145 412
314 96 2 130 130 130 413
352 148 4 175 175 175 414
514 242 4 141 141 141 415
488 182 2 151 151 151 416
452 74 5 104 104 104 417
464 76 3 201 201 201 418
314 88 3 91 91 91 419
326 140 3 146 146 146 420
482 58 3 17 17 17 421
560 164 4 71 71 71 422
248 18 5 93 93 93 423
312 116 6 57 57 57 424
400 170 2 152 152 152 425
302 546 21 130 253 255 426
306 608 19 42 254 254 427
554 98 3 174 174 174 428
560 106 4 157 157 157 429
414 132 5 0 0 0 430
480 616 25 0 149 56 431
478 8 3 164 164 164 432
198 16 4 68 68 68 433
366 178 2 175 175 175 434
474 14 2 217 217 217 435
468 26 2 164 164 164 436
444 32 4 0 0 0 437
262 732 18 1 205 206 438
424 172 9 88 88 88 439
216 50 4 0 0 0 440
226 74 3 3 3 3 441
306 8 4 103 103 103 442
214 58 3 32 32 32 443
208 48 4 44 44 44 444
316 128 6 80 80 80 445
216 12 3 10 10 10 446
320 176 3 214 214 214 447
564 64 5 161 161 161 448
322 94 4 137 137 137 449
208 6 4 72 72 72 450
566 88 5 203 203 203 451
484 552 21 1 166 68 452
560 206 4 47 47 47 453
246 4 6 77 77 77 454
378 140 2 176 176 176 455
560 14 5 38 38 38 456
564 174 4 62 62 62 457
308 100 2 129 129 129 458
450 98 4 122 122 122 459
406 168 2 159 159 159 460
498 48 4 92 92 92 461
470 172 3 166 166 166 462
318 168 2 193 193 193 463
412 470 24 176 217 108 464
172 44 3 16 16 16 465
426 160 3 155 155 155 466
438 2 5 154 154 154 467
436 84 4 0 0 0 468
358 178 6 146 146 146 469
400 6 7 58 58 58 470
568 720 18 16 16 16 471
448 162 4 21 21 21 472
466 18 3 167 167 167 473
492 32 3 56 56 56 474
252 644 15 41 232 255 475
412 116 2 201 201 201 476
342 192 3 147 147 147 477
368 6 8 76 76 76 478
530 572 6 16 16 16 479
548 180 3 0 0 0 480
264 108 3 186 186 186 481
540 222 3 154 154 154 482
242 140 4 16 16 16 483
482 44 2 168 168 168 484
252 90 2 173 173 173 485
338 112 5 169 169 169 486
550 232 4 51 51 51 487
468 6 3 141 141 141 488
486 154 2 147 147 147 489
424 592 24 2 200 142 490
370 90 3 1 1 1 491
510 114 4 164 164 164 492
458 184 3 14 14 14 493
476 482 18 94 165 1 494
322 84 4 139 139 139 495
198 4 4 70 70 70 496
560 196 4 66 66 66 497
504 108 4 163 163 163 498
538 8 4 5 5 5 499
554 24 3 0 0 0 500
396 732 6 1 181 152 501
302 106 4 120 120 120 502
570 178 3 0 0 0 503
482 142 10 164 164 164 504
318 152 2 184 184 184 505
484 178 2 188 188 188 506
286 130 3 145 145 145 507
234 8 5 101 101 101 508
442 230 2 60 45 53 509
456 2 4 222 222 222 510
292 226 4 16 16 16 511
296 112 3 139 139 139 512
496 136 2 154 154 154 513
294 128 4 7 7 7 514
204 140 4 16 16 16 515
366 568 24 81 237 212 516
278 126 3 133 133 133 517
502 2 3 0 0 0 518
416 534 24 74 209 123 519
370 208 4 0 0 0 520
564 98 4 3 3 3 521
498 242 12 0 0 0 522
550 114 2 0 0 0 523
562 220 5 43 43 43 524
564 188 4 0 0 0 525
446 154 4 199 199 199 526
312 152 4 87 87 87 527
360 140 2 199 199 199 528
230 520 6 132 161 165 529
294 4 4 0 0 0 530
360 194 6 0 0 0 531
374 762 10 0 0 0 532
256 36 3 0 0 0 533
394 118 4 219 219 219 534
394 228 3 93 30 92 535
414 4 6 113 113 113 536
450 8 4 5 5 5 537
364 732 6 0 182 152 538
390 158 3 73 73 73 539
268 70 4 16 16 16 540
272 280 8 1 0 2 541
186 28 4 0 0 0 542
316 700 8 0 230 231 543
338 200 5 220 220 220 544
290 20 2 0 0 0 545
380 158 4 164 164 164 546
194 36 4 0 0 0 547
546 212 3 69 69 69 548
552 300 9 20 20 20 549
568 116 7 104 104 104 550
446 172 2 138 138 138 551
180 552 6 50 74 86 552
434 12 4 32 32 32 553
206 558 6 101 188 254 554
520 2 6 109 109 109 555
556 136 3 0 0 0 556
430 6 2 8 8 8 557
530 12 2 71 71 71 558
270 570 7 86 219 253 559
390 690 6 1 181 152 560
412 732 6 0 0 0 561
556 178 2 33 33 33 562
148 308 20 16 16 16 563
166 548 6 52 163 255 564
570 74 3 176 176 176 565
358 698 7 0 184 154 566
316 192 6 0 0 0 567
542 84 4 172 172 172 568
312 162 5 132 132 132 569
460 424 24 198 162 2 570
378 740 7 1 181 152 571
512 592 7 0 1 0 572
230 486 7 60 84 114 573
230 86 5 0 0 0 574
134 742 6 0 0 0 575
508 468 10 2 0 3 576
36 584 6 7 0 0 577
526 270 7 0 0 0 578
326 244 6 0 0 1 579
464 148 3 10 10 10 580
146 582 8 42 165 255 581
280 750 6 0 201 202 582
566 156 2 7 7 7 583
558 92 3 39 39 39 584
446 716 7 0 0 0 585
332 228 11 0 0 0 586
538 680 22 16 16 16 587
476 234 5 64 64 64 588
552 238 2 18 18 18 589
156 174 4 17 17 17 590
52 658 10 0 0 0 591
302 142 2 88 88 88 592
348 206 3 1 1 1 593
558 234 4 33 33 33 594
154 90 4 19 19 19 595
552 252 7 0 0 0 596
566 38 3 90 90 90 597
554 108 2 8 8 8 598
340 4 3 69 69 69 599
202 640 6 0 6 0 600
260 560 6 85 218 255 601
430 664 23 0 181 126 602
124 274 6 16 16 16 603
414 140 2 39 39 39 604
392 446 6 211 213 184 605
218 554 6 108 195 255 606
226 544 7 96 191 254 607
374 648 23 1 229 192 608
92 708 8 0 0 0 609
232 558 6 0 1 0 610
238 134 2 18 18 18 611
240 84 4 11 11 11 612
300 246 8 0 0 0 613
280 6 3 0 0 0 614
382 208 3 5 0 1 615
556 272 6 0 0 0 616
568 50 5 116 116 116 617
2 372 11 16 16 16 618
42 340 19 16 16 16 619
14 294 7 18 18 18 620
146 338 8 0 0 4 621
570 136 5 0 0 0 622
496 382 6 0 0 0 623
58 146 4 18 18 18 624
62 440 6 11 0 3 625
190 126 3 2 2 2 626
200 776 10 16 16 16 627
254 292 6 0 0 6 628
258 140 4 15 15 15 629
270 134 8 0 0 0 630
280 774 11 0 0 0 631
282 484 6 117 132 134 632
290 694 10 0 230 231 633
290 794 6 18 18 18 634
426 750 16 9 9 9 635
100 144 10 0 0 0 636
532 22 2 40 40 40 637
342 442 6 218 221 199 638
348 196 4 6 6 6 639
308 766 7 0 0 1 640
80 318 13 16 16 16 641
222 134 2 16 16 16 642
22 258 15 16 16 16 643
6 182 2 19 19 19 644
194 296 8 0 0 0 645
176 320 7 0 6 0 646
174 30 2 14 14 14 647
568 234 6 0 0 0 648
332 2 4 121 121 121 649
160 56 14 14 14 14 650
52 316 7 16 16 16 651
404 708 7 1 181 152 652
506 414 19 0 0 0 653
46 300 6 0 0 0 654
44 372 13 16 16 16 655
514 258 6 0 0 0 656
12 678 6 16 16 16 657
126 354 6 0 0 1 658
118 760 18 14 14 14 659
356 462 8 218 227 200 660
388 2 6 10 10 10 661
294 668 11 0 233 226 662
8 346 9 0 0 0 663
296 144 4 0 0 0 664
298 192 4 15 15 15 665
16 652 18 16 16 16 666
24 694 6 0 0 0 667
38 466 8 0 0 0 668
58 286 9 6 6 6 669
70 398 13 0 0 0 670
98 158 3 17 17 17 671
102 304 7 0 0 0 672
108 276 6 0 0 0 673
110 170 7 16 16 16 674
114 132 4 0 0 0 675
116 330 6 0 0 0 676
136 248 11 0 0 0 677
138 106 4 15 15 15 678
202 60 7 0 0 0 679
218 84 4 1 1 1 680
244 276 8 14 14 14 681
256 126 8 0 0 0 682
300 220 3 15 15 15 683
316 632 7 48 255 255 684
348 630 7 0 226 188 685
382 200 4 0 0 0 686
392 514 6 12 0 4 687
402 790 6 0 0 0 688
452 532 6 0 25 0 689
468 708 6 0 0 0 690
480 368 9 0 0 3 691
500 674 6 19 19 19 692
516 656 11 16 16 16 693
526 488 16 0 0 0 694
534 634 7 0 0 0 695
538 718 7 0 0 0 696
548 752 9 16 16 16 697
552 594 19 14 14 14 698
558 634 8 0 0 0 699
570 16 4 0 0 0 700
354 760 6 0 0 0 701
332 604 6 40 247 249 702
328 626 6 35 255 252 703
50 452 6 2 0 1 704
290 172 4 16 16 16 705
552 418 9 0 0 0 706
270 154 10 14 14 14 707
454 646 6 0 179 119 708
460 686 6 0 181 126 709
462 670 10 0 181 126 710
36 164 15 16 16 16 711
32 144 4 6 6 6 712
28 420 24 16 16 16 713
186 158 17 14 14 14 714
6 510 11 16 16 16 715
24 308 8 0 0 0 716
494 692 11 0 0 0 717
164 268 6 0 0 0 718
158 790 6 1 1 1 719
158 240 2 16 16 16 720
564 492 8 14 14 14 721
518 308 14 16 16 16 722
4 282 6 16 16 16 723
124 186 5 19 19 19 724
116 110 11 14 14 14 725
102 260 11 16 16 16 726
536 734 8 15 15 15 727
86 152 6 16 16 16 728
82 726 6 14 14 14 729
10 582 11 16 16 16 730
30 630 6 1 1 1 731
378 242 3 9 0 6 732
16 386 7 0 0 0 733
64 136 8 0 0 0 734
520 388 9 16 16 16 735
422 442 6 179 210 131 736
308 788 13 16 16 16 737
362 788 13 16 16 16 738
178 22 4 14 14 14 739
178 12 5 14 14 14 740
174 784 6 0 0 0 741
46 136 9 0 0 0 742
286 234 6 14 14 14 743
282 248 9 14 14 14 744
444 696 6 2 178 124 745
164 84 3 0 0 0 746
150 216 3 17 17 17 747
36 516 6 0 0 3 748
34 704 7 14 14 14 749
84 120 11 14 14 14 750
Neighbours
0 :  27 32 84 86 102 600
1 :  0 8 27 102 204 609
2 :  20 26 29 170 230 621 658
3 :  38 75 88 92 157 271
4 :  23 28 31 52 55 58 100
5 :  28 31 55 65 100 163 273
6 :  12 21 71 101 122 570
7 :  26 44 104 230 670
8 :  18 27 70 124 204 591
9 :  132 166 178 225 640
10 :  62 86 102 133 575
11 :  15 18 36 88 92
12 :  6 23 31 52 71 83 122
13 :  17 21 25 42
14 :  36 92 139 271 748
15 :  11 70 124 161 577 731
16 :  19 47 72 75 157
17 :  12 21 24 25 83 101 122
18 :  0 11 27 70 84 108 581
19 :  7 20 26 38 47 104 157
20 :  2 19 26 28 47 65 170
21 :  13 17 101 194 691
22 :  438 633
23 :  4 12 24 33 52 83
24 :  17 23 39 48 83 362
25 :  13 17 24 39 56
26 :  2 7 19 20
27 :  0 1 8 18
28 :  5 20 29 55 58 65 170
29 :  2 28 170 277 645 646
30 :  564 581
31 :  5 12 52 71 100
32 :  0 600
33 :  4 23 48 58 541 628
34 :  529 552 554 606 607
35 :  561 585 652 745
36 :  11 14 15 577
37 :  431 692 693 708 710
38 :  3 19 157 271
39 :  24 25 73 119 362 412
40 :  62 627
41 :  605 638 660
42 :  13 56 142 389
43 :  54 110 430 476 534
44 :  7 625
45 :  68 82 91 179 399 416 489 506
46 :  153 406 410 466 526 604
47 :  16 19 20
48 :  24 33 362 579
49 :  46 66 125 153 430
50 :  560 602 608
51 :  65 573
52 :  4 12 23 31
53 :  103 110 120 155 296 455
54 :  66 77 81 476 534
55 :  5 28 100
56 :  25 42 73 254 369
57 :  87 128 153 504 580
58 :  4 28 33 277 628
59 :  80 110 120 455 539 546
60 :  397 427
61 :  76 87 154 504 513
62 :  10 40 133
63 :  130 145 217 272
64 :  85 89 90 148 218 338
65 :  5 20 28 51
66 :  49 54 74 125 171 476
67 :  139 668 715 748
68 :  45 364 399 462 472 489 504 580
69 :  82 123 136 149 189 206
70 :  8 15 18
71 :  6 12 31
72 :  16 529 573
73 :  39 56 99 205 369 412 535 732
74 :  66 125 171 360 468
75 :  3 16 564
76 :  61 91 189 241 492 513
77 :  54 81 171 200 208
78 :  490 602 608
79 :  81 155 158 534
80 :  46 59 406 604
81 :  54 77 79 151 158 200
82 :  45 69 91 149 179 189
83 :  12 17 24
84 :  0 18 108 358
85 :  64 89 115 218 287 481
86 :  0 10 102
87 :  57 61 128 129 154
88 :  3 11
89 :  64 85 176 193 287 485 540
90 :  64 112 118 130 540
91 :  45 76 82 189 504
92 :  3 11 14
93 :  516 685 702 703
94 :  168 180 229 236 492
95 :  107 116 156 199 264
96 :  98 407 415 578 656
97 :  158 169 196 233 265 491
98 :  96 160 313 368 482
99 :  73 119 213 412 520 535 615 732
100 :  4 5 31 55
101 :  6 17 21 122
102 :  0 1 10 86
103 :  53 155 172 296 327 414 528
104 :  7 19 271
105 :  111 358 397 554 610
106 :  490 516
107 :  95 134 156 196 285
108 :  18 84 358 581
109 :  116 118 167 199 247 302
110 :  43 53 59 80 155 455 534
111 :  105 358 552 554
112 :  130 145 176 268 540
113 :  501 532 635 688
114 :  117 370 529 601 607
115 :  218 481 517 682
116 :  95 109 118 134 199
117 :  114 370 426 601
118 :  90 116 130 148 167
119 :  39 99 362 412 586 732
120 :  53 227 414 528 546
121 :  282 406 425 539
122 :  6 12 17 101
123 :  69 136 149 159 480
124 :  8 15 591
125 :  49 66 74 128 153 459
126 :  452 490 519
127 :  135 164 177 198 223 345
128 :  57 87 125 153 459
129 :  87 128 154 181 257 262
130 :  63 90 112 118 167
131 :  452 572
132 :  9 438 543 633
133 :  10 62 627 719 741
134 :  107 116 148 495
135 :  223 246 345 356
136 :  69 123 206 342 354 422
137 :  223 246 269 348 416
138 :  684 685
139 :  14 67 271
140 :  205 209 249 294
141 :  165 595 626 678 714 746
142 :  42 96 415 522 578 656 722
143 :  206 236 241 258 295
144 :  566 608
145 :  63 112 130 228 533
146 :  662
147 :  426 427 516
148 :  64 90 118 134 346
149 :  82 123 159 177 179
150 :  192 195 250 255 263 270
151 :  81 169 187 200 491
152 :  168 229 274 279
153 :  46 49 57 125 128
154 :  61 87 129 214 498
155 :  53 79 103 110 158 265 296
156 :  95 107 169 190 196 264
157 :  3 16 19 38
158 :  79 81 155 265 491
159 :  123 149 160 177 185 231
160 :  98 159 177 185 198 482
161 :  15 577 730 731
162 :  452 694
163 :  5 273 370
164 :  127 198 313 345 522
165 :  141 590 636 671 674 675 678 714 724 725
166 :  9 538 701
167 :  63 109 118 130 272
168 :  94 152 154 214 229 498
169 :  97 151 156 187 196 207
170 :  2 20 29
171 :  54 66 74 77 208 360
172 :  103 296 327 405 486
173 :  260 286 325 330 398
174 :  431 490 708
175 :  203 273 383
176 :  89 112 193 351 374
177 :  127 149 159 160 179
178 :  9 543
179 :  45 82 149 177 223 416
180 :  94 186 229 236 428 568
181 :  129 197 257 262 418
182 :  252 321 331 365 440
183 :  576 653 694 706
184 : 
185 :  159 160 375 482 548
186 :  180 236 428 523 550 598
187 :  151 169 200 207 270 307
188 :  192 195 215 478 661
189 :  69 76 82 91 206 241
190 :  156 169 207 264 281
191 :  211 220 310 349
192 :  150 188 195 215 250 281
193 :  89 176 374 485 612
194 :  570 623 691
195 :  150 188 192 240 255 470
196 :  97 107 156 169 233 285
197 :  243 244 257 279 333 421
198 :  127 160 164 177 313 345
199 :  95 109 116 202 247 264
200 :  77 81 151 187 208 307
201 :  263 286 307 360
202 :  199 245 247 323
203 :  175 273 370 632
204 :  1 8 609
205 :  73 140 213 254 369 535
206 :  69 136 143 189 241 258
207 :  169 187 190 250 270
208 :  77 171 200 307 360
209 :  140 213 239 294 328
210 :  289 291 298 396 477
211 :  191 229 274 310 568
212 :  221 224 315 336 385 474
213 :  99 205 209 535 615
214 :  154 168 257 279
215 :  188 192 281 395 478
216 :  235 305 322 347 352 378 420
217 :  63 228 280 530 614
218 :  64 85 115 338 512
219 :  259 286 360 417 468
220 :  191 448 451 565 568
221 :  212 224 248 336 350
222 :  303 340 349 363 597 617
223 :  127 135 137 177 179 246
224 :  212 221 251 297 385 461
225 :  9 582 631 640
226 :  301 334 387 398 437
227 :  120 276 278 396 434 469
228 :  145 217 280 423
229 :  94 152 168 180 211
230 :  2 7 658
231 :  159 309 480 497
232 :  152 244 253 274 275 279
233 :  97 196 265 285 409
234 :  245 247 302 442
235 :  216 305 322 327 405 414 420
236 :  94 143 180 186 241
237 :  404 459 468
238 :  252 321 433 446 542 547
239 :  209 213 282 328 329 394 686
240 :  195 255 334 387 536
241 :  76 143 189 206 236
242 :  494 570 576
243 :  197 292 293 333 418
244 :  232 253 279 316 421 461
245 :  202 234 247 395 599
246 :  135 137 223 348 366 380
247 :  109 199 202 234 245 302
248 :  221 336 353 372 518
249 :  140 344 373 388 408
250 :  150 192 207 270 281
251 :  224 232 253 275 297 385
252 :  182 238 321 384 433 446
253 :  232 251 461
254 :  56 205 369 389 509
255 :  150 195 240 263 382
256 :  301 473 488 510
257 :  129 154 181 197 214
258 :  143 206 354 556
259 :  219 286 317 330 359 417
260 :  173 267 308 325 330 359
261 :  301 312 392 436 437 473
262 :  129 181 404 459
263 :  150 201 255 270 382
264 :  95 156 190 199 323
265 :  97 155 158 233 296 343 409
266 :  275 361 363 637
267 :  260 283 301 392 437
268 :  112 176 351 371 533
269 :  137 348 355 380 399 506
270 :  150 187 250 263 307
271 :  3 38 44 104 139 625 668 704
272 :  63 167 302 442 530 545
273 :  5 163 175 203 632 638
274 :  152 211 229 232 275 310
275 :  232 251 266 274 297 310
276 :  227 299 469 546
277 :  29 58
278 :  227 291 305 414
279 :  152 197 214 232 244
280 :  217 228 454
281 :  190 192 215 250 323
282 :  121 239 328 329 339 425
283 :  267 292 308 317 319 333 359
284 :  303 341 456 500 558 637
285 :  107 196 233 381 401 409
286 :  173 201 219 330 360 382
287 :  85 89 481 485
288 :  289 291 300 347 378 447
289 :  210 288 291 347 396 447 463
290 :  324 335 378 527 592
291 :  210 278 288 289 305 347 396
292 :  243 283 293 317 333
293 :  243 292 317 417 418
294 :  140 209 328 408 439
295 :  143 393 523 550
296 :  103 155 172 265 343
297 :  224 251 275 361
298 :  210 447 477 567
299 :  276 329 339 394 434
300 :  288 352 378 463
301 :  256 261 437 473 537 553
302 :  109 234 247 272 442
303 :  222 266 284 314 363
304 :  350 353 558 637
305 :  216 235 278 291 347 414
306 :  315 336 337 372 432
307 :  187 200 201 208 270
308 :  260 283 312 319 391 392 436
309 :  231 457 480 525 562
310 :  191 211 266 274 275 363
311 :  405 424 445 449 486
312 :  261 308 319 390 421 436 484
313 :  98 160 198 415 522
314 :  266 284 303 361 637
315 :  212 306 336 337 474
316 :  319 421 461 474 484
317 :  259 283 292 293 359 417
318 :  371 402 423 508 533
319 :  283 308 312 316 333 421 484
320 :  331 357 365 440
321 :  182 238 252 444 547
322 :  216 235 352 378 420 505
323 :  202 264 281 395
324 :  290 335 405 420 445
325 :  173 260 267 330 398 437
326 :  406 439 604
327 :  103 172 235 405 414 420
328 :  209 239 282 294 329 425
329 :  239 282 299 328 339 394 686
330 :  173 259 260 286 359
331 :  182 320 351 365 371 402
332 :  424 512 514
333 :  197 243 283 292 319 421
334 :  226 240 255 387 398
335 :  290 367 420 445 514 527 592
336 :  212 221 248 306 315 372
337 :  306 315 391 432 435 473 474 484
338 :  64 148 218 346 458 502
339 :  282 299 329 539 546
340 :  303 456 500 597
341 :  284 456 499
342 :  123 136 422 457 480 562
343 :  265 296 409 486
344 :  249 379 380 408 493 551
345 :  127 135 164 198 356
346 :  148 338 413 419 458
347 :  216 288 289 291 305 378
348 :  137 246 269 380 493
349 :  191 222 363 448 617
350 :  221 304 353 361
351 :  176 268 331 365 371 374
352 :  216 289 300 322 378 463 505 569
353 :  248 304 350 555 558
354 :  136 206 258 400 422 583
355 :  269 364 462 493 551
356 :  135 345 366 377 522 588
357 :  320 365 374 441 443 612
358 :  84 105 108 111 600
359 :  259 260 283 317 330 392
360 :  74 171 201 208 219 286
361 :  266 297 314 350
362 :  24 39 48 119
363 :  222 266 303 310 349
364 :  68 355 376 462
365 :  320 331 351 357 371 374
366 :  135 246 356 377 388
367 :  335 514 517 592 664
368 :  98 407 482 487 596
369 :  56 73 205 254
370 :  72 114 117 163 203 529 573 632
371 :  268 318 331 351 365
372 :  248 306 336 518
373 :  377 388 389 509
374 :  176 193 351 357 365 612
375 :  482 487 524 548 648
376 :  364 472 493 551 580
377 :  356 366 373 588
378 :  216 288 300 322 347 352 505
379 :  344 408 439 551
380 :  246 249 269 344 348 366 388 493
381 :  107 285 401 449 495
382 :  255 263 286 398
383 :  175 273 516 660 687
384 :  252 402 423 446 508
385 :  212 224 461 474 484
386 :  384 446 496 508
387 :  226 240 334 536 553
388 :  249 366 373 380
389 :  42 254 373 509 588
390 :  312 337 391 474 484
391 :  261 308 319 337 390 392 435 436
392 :  261 267 308 359 390 391
393 :  295 550 556 622
394 :  239 299 329 434 520 531 686
395 :  215 245 323
396 :  210 227 289 291 469 477
397 :  60 105 559 601 610
398 :  173 226 325 334 382
399 :  269 462 493 506
400 :  354 556 583 622
401 :  285 381 409 449 486
402 :  182 318 331 384
403 :  226 301 437 467 537 553
404 :  181 237 262 417 418
405 :  172 235 311 324 327 420
406 :  80 121 326 460
407 :  96 98 368 589 596
408 :  140 249 294 379
409 :  233 265 285 343 401
410 :  439 466 472 551
411 :  63 302 530 545 614
412 :  39 73 119 732
413 :  346 419 449 458
414 :  103 120 235 278 305 327
415 :  96 98 313 522
416 :  137 179 506
417 :  219 237 259 293 317 404
418 :  181 243 293 404
419 :  148 346 413 449 495
420 :  216 235 322 324 327 405 527
421 :  197 244 312 316 319 333 484
422 :  136 342 354 457 583
423 :  228 318 454 533
424 :  311 332 445 449 502
425 :  121 282 328 460
426 :  117 147 559
427 :  60 147 684 702 703
428 :  180 186 429 568 584
429 :  295 428 521 550 598
430 :  43 49 604
431 :  37 131 174 490 572 708
432 :  306 337 435 488
433 :  238 252 446 450 496 542 739 740
434 :  227 299 394 469
435 :  337 391 432 436 473 488
436 :  261 308 391 435 473
437 :  226 261 267 301 325 403
438 :  22 132 582
439 :  294 326 379 410 466 551
440 :  182 320 443 444
441 :  357 374 574 680
442 :  234 272 302 530 545
443 :  357 365 440 679
444 :  321 440 679
445 :  324 335 405 424 514
446 :  238 252 384 386 433 450
447 :  288 289 298 300 463 567
448 :  220 349 565 617
449 :  311 381 401 413 419 424 495
450 :  433 446 496
451 :  220 521 565 584
452 :  126 131 162 689
453 :  497 524 548
454 :  280 423 508
455 :  53 59 110 120
456 :  340 341 700
457 :  422 503 525 562
458 :  338 346 413 502
459 :  125 128 237 262
460 :  121 328 406 425 439
461 :  224 244 253 316 385
462 :  68 269 355 364 399
463 :  289 300 352 447 569
464 :  605 736
465 :  542 647 650
466 :  46 326 410 439
467 :  403 553 557
468 :  74 219 237 360
469 :  227 396 434 531
470 :  195 536 661
471 :  587 696 727
472 :  46 376 410 526 551 580
473 :  256 261 301 337 435 436
474 :  212 315 316 337 385 390 484
475 : 
476 :  43 49 54 66
477 :  210 298 396 469 544 639
478 :  188 215 395
479 :  572 698
480 :  123 231 309 342
481 :  85 115 287 682
482 :  98 160 185 368 375
483 :  611 629 642 682
484 :  312 316 319 385 390 421 474
485 :  89 193 287
486 :  172 311 343 401
487 :  368 375 482 589 594 596
488 :  256 432 435 510
489 :  45 91 504
490 :  78 106 126 174 516 519
491 :  81 97 151 158
492 :  61 76 94 168 498
493 :  269 344 348 355 376 380 551
494 :  242 576
495 :  107 134 381 419 449
496 :  433 450 740
497 :  231 453 480 525
498 :  61 94 154 168 492
499 :  284 341 555 558 637
500 :  284 303 340 456
501 :  561 571 652
502 :  218 338 424 458 512
503 :  457 525
504 :  57 61 68 91 489 513 580
505 :  322 324 352 378 527
506 :  45 269 399 416
507 :  512 514 517 664
508 :  318 384 386 423 454
509 :  389
510 :  256 467 537
511 :  683 743
512 :  218 332 424 502 507
513 :  61 76 91 504
514 :  332 335 367 507
515 :  626 642 714
516 :  93 106 147 383 490 519
517 :  115 507 630
518 :  248 372 555
519 :  126 490 516 687 689
520 :  99 394 531 615
521 :  429 451
522 :  142 164 313 415 588 656
523 :  186 236 295
524 :  375 453 548 648
525 :  309 497 503
526 :  46 410 472 580
527 :  290 335 505 569 592 664
528 :  53 103 120 414
529 :  34 72 114 370 607
530 :  411 442
531 :  394 469 520 639 686
532 :  113 571 701 738
533 :  145 268 318 423
534 :  43 54 79 110
535 :  73 99 205 213
536 :  240 470 557
537 :  256 301 403 467 510
538 :  166 571
539 :  59 80 121 339
540 :  89 90 112
541 :  33 628 681
542 :  238 433 465 547 739
543 :  132 178 633
544 :  298 477 586 593
545 :  63 272 411 442
546 :  59 120 276 339
547 :  238 321 542 679
548 :  185 375 453 482
549 :  616 722
550 :  295 429 556 622
551 :  344 355 379 410 472 493
552 :  34 111 554 564
553 :  226 387 403 467 557
554 :  34 105 111 552 606
555 :  353 518
556 :  143 258 354 393 400
557 :  467 536 553
558 :  304 353 499 637
559 :  397 426 601
560 :  50 652
561 :  35 501 635 652
562 :  309 342 457 480
563 :  621 646 676
564 :  30 75 552
565 :  220 448 451
566 :  144
567 :  298 447 544 665
568 :  180 211 220 229 428 584
569 :  352 463 527
570 :  6 194 242 653 736
571 :  113 501 532 538
572 :  131 431 479
573 :  51 72 370
574 :  374 441 612 680
575 :  10 659
576 :  183 242 494 694
577 :  36 161 730
578 :  656
579 :  48 119 586 613
580 :  57 68 376 472 526
581 :  18 30 108
582 :  225 438 631
583 :  354 400 422
584 :  220 428 451 521 568
585 :  35 690 745
586 :  119 544 579
587 :  692 693 696
588 :  356 377 389 522
589 :  407 487 596 648
590 :  165 714
591 :  8 124 666
592 :  290 335 367 527 664
593 :  544 586 639
594 :  487 524 589 596 648
595 :  141 678 746
596 :  407 589 616 648
597 :  222 340 617
598 :  186 428 429
599 :  245 395 649
600 :  32 358
601 :  114 117 397 559
602 :  50 78 174 708 709 710 745
603 :  673 677
604 :  46 80 430
605 :  41 464
606 :  34 105 554 607 610
607 :  34 114 529 606 610
608 :  50 78 144 602 685
609 :  1 204 729
610 :  105 114 397 607
611 :  483 642 682
612 :  193 357 374 485 574
613 :  579 744
614 :  217 411
615 :  213 520 686
616 :  549 596
617 :  222 349 448
618 :  663 733
619 :  651 655 663 716
620 :  643 716 723
621 :  2 563
622 :  393 400 550
623 :  194 653 691 735
624 :  734
625 :  44 271 704 713
626 :  141 515 714
627 :  40 741
628 :  58 541 681
629 :  483 630 707
630 :  517 629 682 707
631 :  582 634
632 :  203 273 370
633 :  22 132 543 662
634 :  631 737
635 :  113 561
636 :  165 671 675 728 750
637 :  284 304 314 558
638 :  41 273
639 :  477 531 593
640 :  225 631 737
641 :  651 672
642 :  483 515 611
643 :  723
644 : 
645 :  29
646 :  29 563
647 :  465 547 739
648 :  524 594 596
649 :  234 245 599
650 :  465 746
651 :  619 641 654 716
652 :  35 501 560 561
653 :  183 242 570 623 735
654 :  651 669 716
655 :  619 670 733
656 :  96 142 578
657 :  666 667
658 :  2 230 676
659 :  575
660 :  41 383
661 :  188 470
662 :  146 633
663 :  618 619
664 :  367 527 592 707
665 :  567 705
666 :  591 657 731
667 :  657 749
668 :  67 704
669 :  654
670 :  7 655 713
671 :  636 674
672 :  641
673 :  603 726
674 :  165 671 724
675 :  165 636 725
676 :  563 658
677 :  603 720 726
678 :  141 165 595 725
679 :  443 444 547
680 :  441 574
681 :  541 628
682 :  115 483 629 630
683 :  511
684 :  138 427 703
685 :  93 138 608 703
686 :  239 329 394 520 531 615
687 :  383 519
688 :  113
689 :  452 519
690 :  585 709 717 745
691 :  21 194 623
692 :  37 693 717
693 :  37 587 692 695
694 :  162 576 721
695 :  693 699
696 :  471 587 727
697 :  471 727
698 :  479 572 699
699 :  695 698
700 :  340 456
701 :  166 532 738
702 :  93 427 703
703 :  93 138 684 685 702
704 :  271 625 668 713
705 :  665 707
706 :  183
707 :  629 630 664 705
708 :  37 174 431 602
709 :  690 710 745
710 :  37 602 709
711 :  624 712 742
712 :  711 742
713 :  625 670 704 733
714 :  165 515 590 626
715 :  67 748
716 :  619 620 654
717 :  587 690 692
718 : 
719 :  741
720 :  677
721 :  694
722 :  142 549
723 :  620 643
724 :  674
725 :  675 678 750
726 :  673 677
727 :  696 697
728 :  636 734
729 :  609
730 :  161 577
731 :  161 666
732 :  73 99 119 412
733 :  618 655 713
734 :  624 728 742 750
735 :  623 653
736 :  464 570
737 :  631 634 640
738 :  532
739 :  433 542 647 740
740 :  433 496 739
741 :  133 627 719
742 :  624 712 734
743 :  511 744
744 :  613 743
745 :  35 585 602 690 709
746 :  595 650
747 : 
748 :  14 67 715
749 :  667
750 :  636 725 734
