166 663 26 3 199 255 0
124 700 23 2 181 232 1
152 368 24 10 50 232 2
119 516 26 6 125 254 3
286 360 25 108 109 253 4
268 426 27 108 135 255 5
402 400 27 223 185 120 6
106 406 24 3 80 203 7
88 660 25 2 162 204 8
322 740 19 1 205 206 9
159 721 18 1 182 204 10
96 572 25 0 130 233 11
360 370 25 215 157 205 12
444 308 23 164 115 59 13
66 527 23 1 96 205 14
66 614 24 0 138 205 15
170 493 28 69 139 255 16
396 336 23 200 115 167 17
128 621 27 2 154 232 18
142 446 25 7 92 232 19
188 410 27 26 70 255 20
441 358 25 187 140 42 21
258 690 18 0 208 224 22
328 331 23 146 100 236 23
364 304 21 139 49 192 24
406 292 18 170 86 134 25
146 408 13 10 50 232 26
126 666 12 0 160 221 27
234 380 27 27 25 255 28
198 340 23 3 41 205 29
318 402 27 185 168 242 30
294 302 22 68 8 200 31
425 714 11 0 183 152 32
54 577 15 2 117 204 33
118 476 10 17 94 234 34
382 270 15 104 27 149 35
215 740 15 0 183 204 36
448 270 16 124 75 67 37
404 126 7 191 191 191 38
76 426 11 1 81 196 39
490 168 9 169 169 169 40
428 146 11 199 199 199 41
180 450 13 28 74 252 42
330 274 21 111 15 163 43
424 124 7 180 180 180 44
220 456 24 106 165 255 45
370 132 8 198 198 198 46
402 108 8 201 201 201 47
268 390 8 66 74 251 48
418 262 14 112 62 96 49
464 132 10 178 178 178 50
250 324 25 6 6 206 51
386 148 8 188 188 188 52
272 612 15 43 231 255 53
492 124 8 162 162 162 54
188 731 13 0 186 197 55
280 30 8 199 199 199 56
284 86 10 188 188 188 57
228 418 11 75 101 255 58
420 106 9 196 196 196 59
472 158 9 179 179 179 60
530 162 8 138 138 138 61
93 629 7 16 135 214 62
211 493 12 105 177 255 63
396 244 12 107 39 110 64
430 92 6 136 136 136 65
508 134 9 150 150 150 66
400 92 7 205 205 205 67
410 632 14 9 226 195 68
386 112 6 208 208 208 69
406 146 9 203 203 203 70
384 96 9 196 196 196 71
512 166 9 152 152 152 72
364 335 10 197 129 216 73
272 100 7 171 171 171 74
476 116 9 174 174 174 75
264 82 9 188 188 188 76
280 68 8 199 199 199 77
500 150 8 162 162 162 78
94 538 8 20 118 220 79
522 106 8 174 174 174 80
336 60 8 198 198 198 81
524 250 6 156 156 156 82
362 88 7 194 194 194 83
526 234 8 176 176 176 84
378 228 12 87 38 120 85
284 392 7 139 140 254 86
408 365 8 219 172 104 87
354 130 7 166 166 166 88
110 442 7 7 79 203 89
384 604 12 53 209 155 90
334 76 8 205 205 205 91
314 40 7 143 143 143 92
386 130 8 197 197 197 93
264 54 8 207 207 207 94
272 116 7 161 161 161 95
320 58 8 193 193 193 96
298 60 10 194 194 194 97
358 248 16 96 25 135 98
366 148 7 186 186 186 99
396 162 5 155 155 155 100
394 366 7 221 155 150 101
538 174 6 128 128 128 102
62 644 6 24 137 204 103
438 108 9 174 174 174 104
445 559 12 11 182 83 105
502 210 6 126 126 126 106
456 110 9 183 183 183 107
474 98 8 161 161 161 108
280 48 9 199 199 199 109
298 722 11 22 195 211 110
318 74 7 206 206 206 111
486 210 6 150 150 150 112
546 160 6 119 119 119 113
482 190 6 120 120 120 114
328 646 12 61 255 255 115
54 492 11 9 79 192 116
420 208 9 74 28 75 117
544 128 7 133 133 133 118
266 36 7 188 188 188 119
326 582 11 101 254 255 120
302 78 8 194 194 194 121
522 182 9 136 136 136 122
394 40 8 71 71 71 123
376 82 6 200 200 200 124
512 78 7 196 196 196 125
444 128 10 182 182 182 126
490 104 9 159 159 159 127
370 116 7 207 207 207 128
352 64 8 198 198 198 129
370 102 6 211 211 211 130
532 196 7 133 133 133 131
524 218 8 176 176 176 132
350 746 10 9 205 209 133
298 40 8 169 169 169 134
510 94 8 182 182 182 135
366 72 8 201 201 201 136
192 374 9 0 13 205 137
414 92 6 178 178 178 138
344 120 4 141 141 141 139
434 48 5 159 159 159 140
254 68 8 176 176 176 141
516 200 9 171 171 171 142
336 716 8 8 194 205 143
502 184 10 158 158 158 144
538 98 9 167 167 167 145
470 84 6 180 180 180 146
214 698 27 2 205 232 147
538 210 6 136 136 136 148
548 108 5 167 167 167 149
382 68 7 156 156 156 150
384 14 7 37 37 37 151
520 148 9 144 144 144 152
360 52 6 120 120 120 153
546 68 7 167 167 167 154
382 30 7 48 48 48 155
248 80 4 160 160 160 156
400 22 8 78 78 78 157
350 80 7 207 207 207 158
486 72 5 58 58 58 159
510 220 6 124 124 124 160
330 44 9 132 132 132 161
392 80 7 174 174 174 162
412 64 7 108 108 108 163
338 30 7 95 95 95 164
95 691 7 11 139 214 165
410 226 10 92 43 87 166
538 148 8 125 125 125 167
372 58 7 137 137 137 168
406 80 6 134 134 134 169
406 200 7 65 28 68 170
534 76 7 174 174 174 171
500 30 4 111 111 111 172
394 214 9 65 36 86 173
496 88 7 187 187 187 174
368 22 7 66 66 66 175
274 14 8 183 183 183 176
288 104 7 62 62 62 177
438 74 6 79 79 79 178
558 76 7 166 166 166 179
510 26 4 156 156 156 180
558 42 5 101 101 101 181
494 198 6 122 122 122 182
508 36 5 154 154 154 183
298 751 7 8 195 210 184
436 28 5 215 215 215 185
362 160 5 153 153 153 186
260 22 7 160 160 160 187
524 88 7 175 175 175 188
118 374 10 0 49 192 189
544 188 7 99 99 99 190
510 62 7 174 174 174 191
350 92 4 175 175 175 192
320 12 9 118 118 118 193
338 144 7 154 154 154 194
536 116 7 168 168 168 195
446 86 6 96 96 96 196
200 26 5 52 52 52 197
390 194 5 152 155 153 198
416 20 7 107 107 107 199
530 134 8 132 132 132 200
468 68 6 180 180 180 201
496 58 6 98 98 98 202
336 14 7 132 132 132 203
478 202 4 140 140 140 204
324 28 7 127 127 127 205
510 16 5 145 145 145 206
440 204 8 45 22 37 207
380 46 7 67 67 67 208
510 48 5 167 167 167 209
428 238 10 88 47 74 210
410 36 8 74 74 74 211
462 10 4 218 218 218 212
482 86 6 179 179 179 213
550 140 6 104 104 104 214
444 64 4 129 129 129 215
446 48 5 181 181 181 216
458 30 4 147 147 147 217
460 94 6 125 125 125 218
406 52 6 91 91 91 219
346 46 6 126 126 126 220
356 104 6 205 205 205 221
532 42 5 109 109 109 222
252 46 6 158 158 158 223
472 184 5 110 110 110 224
392 56 8 92 92 92 225
82 468 26 3 111 229 226
296 26 6 142 142 142 227
306 468 28 177 201 253 228
522 68 6 196 196 196 229
522 52 7 196 196 196 230
372 162 4 167 167 167 231
218 314 8 2 13 217 232
352 158 5 149 149 149 233
498 74 7 138 138 138 234
260 8 6 102 102 102 235
368 38 7 70 70 70 236
390 172 6 156 156 156 237
460 54 5 221 221 221 238
546 20 9 52 52 52 239
340 90 6 163 163 163 240
428 62 9 88 88 88 241
258 98 7 166 166 166 242
332 168 9 144 144 144 243
416 190 7 83 61 84 244
554 120 5 139 139 139 245
356 116 5 185 185 185 246
518 40 5 114 114 114 247
330 186 9 72 72 72 248
454 20 6 126 126 126 249
310 26 7 125 125 125 250
544 36 6 55 55 55 251
342 156 5 162 162 162 252
488 14 6 85 85 85 253
400 68 5 122 122 122 254
462 44 5 219 219 219 255
534 58 6 166 166 166 256
326 116 8 224 224 224 257
472 42 4 234 234 234 258
514 230 4 172 172 172 259
534 30 5 77 77 77 260
488 50 5 46 46 46 261
454 62 4 199 199 199 262
238 28 4 61 61 61 263
470 50 4 213 213 213 264
224 52 7 42 42 42 265
204 38 6 44 44 44 266
324 150 6 150 150 150 267
352 34 7 94 94 94 268
318 138 4 126 126 126 269
440 40 4 173 173 173 270
416 160 5 174 174 174 271
342 132 5 113 113 113 272
400 186 7 130 133 131 273
380 178 5 146 146 146 274
440 56 4 148 148 148 275
230 40 5 38 38 38 276
298 120 4 118 118 118 277
470 60 4 196 196 196 278
424 30 5 156 156 156 279
306 136 6 40 40 40 280
500 18 5 119 119 119 281
482 24 5 174 174 174 282
296 96 4 58 58 58 283
562 28 8 45 45 45 284
548 4 7 70 70 70 285
552 172 5 86 86 86 286
444 188 6 48 27 43 287
494 218 6 137 137 137 288
306 92 4 63 63 63 289
472 194 4 133 133 133 290
554 56 7 131 131 131 291
520 26 6 100 100 100 292
244 58 5 116 116 116 293
520 14 5 94 94 94 294
556 152 6 86 86 86 295
465 178 4 123 123 123 296
482 222 6 64 64 64 297
226 66 7 58 58 58 298
420 78 8 120 120 120 299
526 34 4 100 100 100 300
358 272 7 107 25 144 301
544 48 5 111 111 111 302
234 58 4 40 40 40 303
472 210 6 106 106 106 304
540 236 6 145 145 145 305
256 502 24 142 210 255 306
240 40 5 86 86 86 307
498 8 5 135 135 135 308
452 224 7 74 28 41 309
240 70 6 92 92 92 310
466 224 6 139 139 139 311
434 182 5 59 42 58 312
456 196 6 49 23 41 313
420 48 7 73 73 73 314
350 508 29 162 228 179 315
498 38 4 104 104 104 316
222 4 7 79 79 79 317
428 18 4 129 129 129 318
454 208 6 50 20 39 319
450 242 11 77 51 44 320
478 36 4 192 192 192 321
472 30 4 185 185 185 322
560 130 6 105 105 105 323
372 186 6 163 163 163 324
352 18 8 84 84 84 325
246 586 21 88 219 255 326
428 40 4 152 152 152 327
562 142 4 69 69 69 328
336 102 4 146 146 146 329
230 32 4 38 38 38 330
458 82 5 97 97 97 331
332 128 5 40 40 40 332
406 160 4 160 160 160 333
536 246 4 125 125 125 334
428 192 5 54 22 53 335
344 100 4 124 124 124 336
436 162 6 144 144 144 337
288 12 6 126 126 126 338
352 148 4 175 175 175 339
514 242 5 141 141 141 340
452 74 5 104 104 104 341
314 88 4 91 91 91 342
326 140 4 146 146 146 343
482 58 4 46 46 46 344
560 164 6 71 71 71 345
248 18 5 93 93 93 346
312 116 6 57 57 57 347
302 549 27 130 253 255 348
306 608 19 42 254 254 349
554 98 5 174 174 174 350
560 106 4 157 157 157 351
414 132 5 191 191 191 352
480 616 27 0 149 56 353
478 8 5 164 164 164 354
198 16 5 68 68 68 355
444 32 4 194 194 194 356
262 729 19 1 205 206 357
424 172 9 88 88 88 358
306 8 5 103 103 103 359
316 128 6 80 80 80 360
564 64 5 161 161 161 361
322 94 5 137 137 137 362
208 6 5 72 72 72 363
566 88 6 203 203 203 364
483 552 26 1 166 68 365
246 4 7 77 77 77 366
560 14 6 38 38 38 367
450 98 4 122 122 122 368
498 48 4 92 92 92 369
410 470 24 176 217 108 370
438 2 6 154 154 154 371
436 84 4 103 103 103 372
358 178 6 146 146 146 373
400 6 7 58 58 58 374
448 162 4 138 138 138 375
466 18 5 167 167 167 376
492 32 4 56 56 56 377
252 644 22 41 232 255 378
368 6 8 76 76 76 379
264 108 4 186 186 186 380
540 222 7 154 154 154 381
338 112 5 169 169 169 382
422 593 27 2 200 142 383
510 114 4 164 164 164 384
470 477 24 94 165 1 385
322 84 4 139 139 139 386
198 4 5 70 70 70 387
504 108 4 163 163 163 388
538 8 4 70 70 70 389
396 732 9 1 181 152 390
302 106 7 120 120 120 391
482 142 10 164 164 164 392
234 8 5 101 101 101 393
456 2 4 222 222 222 394
294 128 4 118 118 118 395
366 568 29 81 237 212 396
416 534 25 74 209 123 397
370 208 9 87 67 101 398
564 98 4 178 178 178 399
498 242 12 141 141 141 400
446 154 4 199 199 199 401
312 152 6 87 87 87 402
294 4 4 126 126 126 403
360 194 8 86 81 88 404
394 118 4 219 219 219 405
414 4 7 113 113 113 406
450 8 4 174 174 174 407
364 731 8 0 182 152 408
268 70 4 193 193 193 409
272 280 9 68 8 200 410
316 700 13 0 230 231 411
380 158 4 164 164 164 412
194 36 5 42 42 42 413
568 116 8 104 104 104 414
446 172 6 138 138 138 415
434 12 4 141 141 141 416
520 2 6 109 109 109 417
530 12 4 71 71 71 418
270 570 8 86 219 253 419
412 732 8 1 181 152 420
570 74 5 176 176 176 421
542 84 4 172 172 172 422
460 424 26 198 162 2 423
378 740 8 1 181 152 424
230 486 7 106 165 255 425
476 234 7 64 64 64 426
348 206 5 46 43 47 427
430 664 23 0 181 126 428
374 648 24 1 229 192 429
240 84 4 83 83 83 430
568 50 7 116 116 116 431
570 136 5 87 87 87 432
62 440 8 2 64 142 433
254 292 7 6 6 206 434
290 695 13 0 230 231 435
348 196 4 46 43 47 436
332 2 5 121 121 121 437
404 708 11 1 181 152 438
514 258 6 78 78 78 439
388 2 6 47 47 47 440
294 668 13 0 233 226 441
202 60 8 40 40 40 442
382 200 4 90 83 96 443
452 532 11 25 147 64 444
570 16 4 38 38 38 445
462 670 10 0 181 126 446
444 696 12 2 178 124 447
383 534 8 115 228 195 448
440 502 15 15 80 25 449
442 459 10 160 205 84 450
441 393 10 137 108 56 451
327 673 14 0 230 231 452
282 586 11 114 217 253 453
233 616 11 64 225 255 454
235 729 8 0 194 205 455
461 583 11 2 170 64 456
462 514 10 59 156 32 457
458 390 7 160 132 22 458
364 615 10 0 233 194 459
379 715 13 3 183 154 460
357 717 8 3 183 154 461
345 661 7 73 217 199 462
272 669 8 13 224 235 463
452 147 5 190 190 190 464
456 158 4 73 73 73 465
462 147 4 40 40 40 466
459 168 6 151 151 151 467
474 173 6 116 116 116 468
520 123 6 150 150 150 469
443 20 4 73 73 73 470
317 104 6 133 133 133 471
346 176 6 232 232 232 472
370 176 4 154 154 154 473
304 582 7 130 253 255 474
95 434 6 3 80 203 475
88 502 8 6 82 178 476
96 605 7 8 137 230 477
288 738 8 2 207 212 478
417 693 8 23 183 137 479
167 338 8 15 0 200 480
295 641 14 21 243 240 481
342 624 14 30 244 224 482
386 687 15 0 178 147 483
353 695 17 18 180 154 484
222 519 12 93 154 198 485
267 467 11 136 187 249 486
443 630 13 6 174 128 487
459 646 10 1 180 125 488
357 443 27 220 229 202 489
374 476 10 173 229 152 490
394 437 10 212 211 130 491
395 503 12 120 211 156 492
336 542 8 135 228 227 493
69 557 6 19 97 217 494
338 600 11 51 245 230 495
401 670 6 1 229 192 496
434 221 8 68 26 57 497
330 302 7 128 57 199 498
423 433 12 208 191 71 499
252 32 6 124 124 124 500
452 39 5 113 113 113 501
286 119 7 50 50 50 502
194 609 28 45 188 255 503
211 653 18 0 199 255 504
157 569 26 52 167 254 505
125 552 10 37 153 248 506
210 555 26 99 186 252 507
255 545 19 114 217 253 508
219 22 10 29 29 29 509
218 40 6 61 61 61 510
211 51 4 27 27 27 511
215 63 4 31 31 31 512
176 533 13 69 139 255 513
162 629 8 0 172 252 514
294 508 13 177 201 253 515
176 698 10 1 177 247 516
51 554 8 1 96 205 517
202 510 8 113 196 248 518
556 88 4 188 188 188 519
349 5 5 107 107 107 520
408 174 7 75 75 75 521
459 184 4 24 24 24 522
359 405 11 206 192 186 523
320 364 10 178 142 236 524
Neighbours
0 :  27 504 514 516
1 :  10 27 165 411
2 :  189 480
3 :  16 79 476 506
4 :  30 48 51 86 524
5 :  30 39 48 58 228
6 :  12 87 101 451 491 499
7 :  39 189 475
8 :  27 62 103 165
9 :  36 110 133 143 184
10 :  1 55 516
11 :  33 79 477 494 506
12 :  6 17 23 30 73 101 523
13 :  21 25 37
14 :  79 476 494 517
15 :  33 62 103 477
16 :  3 19 63 513 518
17 :  24 73 87 101
18 :  62 477 514
19 :  16 26 42 89
20 :  26 28 42 58 137
21 :  13 17 87 451
22 :  147 357 435 463
23 :  12 24 31 498 524
24 :  23 35 73
25 :  13 35 49 434
26 :  19 20
27 :  0 1 8
28 :  20 48 58
29 :  137 232 480
30 :  4 5 12 86 489 524
31 :  23 43 51 410 498
32 :  438
33 :  11 15 517
34 :  226 490
35 :  24 25 64 98 301
36 :  9 55 147 455
37 :  13 49 320
38 :  352 405
39 :  5 7 433
40 :  144 243 468
41 :  70 271 337
42 :  19 20
43 :  31 98 301 498
44 :  54 59 352
45 :  63 425
46 :  88 93 99 128
47 :  59 67 149 380 388 405
48 :  5 28 86 458
49 :  25 37 64 210
50 :  75 126 392 466
51 :  4 31 232 434
52 :  93 99 152 167 412
53 :  326 349 378 453
54 :  44 66 75 392
55 :  10 36 408
56 :  109 119 172 176 217 227 260 279 322
57 :  74 76 77 121 177 196 213 283
58 :  5 28
59 :  44 47 65 80 104 138 351 391
60 :  40 233 392 412 465 466 467 468
61 :  72 100 102 152 167 337 375
62 :  8 15 18
63 :  425 518
64 :  35 49 85 166
65 :  59 192 289 372
66 :  54 78 152 469
67 :  47 71 138 162 169 289
68 :  383 428 429
69 :  71 382 405
70 :  41 333 352
71 :  67 69 124 130 162 283
72 :  61 122 144
73 :  12 17 24
74 :  57 177 242 336 380
75 :  50 54 107 127 128 246 257 347 414
76 :  57 124 141 242 409
77 :  57 97 150 254 409
78 :  66 267 392
79 :  3 11 14
80 :  59 135 145 195 384
81 :  91 96 129 161 278 442
82 :  84 334 340 439
83 :  136 158 174 188 192 342 364 519
84 :  132 259 305 340 426
85 :  64 98 173 398
86 :  4 48
87 :  6 21 101
88 :  46 246 272 323
89 :  19
90 :  383 396 459
91 :  81 111 158 171 179 240 386
92 :  123 134 161 247 250 270 276 307 327 510
93 :  46 52 323 405
94 :  109 141 223 238
95 :  195 380 414 502
96 :  81 111 161 202 256 293 303 344
97 :  77 81 109 121 134 278 442
98 :  35 85 301
99 :  46 52 152 167 186 339
100 :  61 231 237 333 337 375
101 :  6 17 87
102 :  61 122 190 521
103 :  8 15 378
104 :  59 65 107 126 368 380
105 :  365 383 397
106 :  142 160 182 288
107 :  75 104 126 218 368
108 :  75 127 146 213 218 242 350 399
109 :  56 94 97 134 140 209 216 314 369
110 :  9 478
111 :  91 96 121 178 234 341 386
112 :  148 182 204 288 297
113 :  167 186 271 286 295 333
114 :  182 224 244 290
115 :  452 482 488
116 :  226
117 :  166 170 319 497
118 :  126 195 200 214 245 395
119 :  56 183 187 211 321 413
120 :  348 349 396 474 495
121 :  57 97 111 289 299
122 :  72 102 131 142 144 312
123 :  92 134 155 208 211 225 247
124 :  71 76 83 136 150 331
125 :  135 229 234 299
126 :  50 104 118 332 360 395
127 :  75 108 174 177 221 388 471
128 :  46 75 130 195 246 347
129 :  81 136 153 158 163 361
130 :  71 128 221
131 :  122 142 148 190 313 436
132 :  84 142 160 381
133 :  9 408
134 :  92 97 109 123 227 270 276 327 510
135 :  80 125 174 188 362
136 :  83 124 129 159 168
137 :  20 29 189
138 :  59 65 67 192 299
139 :  245 277 382
140 :  109 209 216 270 275 327 369
141 :  76 94 150 156 201 254 293 310 409
142 :  106 122 131 132 144 170 443
143 :  9 484
144 :  40 122 182 224
145 :  80 108 149 188 195 242 350 368 422
146 :  108 213 331 386 422 430
147 :  22 36 55 455 504 516
148 :  112 131 132 304 381
149 :  47 145 195 350 388
150 :  77 141 162 168 201 225 229
151 :  155 157 253 294 367 379 440
152 :  52 61 66 72 99 167 200 339
153 :  129 168 230 265
154 :  171 179 201 256 291
155 :  123 151 172 175 236 260 322
156 :  141 158 162 169 430
157 :  151 187 199 211 374 509
158 :  83 91 129 156 169 192
159 :  136 234
160 :  106 132 259
161 :  81 92 96 164 205 220 255
162 :  67 150 156 158 169 254
163 :  129 219 241 254 299 361
164 :  56 161 203 205 217 268 279 322
165 :  1 8
166 :  64 117 173 210
167 :  52 61 99 113 200 214 339
168 :  96 136 150 153 202 208 256 303 344
169 :  67 138 156 254 299
170 :  117 142 173 244 273
171 :  91 154 188 229 422
172 :  155 180 183 279 316 377
173 :  85 166 170
174 :  83 127 135 213 234 342 364 519
175 :  155 187 236 325 379 509
176 :  56 187 203 235 253 294 338 367
177 :  57 74 127 283 391 502
178 :  111 215 234 241 341 372
179 :  91 154 361 421 519
180 :  183 197 206 227 250 292
181 :  222 258 284 291 431
182 :  106 112 114 144
183 :  119 172 180 209 211 247 321 413
184 :  9 478
185 :  205 263 279 284 356 470
186 :  99 113 231 233 271 333
187 :  119 157 175 176 235 346 500
188 :  83 125 135 145 171 342
189 :  2 7
190 :  102 131 287
191 :  125 202 209 229 230 241 262
192 :  138 158 240 289 336
193 :  203 205 250 359 416 437
194 :  252 272 343
195 :  75 95 118 128 145 246 257 347
196 :  57 331 368 372
197 :  180 227 250 266 292 355
198 :  273 290 443
199 :  157 211 239 279 318 406
200 :  118 152 167 469
201 :  141 150 154 229 254 278
202 :  96 168 191 261 369
203 :  164 193 253 294 325 367 437
204 :  112 290 304
205 :  92 164 185 193 250 263
206 :  180 281 294 355 445
207 :  287 319 497
208 :  123 168 223 236
209 :  109 140 183 191 216 230 247 314 369
210 :  49 166 320 497
211 :  119 123 157 183 279 314 321 413
212 :  249 376 394
213 :  57 108 146 174
214 :  118 167 295 323 343
215 :  163 178 262 275 361
216 :  109 140 209 270 275 369 501
217 :  164 249 260 279 322 501
218 :  108 331 362 368
219 :  163 225 230 265 314
220 :  161 208 223 268
221 :  127 130 246 336
222 :  230 258 300
223 :  94 208 220 307 500
224 :  114 290 296 468
225 :  123 150 208 219 254 291
226 :  34 116 228 433 476
227 :  56 134 180 197 250 292
228 :  5 226 315 486 489 515
229 :  125 150 171 191 201
230 :  153 191 209 219 222 247 256
231 :  186 337 375 412
232 :  29 51
233 :  60 186 252 339 465
234 :  111 125 159 174 178 191 421
235 :  176 187 308 354 366 389 407
236 :  155 175 208 266 268 316
237 :  100 274 286 358
238 :  94 255 262 278
239 :  199 249 251 260 284 285 367 389 470
240 :  91 158 192 336
241 :  140 163 178 191 275 299 314
242 :  74 76 108 145 350 368 380 399
243 :  40 248 252 467 472
244 :  114 170 273 335
245 :  118 139 277 323 414
246 :  75 88 128 195 221 257
247 :  92 123 183 209 230 270 276 300 307 327 510
248 :  243 324
249 :  217 239 376 407 470
250 :  92 180 197 205 227 292
251 :  222 239 260 302 321 413
252 :  194 233 243
253 :  151 203 282 308 354 367
254 :  77 141 162 163 169 201 225
255 :  161 238 264 501
256 :  96 154 168 230 293 344
257 :  75 195 332 347 360 382 414 471
258 :  181 222 255 264 321
259 :  84 160
260 :  56 172 222 239 251 300
261 :  202 264 344 431
262 :  191 215 238
263 :  185 205 284 330
264 :  255 258 261 278 431
265 :  153 219 276 298 303 510 511
266 :  197 236 316 413 510
267 :  78 194 343 402
268 :  164 220 236 300 325
269 :  343 360
270 :  92 134 140 216 247 276 307 356 510
271 :  41 113 186 333 358
272 :  88 194 332 352
273 :  170 198 324 521
274 :  237 296 324
275 :  140 215 216 241 291
276 :  92 134 247 270 307 327 330 510
277 :  139 245 395 502
278 :  81 97 201 238 264
279 :  164 185 199 211 322 327
280 :  360 432
281 :  206 308 325 346 376
282 :  253 322
283 :  57 71 177 289
284 :  181 185 263 367 445
285 :  239 317 366 387 389 406
286 :  113 237 345 358 415
287 :  190 207 312 313
288 :  106 112 297
289 :  65 121 192 283 342
290 :  114 198 204 224 404
291 :  154 225 275 302 361 431
292 :  180 197 227 250 294 300
293 :  96 141 202 256 303 344
294 :  151 203 206 292 367 417 418
295 :  113 214 328 345 402
296 :  224 274 373 467 468 522
297 :  112 288 381 426
298 :  265 303 310 512
299 :  121 125 138 169 241
300 :  222 247 260 268 292
301 :  35 43 98
302 :  209 251 291 314 369
303 :  96 168 293 298 344
304 :  112 148 204
305 :  84 334 381
306 :  425 449 476 485 486 508 515
307 :  92 134 223 247 270 276 327
308 :  235 253 281 359 389 393 407
309 :  311 320
310 :  141 298
311 :  309 426
312 :  122 287 335 358
313 :  131 287 319 436 522
314 :  109 140 209 211 219 241 302 327 369
315 :  228 490 493 515
316 :  172 183 236 266 369 377
317 :  285 363 393 403 406 509
318 :  199 325 346 376 416
319 :  207 313 398
320 :  37 210 309 400
321 :  119 183 211 258 322 413
322 :  164 217 260 279 282 321
323 :  88 93 214 245 414 432
324 :  274 404 473
325 :  175 203 268 318 346 376 520
326 :  53 419 453 454 507 508
327 :  92 134 140 247 276 279 307 314
328 :  214 295 392 432
329 :  336 382
330 :  263 276 356 377 509
331 :  124 146 196 218 341
332 :  126 257 272 395
333 :  70 100 113 186 271
334 :  82 305
335 :  244 312
336 :  74 221 240 329
337 :  41 61 231 358 375
338 :  176 403 416 418
339 :  99 152 167 233
340 :  82 84 400
341 :  111 178 196 234 331 421
342 :  83 174 188 289 362 364 386 519
343 :  194 214 267 269
344 :  96 168 256 261 303
345 :  286 295
346 :  187 281 318 325 366
347 :  75 95 195 257 360 391 414 471
348 :  120 474 493 508 515
349 :  53 120 453 474 481 495
350 :  108 149 242 351 368 399 519
351 :  59 80 350 399 414
352 :  38 44 70 272
353 :  454 456 487 488
354 :  235 253 359 389 393 407
355 :  197 206 387 445
356 :  185 270 330 377 500 501
357 :  22 455 478
358 :  271 286 312 337 521
359 :  193 235 308 354 389 407
360 :  126 269 280 332 347
361 :  129 163 179 215 291 431
362 :  135 218 342 386 471
363 :  317 374 379 387
364 :  83 179 342 399 519
365 :  105 444 456 506
366 :  235 285 346 387 393 406
367 :  151 176 203 239 284 445
368 :  107 145 196 218 242 350 399
369 :  109 140 202 209 216 302 314 316
370 :  450 490 491 492
371 :  394 416 417 440
372 :  65 178 196 386 422 430
373 :  296 404 472 473
374 :  157 363 406 440
375 :  61 100 231 337 401 415 465
376 :  212 249 281 325
377 :  172 316 330 356 500
378 :  53 103 454 463 504
379 :  151 175 363
380 :  47 74 95 104 388
381 :  132 148 305
382 :  69 139 257 329
383 :  68 90 105 456 487
384 :  80 388
385 :  449 450
386 :  111 146 342 362 372 430
387 :  285 355 363 366 406
388 :  104 127 149 380 384
389 :  235 285 308 359 393 418
390 :  420 424 460
391 :  59 177 283 347
392 :  50 54 60 78 328
393 :  308 317 354 359 366 389 407
394 :  212 407 417 440
395 :  118 126 277 360 502
396 :  90 120 448 493 495
397 :  105 444 448 449 492
398 :  85 117 404 443
399 :  108 242 350 351 364 368
400 :  320 340
401 :  337 375 464
402 :  267 295
403 :  338 366 406
404 :  290 324 373 398 436
405 :  38 47 69 93
406 :  199 285 317 366 374 387 403
407 :  235 249 354 359 389 393 394
408 :  55 133 424 460 461
409 :  76 77 310
410 :  31
411 :  1 435 452
412 :  52 60 231 465
413 :  119 183 197 211 251 266 321
414 :  95 128 245 246 257 347 351
415 :  286 337 375 467
416 :  193 318 338 371 418
417 :  294 371 394
418 :  294 338 389 416
419 :  326 453 508
420 :  390
421 :  179 234 341 361
422 :  145 146 171 372 430
423 :  451 458 499
424 :  36 390 408
425 :  45 63 306
426 :  84 297 311
427 :  436
428 :  68 446 447 479 487 488 496
429 :  68 459 462 482 483
430 :  146 156 372 386 422
431 :  181 261 264 291
432 :  280 323 328
433 :  39 226
434 :  25 51
435 :  22 411 441
436 :  131 313 404 427
437 :  203 417 440
438 :  32 460 479 483
439 :  82
440 :  151 371 374 394 437
441 :  435 463 481
442 :  81 97 511 512
443 :  142 198 398
444 :  365 397 457
445 :  206 355 367
446 :  428
447 :  428
448 :  396 397
449 :  306 385 397 457
450 :  370 385
451 :  6 21 423 458
452 :  115 411 462
453 :  53 419
454 :  326 353 378 503
455 :  36 357
456 :  353 365 383
457 :  444 449
458 :  48 451
459 :  90 429 482
460 :  390 408 438 461 483
461 :  408 460 484
462 :  429 452
463 :  22 378 441
464 :  401 465 466
465 :  233 375 412 464 467
466 :  50 60 464
467 :  60 243 296 415 465
468 :  40 60 224 296
469 :  66 200
470 :  185 239 249
471 :  127 221 257 347 362 391
472 :  243 373
473 :  324 373
474 :  120 348 349
475 :  7
476 :  3 14 226 306
477 :  11 15 18
478 :  110 184 357
479 :  428 438
480 :  2 29
481 :  349 441
482 :  115 459 495
483 :  429 438 460 484 496
484 :  143 435 460 461 483
485 :  306 507 518
486 :  228 306
487 :  353 383 428 488
488 :  115 353 487
489 :  30 228 490 491 523
490 :  34 315 370 489
491 :  6 370 489
492 :  370 397
493 :  315 348 396
494 :  11 14
495 :  120 349 396 482
496 :  428 483
497 :  117 207 210
498 :  23 43
499 :  6 423
500 :  119 187 223 330 356 377
501 :  216 217 255 356
502 :  95 177 277 395
503 :  454 504 505 507 514
504 :  0 147 378 503
505 :  503 506 507 513
506 :  3 11 365 505
507 :  326 485 503 508 513
508 :  306 348 419 507
509 :  157 175 187 317 330 510
510 :  92 134 247 265 266 270 276 509
511 :  265 442
512 :  298 442
513 :  16 505 507
514 :  0 18 503
515 :  228 306 348
516 :  0 10 147
517 :  14 33
518 :  16 63 485
519 :  83 179 188 342 350 364
520 :  325
521 :  102 273 358
522 :  296 313
523 :  12 489
524 :  4 23 30
