166 662 26 3 199 255 0
124 700 23 2 181 232 1
152 368 23 10 50 232 2
120 516 26 6 125 254 3
286 360 25 108 109 253 4
268 426 27 108 135 255 5
402 400 27 223 185 120 6
106 406 24 3 80 203 7
88 660 25 2 162 204 8
322 740 19 1 205 206 9
164 722 18 1 182 204 10
96 572 25 0 130 233 11
360 368 25 215 157 205 12
444 308 22 164 115 59 13
64 524 23 1 96 205 14
64 614 24 0 138 205 15
172 492 26 69 139 255 16
400 336 23 200 115 167 17
128 618 26 2 154 232 18
142 446 25 7 92 232 19
188 410 27 26 70 255 20
448 358 24 187 140 42 21
260 692 17 0 208 224 22
328 332 23 146 100 236 23
364 304 21 139 49 192 24
406 292 18 170 86 134 25
146 408 13 10 50 232 26
128 662 11 0 160 221 27
234 380 27 27 25 255 28
198 340 23 3 41 205 29
154 564 11 52 167 254 30
318 402 27 185 168 242 31
206 654 10 3 200 254 32
294 302 22 68 8 200 33
206 538 13 101 188 254 34
426 714 11 0 183 152 35
52 568 15 2 117 204 36
482 656 13 0 164 107 37
118 476 10 17 94 234 38
382 270 14 104 27 149 39
218 746 15 0 183 204 40
362 442 13 220 229 202 41
448 270 16 124 75 67 42
404 126 7 191 191 191 43
76 426 11 1 81 196 44
490 168 9 169 169 169 45
428 146 11 199 199 199 46
180 450 13 28 74 252 47
330 274 21 111 15 163 48
424 124 7 180 180 180 49
396 674 9 7 199 168 50
220 456 24 106 165 255 51
322 364 9 179 141 239 52
370 132 8 198 198 198 53
402 108 8 201 201 201 54
268 390 8 66 74 251 55
418 262 14 112 62 96 56
464 132 10 178 178 178 57
250 324 25 6 6 206 58
386 148 7 188 188 188 59
270 612 14 43 231 255 60
492 124 8 162 162 162 61
190 740 13 0 186 197 62
280 30 8 199 199 199 63
284 86 10 188 188 188 64
228 418 11 75 101 255 65
420 106 9 196 196 196 66
472 158 9 179 179 179 67
530 162 8 138 138 138 68
92 628 7 16 135 214 69
360 404 10 212 198 192 70
214 496 11 105 177 255 71
396 244 12 107 39 110 72
430 92 6 136 136 136 73
154 526 9 78 162 244 74
508 134 9 150 150 150 75
400 92 7 205 205 205 76
412 632 13 9 226 195 77
386 112 6 208 208 208 78
406 146 8 203 203 203 79
384 96 9 196 196 196 80
512 166 9 152 152 152 81
364 334 8 197 129 216 82
162 626 8 1 169 247 83
272 100 7 171 171 171 84
176 698 8 0 163 225 85
476 116 9 174 174 174 86
120 550 7 23 135 255 87
264 82 9 188 188 188 88
280 68 8 199 199 199 89
500 150 8 162 162 162 90
94 538 8 20 118 220 91
346 606 8 46 233 207 92
522 106 8 174 174 174 93
336 60 8 198 198 198 94
524 250 6 156 156 156 95
362 88 5 194 194 194 96
526 234 8 176 176 176 97
378 228 11 87 38 120 98
284 392 7 139 140 254 99
412 366 8 219 172 104 100
154 696 7 8 148 195 101
354 130 7 166 166 166 102
110 442 7 7 79 203 103
214 574 11 92 208 255 104
384 604 12 53 209 155 105
334 76 8 205 205 205 106
158 600 8 10 175 255 107
314 40 7 143 143 143 108
386 130 8 197 197 197 109
188 570 12 100 181 248 110
264 54 8 207 207 207 111
244 542 10 140 217 255 112
272 116 7 161 161 161 113
320 58 8 193 193 193 114
264 542 9 123 213 244 115
298 60 10 194 194 194 116
358 248 16 96 25 135 117
366 148 7 186 186 186 118
396 162 4 155 155 155 119
394 366 7 221 155 150 120
538 174 6 128 128 128 121
60 644 6 24 137 204 122
438 108 9 174 174 174 123
446 562 10 11 182 83 124
502 210 6 126 126 126 125
456 110 9 183 183 183 126
474 98 8 161 161 161 127
280 48 9 199 199 199 128
504 582 6 7 134 59 129
298 722 10 22 195 211 130
318 74 7 206 206 206 131
486 210 6 150 150 150 132
546 160 6 119 119 119 133
482 190 6 120 120 120 134
328 646 11 61 255 255 135
52 492 11 9 79 192 136
420 208 9 74 28 75 137
544 128 7 133 133 133 138
350 680 9 14 195 174 139
266 36 7 188 188 188 140
290 646 9 47 219 247 141
326 576 11 101 254 255 142
302 78 8 194 194 194 143
522 182 9 136 136 136 144
394 40 8 71 71 71 145
376 82 6 200 200 200 146
512 78 7 196 196 196 147
444 128 10 182 182 182 148
490 104 9 159 159 159 149
370 116 7 207 207 207 150
352 64 8 198 198 198 151
138 482 9 18 101 252 152
370 102 6 211 211 211 153
532 196 7 133 133 133 154
524 218 8 176 176 176 155
500 514 15 14 123 20 156
262 462 9 149 195 253 157
350 746 7 9 205 209 158
298 40 8 169 169 169 159
510 94 8 182 182 182 160
366 72 8 201 201 201 161
192 374 9 0 13 205 162
414 92 6 178 178 178 163
344 120 4 141 141 141 164
434 48 5 159 159 159 165
446 626 8 17 189 133 166
318 506 9 122 235 225 167
254 68 8 176 176 176 168
516 200 9 171 171 171 169
336 716 8 8 194 205 170
502 184 10 158 158 158 171
538 98 9 167 167 167 172
470 84 6 180 180 180 173
218 42 4 50 50 50 174
212 698 27 2 205 232 175
538 210 5 136 136 136 176
548 108 4 167 167 167 177
382 68 7 156 156 156 178
384 14 7 37 37 37 179
520 148 9 144 144 144 180
360 52 6 120 120 120 181
546 68 7 167 167 167 182
382 30 7 48 48 48 183
248 80 4 160 160 160 184
474 384 9 146 126 9 185
400 22 8 78 78 78 186
350 80 7 207 207 207 187
486 72 5 58 58 58 188
510 220 6 124 124 124 189
330 44 9 132 132 132 190
392 80 7 174 174 174 191
412 64 7 108 108 108 192
338 30 7 95 95 95 193
296 504 12 140 192 255 194
94 694 6 11 139 214 195
410 226 10 92 43 87 196
538 148 8 125 125 125 197
372 58 7 137 137 137 198
406 80 6 134 134 134 199
406 200 7 65 28 68 200
534 76 7 174 174 174 201
500 30 4 111 111 111 202
394 214 9 65 36 86 203
496 88 7 187 187 187 204
368 22 7 66 66 66 205
274 14 6 183 183 183 206
288 104 7 62 62 62 207
438 74 6 79 79 79 208
558 76 7 166 166 166 209
510 26 4 156 156 156 210
558 42 5 101 101 101 211
494 198 6 122 122 122 212
508 36 5 154 154 154 213
298 752 7 8 195 210 214
436 28 5 215 215 215 215
362 160 5 153 153 153 216
260 22 7 160 160 160 217
524 88 7 175 175 175 218
118 374 10 0 49 192 219
544 188 5 99 99 99 220
510 62 7 174 174 174 221
350 92 4 175 175 175 222
320 12 9 118 118 118 223
338 144 7 154 154 154 224
536 116 7 168 168 168 225
446 86 6 96 96 96 226
200 26 5 52 52 52 227
390 194 5 152 155 153 228
416 20 7 107 107 107 229
530 134 8 132 132 132 230
488 446 9 86 141 14 231
468 68 4 180 180 180 232
496 58 6 98 98 98 233
336 14 7 132 132 132 234
478 202 4 140 140 140 235
324 28 7 127 127 127 236
510 16 5 145 145 145 237
440 204 8 45 22 37 238
380 46 7 67 67 67 239
510 48 5 167 167 167 240
216 24 7 0 0 0 241
428 238 10 88 47 74 242
410 36 8 74 74 74 243
462 10 4 218 218 218 244
482 86 6 179 179 179 245
550 140 4 104 104 104 246
444 64 4 129 129 129 247
446 48 5 181 181 181 248
458 30 4 147 147 147 249
460 94 6 125 125 125 250
406 52 6 91 91 91 251
346 46 6 126 126 126 252
356 104 6 205 205 205 253
532 42 5 109 109 109 254
252 46 6 158 158 158 255
472 184 5 110 110 110 256
392 56 8 92 92 92 257
82 468 26 3 111 229 258
296 26 6 142 142 142 259
308 468 25 177 201 253 260
522 68 6 196 196 196 261
522 52 7 196 196 196 262
372 162 4 167 167 167 263
218 314 8 2 13 217 264
352 158 5 149 149 149 265
498 74 7 138 138 138 266
260 8 6 102 102 102 267
368 38 7 70 70 70 268
390 172 6 156 156 156 269
460 54 5 221 221 221 270
546 20 6 52 52 52 271
340 90 6 163 163 163 272
428 62 9 88 88 88 273
258 98 6 166 166 166 274
332 168 9 144 144 144 275
416 190 7 33 13 42 276
554 120 5 139 139 139 277
356 116 5 185 185 185 278
518 40 5 114 114 114 279
330 186 9 14 14 14 280
454 20 6 126 126 126 281
310 26 7 125 125 125 282
544 36 6 55 55 55 283
342 156 5 162 162 162 284
488 14 5 85 85 85 285
400 68 5 122 122 122 286
462 44 4 219 219 219 287
556 184 4 77 77 77 288
534 58 6 166 166 166 289
326 116 8 224 224 224 290
472 42 4 234 234 234 291
514 230 4 172 172 172 292
534 30 5 77 77 77 293
488 50 5 46 46 46 294
454 62 4 199 199 199 295
238 28 4 61 61 61 296
470 50 4 213 213 213 297
224 52 6 42 42 42 298
204 38 5 44 44 44 299
324 150 4 150 150 150 300
352 34 7 94 94 94 301
318 138 4 126 126 126 302
440 40 4 173 173 173 303
416 160 5 174 174 174 304
342 132 5 113 113 113 305
400 186 7 130 133 131 306
380 178 5 146 146 146 307
440 56 4 148 148 148 308
230 40 5 38 38 38 309
298 120 4 118 118 118 310
470 60 4 196 196 196 311
424 30 5 156 156 156 312
306 136 5 29 29 29 313
500 18 5 119 119 119 314
482 24 5 174 174 174 315
296 96 4 58 58 58 316
562 28 6 45 45 45 317
548 4 7 70 70 70 318
552 172 5 86 86 86 319
444 188 6 33 20 34 320
494 218 5 137 137 137 321
306 92 4 63 63 63 322
472 194 4 133 133 133 323
554 56 7 131 131 131 324
520 26 6 100 100 100 325
244 58 5 116 116 116 326
520 14 5 94 94 94 327
556 152 6 86 86 86 328
462 178 4 123 123 123 329
482 222 6 64 64 64 330
226 66 4 11 11 11 331
196 608 26 45 188 255 332
420 78 8 120 120 120 333
526 34 4 0 0 0 334
358 272 7 107 25 144 335
544 48 5 111 111 111 336
234 58 4 40 40 40 337
472 210 6 106 106 106 338
540 236 6 145 145 145 339
414 242 4 103 46 115 340
256 502 24 142 210 255 341
240 40 5 86 86 86 342
498 8 4 135 135 135 343
452 224 7 74 28 41 344
240 70 6 92 92 92 345
552 224 4 62 62 62 346
466 224 6 139 139 139 347
434 182 5 25 16 29 348
456 196 6 37 18 35 349
420 48 7 73 73 73 350
354 508 27 162 228 179 351
228 24 4 0 0 0 352
498 38 4 104 104 104 353
222 4 6 79 79 79 354
428 18 4 129 129 129 355
454 208 6 50 20 39 356
450 242 11 77 51 44 357
478 36 4 192 192 192 358
472 30 4 185 185 185 359
560 130 4 105 105 105 360
372 186 6 163 163 163 361
352 18 8 84 84 84 362
244 586 21 88 219 255 363
428 40 4 152 152 152 364
562 142 4 69 69 69 365
336 102 4 0 0 0 366
230 32 4 4 4 4 367
458 82 5 97 97 97 368
332 128 5 40 40 40 369
406 160 4 160 160 160 370
536 246 4 125 125 125 371
428 192 5 54 22 53 372
344 100 4 124 124 124 373
436 162 6 144 144 144 374
288 12 6 126 126 126 375
352 148 4 175 175 175 376
514 242 4 141 141 141 377
452 74 5 104 104 104 378
314 88 4 91 91 91 379
326 140 4 146 146 146 380
482 58 4 17 17 17 381
560 164 6 71 71 71 382
248 18 5 93 93 93 383
312 116 6 57 57 57 384
302 546 27 130 253 255 385
306 608 19 42 254 254 386
554 98 4 174 174 174 387
560 106 4 157 157 157 388
414 132 5 0 0 0 389
480 616 27 0 149 56 390
478 8 4 164 164 164 391
198 16 5 68 68 68 392
444 32 4 0 0 0 393
262 732 19 1 205 206 394
424 172 9 88 88 88 395
216 50 4 0 0 0 396
306 8 5 103 103 103 397
214 58 4 32 32 32 398
208 48 4 44 44 44 399
316 128 6 80 80 80 400
564 64 5 161 161 161 401
322 94 5 137 137 137 402
208 6 5 72 72 72 403
566 88 5 203 203 203 404
484 552 26 1 166 68 405
560 206 5 47 47 47 406
246 4 7 77 77 77 407
560 14 6 38 38 38 408
564 174 4 62 62 62 409
450 98 4 122 122 122 410
498 48 4 92 92 92 411
412 470 24 176 217 108 412
438 2 6 154 154 154 413
436 84 4 0 0 0 414
358 178 6 146 146 146 415
400 6 7 58 58 58 416
448 162 4 21 21 21 417
466 18 4 167 167 167 418
492 32 4 56 56 56 419
252 644 22 41 232 255 420
368 6 8 76 76 76 421
264 108 4 186 186 186 422
540 222 7 154 154 154 423
338 112 5 169 169 169 424
550 232 4 51 51 51 425
424 592 27 2 200 142 426
510 114 4 164 164 164 427
476 482 24 94 165 1 428
322 84 4 139 139 139 429
198 4 5 70 70 70 430
560 196 4 66 66 66 431
504 108 4 163 163 163 432
538 8 4 5 5 5 433
396 732 9 1 181 152 434
302 106 5 120 120 120 435
482 142 10 164 164 164 436
234 8 5 101 101 101 437
456 2 4 222 222 222 438
294 128 4 7 7 7 439
366 568 29 81 237 212 440
416 534 25 74 209 123 441
370 208 8 0 0 0 442
564 98 4 3 3 3 443
498 242 12 0 0 0 444
562 220 6 43 43 43 445
564 188 4 0 0 0 446
446 154 4 199 199 199 447
312 152 5 87 87 87 448
230 520 7 132 161 165 449
294 4 4 0 0 0 450
360 194 8 0 0 0 451
374 762 13 0 0 0 452
394 118 4 219 219 219 453
394 228 4 93 30 92 454
414 4 7 113 113 113 455
450 8 4 5 5 5 456
364 732 8 0 182 152 457
268 70 4 16 16 16 458
272 280 9 1 0 2 459
186 28 5 0 0 0 460
316 700 13 0 230 231 461
380 158 4 164 164 164 462
194 36 5 0 0 0 463
568 116 8 104 104 104 464
446 172 6 138 138 138 465
180 552 7 50 74 86 466
434 12 4 32 32 32 467
206 558 6 101 188 254 468
520 2 6 109 109 109 469
530 12 4 71 71 71 470
270 570 8 86 219 253 471
390 690 8 1 181 152 472
412 732 6 0 0 0 473
166 548 7 52 163 255 474
570 74 5 176 176 176 475
358 698 10 0 184 154 476
316 192 9 0 0 0 477
542 84 4 172 172 172 478
460 424 26 198 162 2 479
378 740 8 1 181 152 480
512 592 7 0 1 0 481
230 486 7 60 84 114 482
230 86 6 0 0 0 483
134 742 6 0 0 0 484
508 468 10 2 0 3 485
36 584 7 7 0 0 486
526 270 10 0 0 0 487
326 244 6 0 0 1 488
146 582 8 42 165 255 489
280 750 6 0 201 202 490
446 716 9 0 0 0 491
332 228 11 0 0 0 492
476 234 7 64 64 64 493
52 658 10 0 0 0 494
348 206 5 1 1 1 495
558 234 4 33 33 33 496
552 252 11 0 0 0 497
202 640 6 0 6 0 498
260 560 6 85 218 255 499
430 664 23 0 181 126 500
392 446 7 211 213 184 501
218 554 6 108 195 255 502
226 544 7 96 191 254 503
374 648 24 1 229 192 504
92 708 8 0 0 0 505
232 558 8 0 1 0 506
240 84 4 11 11 11 507
300 246 9 0 0 0 508
556 272 9 0 0 0 509
568 50 7 116 116 116 510
146 338 8 0 0 4 511
570 136 5 0 0 0 512
496 382 12 0 0 0 513
62 440 8 11 0 3 514
254 292 7 0 0 6 515
270 134 8 0 0 0 516
280 774 16 0 0 0 517
282 484 6 117 132 134 518
290 694 13 0 230 231 519
100 144 10 0 0 0 520
342 442 6 218 221 199 521
348 196 4 6 6 6 522
308 766 8 0 0 1 523
194 296 21 0 0 0 524
176 320 7 0 6 0 525
568 234 6 0 0 0 526
332 2 5 121 121 121 527
404 708 11 1 181 152 528
506 414 20 0 0 0 529
46 300 8 0 0 0 530
514 258 6 0 0 0 531
126 354 6 0 0 1 532
356 462 8 218 227 200 533
388 2 6 10 10 10 534
294 668 13 0 233 226 535
8 346 14 0 0 0 536
296 144 4 0 0 0 537
24 694 7 0 0 0 538
38 466 8 0 0 0 539
70 398 13 0 0 0 540
102 304 10 0 0 0 541
108 276 6 0 0 0 542
114 132 4 0 0 0 543
116 330 16 0 0 0 544
136 248 16 0 0 0 545
202 60 8 0 0 0 546
218 84 6 1 1 1 547
256 126 8 0 0 0 548
316 632 7 48 255 255 549
348 630 7 0 226 188 550
382 200 4 0 0 0 551
392 514 6 12 0 4 552
402 790 13 0 0 0 553
452 532 11 0 25 0 554
468 708 14 0 0 0 555
480 368 9 0 0 3 556
526 488 16 0 0 0 557
534 634 11 0 0 0 558
538 718 8 0 0 0 559
558 634 12 0 0 0 560
570 16 4 0 0 0 561
354 760 7 0 0 0 562
332 604 7 40 247 249 563
328 626 6 35 255 252 564
50 452 8 2 0 1 565
552 418 9 0 0 0 566
454 646 6 0 179 119 567
460 686 6 0 181 126 568
462 670 10 0 181 126 569
32 144 4 6 6 6 570
24 308 9 0 0 0 571
494 692 11 0 0 0 572
164 268 18 0 0 0 573
158 790 10 1 1 1 574
30 630 6 1 1 1 575
16 386 7 0 0 0 576
64 136 8 0 0 0 577
422 442 6 179 210 131 578
174 784 7 0 0 0 579
46 136 9 0 0 0 580
444 696 11 2 178 124 581
164 84 5 0 0 0 582
36 516 6 0 0 3 583
382 534 8 115 228 195 584
388 497 8 5 0 0 585
440 502 15 15 80 25 586
414 433 6 9 8 12 587
399 435 6 220 213 156 588
377 459 9 213 221 198 589
369 476 8 3 4 0 590
386 483 5 0 10 0 591
445 459 10 160 205 84 592
441 393 10 5 15 3 593
327 673 12 0 230 231 594
282 586 11 76 152 148 595
181 531 11 0 1 16 596
203 513 9 38 65 85 597
234 617 10 0 4 11 598
221 639 9 0 3 0 599
277 713 5 0 207 207 600
235 729 8 0 6 21 601
227 664 10 8 85 87 602
341 474 8 194 206 186 603
325 439 8 164 194 253 604
351 423 8 231 237 202 605
461 583 11 2 170 64 606
469 516 10 0 67 1 607
458 391 7 3 1 7 608
364 615 10 0 233 194 609
374 683 9 11 187 158 610
381 714 11 3 183 154 611
357 717 8 3 183 154 612
341 698 6 17 0 2 613
345 661 7 73 217 199 614
272 669 8 0 0 8 615
288 626 6 55 255 255 616
303 634 6 34 255 251 617
307 654 6 14 231 226 618
327 303 6 73 33 164 619
452 147 5 190 190 190 620
456 158 4 73 73 73 621
462 147 4 40 40 40 622
459 168 6 151 151 151 623
474 173 6 116 116 116 624
520 123 6 150 150 150 625
443 20 4 73 73 73 626
317 104 6 133 133 133 627
346 176 6 232 232 232 628
370 176 4 25 25 25 629
428 429 6 16 5 0 630
131 570 10 49 163 247 631
141 547 10 39 159 255 632
171 582 8 78 174 240 633
339 544 7 96 143 141 634
304 582 7 0 59 63 635
406 503 7 0 12 0 636
226 347 5 12 9 239 637
95 434 6 0 0 6 638
88 502 8 6 82 178 639
96 605 7 8 137 230 640
288 739 7 2 207 212 641
417 693 8 23 183 137 642
285 330 5 40 3 113 643
300 331 5 91 18 234 644
430 335 5 157 96 64 645
430 283 6 139 58 83 646
Neighbours
0 :  27 32 83 85 101 498
1 :  8 10 27 101 195 484 505
2 :  26 29 162 219 511 532
3 :  38 74 87 91 152 632 639
4 :  31 52 55 58 99 643 644
5 :  31 55 65 99 157 260
6 :  12 70 100 120 501 578 587 588 593 630
7 :  26 44 103 219 540 638
8 :  18 27 69 122 195 494
9 :  130 158 170 214 523 562 641
10 :  62 85 101 484
11 :  36 87 91 631 640
12 :  6 23 31 52 70 82 120
13 :  25 42 645 646
14 :  36 91 136 583 639
15 :  36 69 122 486 494 575 640
16 :  47 71 74 152 596 597
17 :  24 25 82 100 120 645
18 :  27 69 83 107 489 631 640
19 :  26 38 47 103 152
20 :  26 28 47 65 162
21 :  13 100 185 556 593 608 645
22 :  175 394 519 600 615
23 :  4 12 24 33 52 82 619 644
24 :  17 23 39 48 82 335 619
25 :  13 17 24 39 56 646
26 :  2 7 19 20
27 :  0 1 8 18
28 :  20 29 55 65 162 637
29 :  2 162 264 524 525 637
30 :  474 489 632 633
31 :  4 5 12 52 70 99 521 604 605
32 :  0 498 599 602
33 :  23 48 58 459 515 619 643 644
34 :  449 468 502 503 596 597
35 :  473 491 528
36 :  11 14 15 486
37 :  390 569 572
38 :  3 19 152 258
39 :  24 25 72 117 335
40 :  62 601
41 :  521 533 589 605
42 :  13 56 357 646
43 :  66 109 389 453
44 :  7 514 638
45 :  81 90 134 171 624
46 :  79 148 304 374 389 447
47 :  16 19 20 51
48 :  24 33 117 335 488 508 619
49 :  46 66 148 389
50 :  472 500 504
51 :  5 47 65 71 157 482
52 :  4 23 31
53 :  102 109 118 150
54 :  43 66 76 453
55 :  5 28 99
56 :  25 42 242 340 646
57 :  86 126 148 436 620 622
58 :  4 33 264 515 637 643
59 :  79 109 118 119 462
60 :  363 420 595 616
61 :  75 86 432 436
62 :  10 40 175
63 :  128 140 206 259
64 :  84 88 89 143 207 316
65 :  5 28 51
66 :  49 54 73 123 163
67 :  45 436 621 622 623 624
68 :  81 121 180 197
69 :  8 15 18 640
70 :  12 31 605
71 :  16 449 482 597
72 :  39 56 196 340 454
73 :  66 333 410 414
74 :  3 16 474 596 632
75 :  61 90 180 625
76 :  54 80 163 191 199
77 :  426 500 504
78 :  80 109 150 453
79 :  46 59 370 389 395
80 :  76 78 146 153 191
81 :  68 90 144 171
82 :  12 24
83 :  0 18 332
84 :  64 88 207 274 422
85 :  0 10 175
86 :  57 61 126 149
87 :  3 11 632
88 :  64 168 184 274 458
89 :  64 116 128 458
90 :  45 75 81 436
91 :  3 11 14
92 :  440 550 563 564 609
93 :  160 172 225 427 625
94 :  106 114 151 190
95 :  97 371 377 531
96 :  153 161 187 253
97 :  95 155 292 339 371 377
98 :  117 203 442 454
99 :  4 55
100 :  6 17 21
101 :  0 1 10
102 :  53 164 278 305 376
103 :  19 258 638
104 :  332 363 468 502
105 :  426 440 609
106 :  94 131 187 272 429
107 :  18 332 489 633
108 :  159 190 282
109 :  53 59 79 453
110 :  332 466 468 633
111 :  128 140 168 255
112 :  115 341 503 506
113 :  207 422 439 516
114 :  94 116 131 190
115 :  112 341 385 499
116 :  89 114 128 143 159
117 :  39 98 335 492
118 :  53 59 216 376
119 :  59 269 370 462
120 :  6 17
121 :  68 133 144 220 319
122 :  8 15 494
123 :  66 73 126 148 410
124 :  405 426 441
125 :  169 189 212 321
126 :  86 123 148 250 410
127 :  86 149 173 245 250
128 :  63 89 111 116 159
129 :  390 405 481
130 :  9 461 600 641
131 :  106 114 143 429
132 :  212 235 321 330
133 :  121 197 319 328
134 :  212 256 323 338
135 :  549 550 564 594 618
136 :  14 258 539
137 :  196 200 238 372
138 :  225 230 246 277
139 :  476 594 614
140 :  63 217 255
141 :  420 535 616 617
142 :  385 440 563
143 :  64 116 131 322 379
144 :  81 121 154 169 171
145 :  183 239 243 257
146 :  80 96 161 178 191
147 :  160 261 266
148 :  46 49 57 123
149 :  86 127 204 432
150 :  53 78 153 278
151 :  94 161 181 187
152 :  3 16 19 38
153 :  80 96 150 253
154 :  144 169 176 220
155 :  97 169 189 292 423
156 :  405 428 557
157 :  5 51 341
158 :  9 457 562
159 :  108 116 128 259
160 :  93 147 204 218 432
161 :  146 151 198 222
162 :  2 20 29
163 :  66 73 76 333
164 :  102 278 369 424
165 :  248 303 308 364
166 :  390 426 567
167 :  194 351
168 :  88 111 184 326 345 458
169 :  125 144 154 155 171
170 :  9 461 612 613
171 :  45 144 212
172 :  93 177 218 225 387 478
173 :  127 232 245 368
174 :  241 299 309 337 396
175 :  10 22 32 40 62 85 601 602
176 :  154 155 406 423
177 :  172 225 277 387 388
178 :  191 198 257
179 :  183 186 205 421 534
180 :  68 75 81 197 230
181 :  151 198 252 268
182 :  201 209 289 324
183 :  145 179 186 205 268
184 :  168 274 507
185 :  529 556 608
186 :  179 183 229 243 416
187 :  96 106 151 222
188 :  232 233 245 266 381
189 :  125 155 292
190 :  94 108 114 193 236 252
191 :  76 146 178 199 286
192 :  251 273 286 333
193 :  190 234 236 301
194 :  167 260 341 385
195 :  1 8 505
196 :  72 137 203 242 340 454
197 :  68 133 230 246
198 :  161 178 181 239
199 :  76 163 286 333
200 :  137 203 276 306
201 :  182 218 261 289 478
202 :  210 213 314 353 419
203 :  98 196 200 454 551
204 :  149 160 245 266
205 :  179 183 268 362 421
206 :  63 217 267 375
207 :  64 84 316 435 439
208 :  247 273 378 414
209 :  182 401 404 475 478
210 :  213 237 325 419
211 :  283 317 324 510
212 :  125 132 134 171
213 :  202 210 240 279
214 :  9 517 523 641
215 :  312 355 393 626
216 :  118 263 265 415 629
217 :  140 206 267 342 383
218 :  147 160 172 201
219 :  2 7
220 :  121 154 288 319 431
221 :  147 233 240 261 262
222 :  96 187 253 272 373
223 :  234 236 282 397 527
224 :  284 305 376 380
225 :  138 172 625
226 :  368 410 414
227 :  241 392 399 463
228 :  203 306 307 361 551
229 :  186 243 312 355 455
230 :  138 180 197 625
231 :  428 479
232 :  173 188 295 311 378
233 :  221 266 294 411
234 :  193 223 362 527
235 :  132 323 338
236 :  108 193 223 282
237 :  210 314 327
238 :  137 320 356 372
239 :  145 198 268
240 :  213 221 262 279 411
241 :  174 227 352 354 403
242 :  56 196 340 357
243 :  145 186 312 350
244 :  281 391 418 438
245 :  127 173 188 204
246 :  138 197 328 360 365
247 :  208 295 308 378
248 :  165 249 270 303 308
249 :  248 281 287 291 359 393 418
250 :  127 368 410
251 :  192 257 350
252 :  181 190 301
253 :  96 153 278 373 424
254 :  262 334 336
255 :  111 140 326 342
256 :  134 323 329 349 624
257 :  145 178 239 251 286
258 :  38 44 103 136 514 539 565 638 639
259 :  63 159 282 375 397
260 :  5 157 167 194 518 521 603 604
261 :  147 201 221 262
262 :  221 240 254 279 289
263 :  216 462 629
264 :  58 524
265 :  216 284 376 628
266 :  147 188 204 221
267 :  206 217 407
268 :  181 183 205 239 301
269 :  119 306 307 462
270 :  248 287 295 297 311
271 :  283 317 318 325 334 408 470
272 :  106 187 222 373 402
273 :  165 192 208 247 308 333 350
274 :  84 88 422 507
275 :  280 284 300 628
276 :  200 306 372 395
277 :  138 177 360 464
278 :  102 150 164 253
279 :  213 240 262 334
280 :  275 477 522
281 :  249 393 418 456 626
282 :  108 236 259 397
283 :  211 254 271 293 317 336
284 :  224 265 275 300
285 :  314 315 391
286 :  191 192 199 257
287 :  248 249 270 297 358 359 393
288 :  220 319 409 446
289 :  182 261 262 336
290 :  369 384 400 424 627
291 :  249 287 294 297 358
292 :  97 189 377 444
293 :  254 271 283 327 334 470
294 :  233 297 358 381 419
295 :  232 247 248 270 378
296 :  342 367 383 437
297 :  270 287 291 311 381
298 :  174 309 331 337 396 398
299 :  174 227 241 399 463
300 :  275 284 380 448
301 :  193 252 268 362
302 :  313 369 380 400 448
303 :  165 248 393
304 :  46 79 370 395
305 :  102 164 224 369
306 :  200 228 269 395
307 :  228 263 269 361
308 :  165 247 248 273
309 :  174 298 342 367
310 :  313 384 435 439
311 :  232 270 297 381
312 :  215 229 243 364
313 :  400 439 448 537
314 :  202 237 285 343
315 :  285 359 418 419
316 :  64 207 322 435
317 :  211 271 283 408
318 :  271 408 433
319 :  121 133 220 288 382
320 :  238 329 348 349 465
321 :  125 132 292 444 493
322 :  143 316 379 435 627
323 :  134 235 256 349
324 :  182 336 401 510
325 :  210 327 334
326 :  168 255 337 342
327 :  237 325 469 470
328 :  133 246 365 382
329 :  256 320 349 623
330 :  132 338 493
331 :  337 345 398 483 547
332 :  32 83 104 107 110 498 598 599 633
333 :  73 163 199 273
334 :  254 279 293 325
335 :  24 39 48 117
336 :  211 254 283 289 324
337 :  298 326 331 342
338 :  132 235 347 356
339 :  97 371 423 425 497
340 :  56 72 242
341 :  71 112 115 157 194 449 482 518
342 :  217 255 296 309 326
343 :  285 314 327 469
344 :  347 356 357
345 :  168 331 337 507 547
346 :  423 425 445
347 :  338 344 493
348 :  320 372 395 465
349 :  320 323 329 338 356
350 :  165 243 251 273 364
351 :  167 533 552 584 585 590 591 603 634
352 :  241 367 383 437
353 :  202 213 411 419
354 :  241 403 437
355 :  215 229 467 626
356 :  238 338 344 349
357 :  42 242 344 493
358 :  291 294 315 359 419
359 :  249 297 315 358 418
360 :  246 277 365 512
361 :  307 451 551 629
362 :  205 234 301
363 :  60 104 471 499 502 506 595 598
364 :  165 215 312 350
365 :  246 328 360 512
366 :  373 402 424
367 :  174 296 309 352
368 :  173 226 232 250 378
369 :  164 290 305 380
370 :  79 119 304
371 :  95 339 497
372 :  137 238 276 348
373 :  253 272 366
374 :  46 395 417 620
375 :  63 206 259 450
376 :  102 118 224 265
377 :  95 97 292 444
378 :  208 226 232 247 295 368
379 :  143 322 402 429
380 :  224 300 302 369
381 :  188 294 297 311
382 :  319 328 409
383 :  217 296 407
384 :  290 310 400 435 627
385 :  115 142 167 194 471 499 595 634 635
386 :  60 142 549 563 564 595 616 617 635
387 :  172 177 388 443
388 :  177 387 443 464
389 :  43 46 49 79
390 :  37 129 166 481 567 606
391 :  244 285 359 418
392 :  227 241 430 460
393 :  215 249 287 303
394 :  22 130 490 600 601 641
395 :  276 304 348 374
396 :  174 298 398 399
397 :  223 450
398 :  331 337 396 546
399 :  299 396 546
400 :  302 313 369 384
401 :  209 324 510
402 :  272 366 379 429 627
403 :  241 354 430
404 :  209 443
405 :  124 129 156 554 606 607
406 :  176 423 431 445
407 :  267 383 437
408 :  271 317 318 561
409 :  288 382 446
410 :  126 226 250
411 :  233 240 353
412 :  501 578 585 586 587 588 589 590 591 592 630 636
413 :  455 456 467
414 :  73 208 226
415 :  216 451 628 629
416 :  186 455 534
417 :  374 447 465 621
418 :  244 281 315 359 391
419 :  202 315 353 358
420 :  60 141 598 599 602 615 616
421 :  179 205 362
422 :  84 113 274 548
423 :  155 176 339 346
424 :  164 278 290 366
425 :  339 346 496
426 :  77 105 124 166 441 606
427 :  93 432 625
428 :  156 231 485 586 592 607
429 :  131 272 379 402
430 :  392 403
431 :  220 406 446
432 :  149 160 427
433 :  271 318 469 470
434 :  473 480 528 611
435 :  207 310 322 384
436 :  57 61 67 90
437 :  296 352 354 407
438 :  244 456
439 :  113 310 313 516 537
440 :  92 105 142 563 584 609 634
441 :  124 552 554 584 585 586 636
442 :  98 451 551
443 :  387 388 404
444 :  292 321 377 493 531
445 :  346 406 526
446 :  288 409 431
447 :  374 417 620
448 :  275 300 302 313 537
449 :  34 71 112 341 503
450 :  375 397
451 :  361 415 442 522
452 :  480 553 562
453 :  43 54 78 109
454 :  72 98 203
455 :  229 416 467
456 :  244 281 413 438
457 :  158 480 611 612
458 :  88 89
459 :  33 515
460 :  392 463
461 :  130 170 519 594 613
462 :  59 118 119 263 269
463 :  227 299 460 546
464 :  277 388 512
465 :  320 374 417 623
466 :  110 474 596
467 :  355 413 455 626
468 :  34 104 110 502
469 :  327 343
470 :  271 293 327 334 433
471 :  363 385 499 595
472 :  50 528 610
473 :  35 434
474 :  30 74 466 596
475 :  209 401 404
476 :  139 610 611 612 613
477 :  280
478 :  172 201 209
479 :  185 231 529 578 587 592 593 608 630
480 :  434 452 457
481 :  129 390
482 :  51 71 341
483 :  331 345 507 547
484 :  10
485 :  231 428 557
486 :  15 36
487 :  497 531
488 :  48 492 508
489 :  30 107 631 633
490 :  394 517 641
491 :  35 555 581
492 :  117 488 495
493 :  330 347 357 444
494 :  8 122
495 :  280 492 522
496 :  425 445 497 526
497 :  339 371 425 487 496 509
498 :  32 332 599
499 :  115 471 506
500 :  50 77 166 567 568 569 581 642
501 :  412 588 589
502 :  34 468 503
503 :  34 112 449 502 506
504 :  50 77 105 135 139 472 550 609 610 614
505 :  1 195
506 :  112 363 502 503
507 :  184 274 345 483
508 :  48 488
509 :  487 497
510 :  211 324 475
511 :  2 544
512 :  360 365 464
513 :  185 529 556
514 :  44 258 565
515 :  58 459
516 :  113 439 548
517 :  214 490 523
518 :  157 260 341
519 :  22 130 461 535 600
520 :  543
521 :  41 604
522 :  280 451 495 628
523 :  214 517
524 :  29 264 525 573
525 :  29
526 :  445 496
527 :  234
528 :  35 472 611 642
529 :  231 479 513
530 :  571
531 :  95 444 487
532 :  2 544
533 :  41 590 603
534 :  179 416
535 :  141 519 594 615 618
536 : 
537 :  313 439 448
538 : 
539 :  136 565
540 :  7
541 :  542 544
542 :  541
543 :  520
544 :  511 532 541
545 :  573
546 :  398 399 463 547
547 :  331 483 546
548 :  113 516
549 :  135 386 564 617 618
550 :  504 564
551 :  203 228 361 442
552 :  441 585
553 :  452
554 :  405 441 607
555 :  491 568 572 581
556 :  21 185 513
557 :  156 485
558 :  560
559 : 
560 :  558
561 :  408
562 :  158 452
563 :  92 142 386 564
564 :  549 550 563
565 :  514 539
566 : 
567 :  166 390 500
568 :  569 581
569 :  37 500 568
570 :  580
571 :  530
572 :  37 555
573 :  524 545
574 :  579
575 :  15
576 : 
577 :  580
578 :  412 587 630
579 :  574
580 :  570 577
581 :  491 500 568
582 : 
583 :  14
584 :  351 440 441
585 :  351 552 591 636
586 :  412 428 441
587 :  6 578 588 630
588 :  6 501 587
589 :  41 412 590
590 :  351 533 589 591
591 :  412 585 590
592 :  412 428 479
593 :  6 21 608
594 :  135 139 461 535 614
595 :  60 386 471
596 :  16 34 74 466
597 :  16 34 71 449
598 :  332 363 420
599 :  32 420
600 :  22 130 394
601 :  40 175 394
602 :  32 175 420
603 :  260 351 533
604 :  31 260 521 605
605 :  31 41 70 604
606 :  390 405 426
607 :  428 554 586
608 :  185 479 593
609 :  92 105 504
610 :  472 476 504 611
611 :  434 528 610 612
612 :  170 457 476 611
613 :  170 461 476 594
614 :  135 139 504 594
615 :  22 420 535
616 :  60 141 386
617 :  141 549 616 618
618 :  135 535 617
619 :  23 48
620 :  148 447 621 622
621 :  417 620 623
622 :  57 67 620 621
623 :  67 329 465 621
624 :  45 67 256 329
625 :  75 93 225 230 427
626 :  215 281 456 467
627 :  290 322 366 384 402 435
628 :  265 275 415 522
629 :  263 361 415
630 :  479 578
631 :  11 489 632
632 :  3 30 631
633 :  30 107 110
634 :  351 385 440
635 :  385 386 595
636 :  412 441 585
637 :  28 29 58
638 :  7 103 258
639 :  3 14 258
640 :  11 15 18
641 :  130 214 490
642 :  472 500 528
643 :  4 33 644
644 :  4 23 643
645 :  13 17 21
646 :  25 42
