BoardStartEnd
4 999
166 662 24 3 199 255 0
124 700 21 2 181 232 1
152 368 23 10 50 232 2
120 516 24 6 125 254 3
286 360 23 108 109 253 4
268 426 24 108 135 255 5
402 400 24 223 185 120 6
106 406 24 3 80 203 7
88 660 23 2 162 204 8
322 740 18 1 205 206 9
164 722 16 1 182 204 10
96 572 23 0 130 233 11
360 368 23 215 157 205 12
444 308 20 164 115 59 13
64 524 23 1 96 205 14
64 614 21 0 138 205 15
172 492 24 69 139 255 16
400 336 22 200 115 167 17
128 618 24 2 154 232 18
142 446 23 7 92 232 19
188 410 24 26 70 255 20
448 358 24 187 140 42 21
260 692 10 0 208 224 22
328 332 20 146 100 236 23
364 304 20 139 49 192 24
406 292 16 170 86 134 25
146 408 9 10 50 232 26
128 662 9 0 160 221 27
234 380 24 27 25 255 28
198 340 23 3 41 205 29
154 564 11 52 167 254 30
318 402 24 185 168 242 31
206 654 9 3 200 254 32
294 302 21 68 8 200 33
206 538 13 101 188 254 34
426 714 9 0 183 152 35
52 568 14 2 117 204 36
482 656 9 0 164 107 37
118 476 7 17 94 234 38
382 270 13 104 27 149 39
218 746 10 0 183 204 40
362 442 13 220 229 202 41
448 270 14 124 75 67 42
404 126 7 191 191 191 43
76 426 7 1 81 196 44
490 168 8 169 169 169 45
428 146 9 199 199 199 46
180 450 9 28 74 252 47
330 274 19 111 15 163 48
424 124 7 180 180 180 49
396 674 6 7 199 168 50
220 456 15 106 165 255 51
322 364 7 179 141 239 52
370 132 6 198 198 198 53
402 108 6 201 201 201 54
268 390 6 66 74 251 55
418 262 13 112 62 96 56
464 132 9 178 178 178 57
250 324 23 6 6 206 58
386 148 7 188 188 188 59
270 612 6 43 231 255 60
492 124 7 162 162 162 61
190 740 11 0 186 197 62
280 30 7 199 199 199 63
284 86 7 188 188 188 64
228 418 9 75 101 255 65
420 106 7 196 196 196 66
28 484 13 16 16 16 67
472 158 9 179 179 179 68
530 162 7 138 138 138 69
92 628 6 16 135 214 70
360 404 8 212 198 192 71
214 496 10 105 177 255 72
396 244 11 107 39 110 73
430 92 6 136 136 136 74
154 526 7 78 162 244 75
508 134 7 150 150 150 76
400 92 6 205 205 205 77
412 632 7 9 226 195 78
386 112 6 208 208 208 79
406 146 8 203 203 203 80
384 96 6 196 196 196 81
512 166 8 152 152 152 82
364 334 7 197 129 216 83
94 604 5 28 138 228 84
162 626 6 1 169 247 85
272 100 6 171 171 171 86
176 698 6 0 163 225 87
476 116 8 174 174 174 88
120 550 6 23 135 255 89
264 82 9 188 188 188 90
280 68 8 199 199 199 91
500 150 7 162 162 162 92
94 538 6 20 118 220 93
346 606 6 46 233 207 94
522 106 6 174 174 174 95
336 60 6 198 198 198 96
524 250 6 156 156 156 97
362 88 5 194 194 194 98
526 234 7 176 176 176 99
378 228 11 87 38 120 100
284 392 6 139 140 254 101
412 366 6 219 172 104 102
154 696 6 8 148 195 103
354 130 5 166 166 166 104
110 442 6 7 79 203 105
214 574 6 92 208 255 106
384 604 6 53 209 155 107
334 76 6 205 205 205 108
158 600 6 10 175 255 109
314 40 6 143 143 143 110
386 130 7 197 197 197 111
188 570 6 100 181 248 112
396 434 5 215 204 136 113
264 54 7 207 207 207 114
402 764 12 18 18 18 115
244 542 7 140 217 255 116
272 116 5 161 161 161 117
320 58 7 193 193 193 118
264 542 7 123 213 244 119
396 500 5 112 224 147 120
298 60 8 194 194 194 121
358 248 14 96 25 135 122
366 148 7 186 186 186 123
396 162 4 155 155 155 124
394 366 6 221 155 150 125
538 174 6 128 128 128 126
60 644 6 24 137 204 127
438 108 8 174 174 174 128
342 540 5 134 246 236 129
446 562 6 11 182 83 130
288 578 5 71 228 248 131
502 210 4 126 126 126 132
456 110 8 183 183 183 133
474 98 6 161 161 161 134
232 612 5 38 201 255 135
280 48 8 199 199 199 136
504 582 6 7 134 59 137
298 722 6 22 195 211 138
166 762 15 16 16 16 139
318 74 7 206 206 206 140
382 536 5 126 236 194 141
486 210 3 150 150 150 142
546 160 5 119 119 119 143
482 190 4 120 120 120 144
328 646 6 61 255 255 145
52 492 6 9 79 192 146
420 208 7 74 28 75 147
172 112 18 16 16 16 148
492 274 21 16 16 16 149
544 128 6 133 133 133 150
350 680 6 14 195 174 151
266 36 7 188 188 188 152
324 438 5 164 192 255 153
420 430 5 214 189 87 154
290 646 6 47 219 247 155
326 576 6 101 254 255 156
302 78 7 194 194 194 157
522 182 8 136 136 136 158
394 40 7 71 71 71 159
438 496 5 54 193 58 160
436 390 4 222 171 75 161
376 82 6 200 200 200 162
456 518 5 0 167 15 163
512 78 6 196 196 196 164
172 528 5 78 158 253 165
444 128 9 182 182 182 166
490 104 7 159 159 159 167
370 116 5 207 207 207 168
352 64 6 198 198 198 169
138 482 7 18 101 252 170
370 102 5 211 211 211 171
532 196 6 133 133 133 172
524 218 6 176 176 176 173
26 612 12 16 16 16 174
500 514 7 14 123 20 175
262 462 7 149 195 253 176
502 228 3 117 117 117 177
136 146 22 16 16 16 178
350 746 6 9 205 209 179
298 40 7 169 169 169 180
336 302 4 152 42 200 181
510 94 6 182 182 182 182
366 72 6 201 201 201 183
192 374 6 0 13 205 184
414 92 6 178 178 178 185
344 120 4 141 141 141 186
434 48 3 159 159 159 187
446 626 6 17 189 133 188
318 506 6 122 235 225 189
378 472 5 161 226 140 190
254 68 6 176 176 176 191
516 200 8 171 171 171 192
336 716 6 8 194 205 193
300 330 4 83 11 225 194
502 184 8 158 158 158 195
538 98 6 167 167 167 196
470 84 5 180 180 180 197
218 42 4 50 50 50 198
536 448 24 16 16 16 199
212 698 14 2 205 232 200
228 348 4 11 22 226 201
70 554 3 9 97 211 202
538 210 5 136 136 136 203
548 108 4 167 167 167 204
382 68 5 156 156 156 205
384 14 7 37 37 37 206
520 148 7 144 144 144 207
360 52 5 120 120 120 208
546 68 6 167 167 167 209
382 30 7 48 48 48 210
248 80 4 160 160 160 211
474 384 6 146 126 9 212
400 22 7 78 78 78 213
350 80 6 207 207 207 214
88 502 5 6 82 178 215
486 72 4 58 58 58 216
510 220 4 124 124 124 217
322 302 4 82 22 206 218
330 44 7 132 132 132 219
392 80 5 174 174 174 220
412 64 6 108 108 108 221
338 30 6 95 95 95 222
296 504 6 140 192 255 223
94 694 6 11 139 214 224
256 354 4 18 28 230 225
410 226 10 92 43 87 226
538 148 6 125 125 125 227
372 58 5 137 137 137 228
302 432 5 143 153 254 229
406 80 4 134 134 134 230
406 200 6 65 28 68 231
338 180 2 175 175 175 232
534 76 6 174 174 174 233
500 30 3 111 111 111 234
394 214 8 65 36 86 235
496 88 6 187 187 187 236
368 22 7 66 66 66 237
332 154 2 151 151 151 238
400 562 5 84 219 175 239
272 472 3 159 202 245 240
274 14 6 183 183 183 241
288 104 5 62 62 62 242
438 74 6 79 79 79 243
558 76 5 166 166 166 244
510 26 4 156 156 156 245
558 42 5 101 101 101 246
342 470 5 231 246 219 247
494 198 5 122 122 122 248
508 36 4 154 154 154 249
298 752 6 8 195 210 250
436 28 5 215 215 215 251
280 328 4 67 13 186 252
362 160 4 153 153 153 253
260 22 6 160 160 160 254
524 88 6 175 175 175 255
118 374 6 0 49 192 256
544 188 4 99 99 99 257
510 62 6 174 174 174 258
350 92 3 175 175 175 259
320 12 7 118 118 118 260
338 144 4 154 154 154 261
536 116 6 168 168 168 262
446 86 6 96 96 96 263
200 26 4 52 52 52 264
390 194 5 152 155 153 265
416 20 6 107 107 107 266
216 638 3 0 196 253 267
530 134 6 132 132 132 268
488 446 6 86 141 14 269
468 68 2 180 180 180 270
186 464 3 20 71 255 271
496 58 5 98 98 98 272
336 14 6 132 132 132 273
478 202 4 140 140 140 274
324 28 6 127 127 127 275
510 16 4 145 145 145 276
440 204 6 45 22 37 277
380 46 6 67 67 67 278
510 48 4 167 167 167 279
216 24 4 0 0 0 280
504 52 2 11 11 11 281
428 238 9 88 47 74 282
410 36 7 74 74 74 283
462 10 3 218 218 218 284
482 86 5 179 179 179 285
550 140 4 104 104 104 286
444 64 3 129 129 129 287
446 48 3 181 181 181 288
458 30 4 147 147 147 289
460 94 4 125 125 125 290
464 328 4 144 100 11 291
406 52 6 91 91 91 292
346 46 6 126 126 126 293
166 340 5 18 11 192 294
356 104 5 205 205 205 295
532 42 5 109 109 109 296
452 38 3 138 138 138 297
252 46 6 158 158 158 298
230 730 4 0 195 220 299
472 184 4 110 110 110 300
392 56 6 92 92 92 301
82 468 24 3 111 229 302
296 26 6 142 142 142 303
308 468 25 177 201 253 304
522 68 6 196 196 196 305
522 52 6 196 196 196 306
124 584 4 12 139 255 307
372 162 4 167 167 167 308
218 314 6 2 13 217 309
352 158 4 149 149 149 310
498 74 6 138 138 138 311
260 8 6 102 102 102 312
368 38 6 70 70 70 313
390 172 3 156 156 156 314
460 54 3 221 221 221 315
546 20 6 52 52 52 316
448 456 5 131 188 35 317
340 90 4 163 163 163 318
46 592 4 0 113 209 319
428 62 6 88 88 88 320
258 98 4 166 166 166 321
332 168 2 144 144 144 322
336 174 3 175 175 175 323
192 440 3 16 72 255 324
66 586 4 18 124 231 325
274 700 3 4 224 230 326
316 146 3 163 163 163 327
428 332 4 198 120 53 328
348 168 2 201 201 201 329
462 62 2 208 208 208 330
252 452 3 154 193 237 331
460 70 2 180 180 180 332
416 190 6 33 13 42 333
554 120 5 139 139 139 334
356 116 4 185 185 185 335
518 40 5 114 114 114 336
330 186 6 14 14 14 337
372 174 2 178 178 178 338
324 166 2 193 193 193 339
454 20 4 126 126 126 340
310 26 6 125 125 125 341
544 36 6 55 55 55 342
526 20 2 0 0 0 343
342 156 4 162 162 162 344
488 14 4 85 85 85 345
400 68 5 122 122 122 346
462 44 3 219 219 219 347
556 184 4 77 77 77 348
534 58 6 166 166 166 349
326 116 8 224 224 224 350
302 274 4 59 0 180 351
200 572 3 110 192 233 352
472 42 3 234 234 234 353
514 230 4 172 172 172 354
534 30 5 77 77 77 355
490 22 2 74 74 74 356
488 50 3 46 46 46 357
206 732 3 0 180 212 358
454 62 3 199 199 199 359
238 28 4 61 61 61 360
470 50 3 213 213 213 361
224 52 4 42 42 42 362
204 38 4 44 44 44 363
324 150 2 150 150 150 364
352 34 7 94 94 94 365
276 456 3 152 190 244 366
318 138 4 126 126 126 367
440 40 4 173 173 173 368
416 160 4 174 174 174 369
342 132 4 113 113 113 370
400 186 5 130 133 131 371
380 178 4 146 146 146 372
170 436 3 22 72 255 373
140 724 4 3 152 196 374
440 56 3 148 148 148 375
428 282 4 158 70 93 376
230 40 4 38 38 38 377
214 424 3 66 92 255 378
298 120 4 118 118 118 379
182 366 3 0 6 237 380
470 60 3 196 196 196 381
424 30 4 156 156 156 382
114 462 4 13 93 234 383
306 136 3 29 29 29 384
500 18 4 119 119 119 385
482 24 4 174 174 174 386
204 370 3 11 9 229 387
296 96 3 58 58 58 388
384 164 3 153 153 153 389
192 642 3 2 206 231 390
562 28 6 45 45 45 391
548 4 7 70 70 70 392
552 172 4 86 86 86 393
346 110 3 184 184 184 394
444 188 5 33 20 34 395
494 218 4 137 137 137 396
306 92 3 63 63 63 397
338 164 2 199 199 199 398
534 256 3 99 99 99 399
472 194 3 133 133 133 400
554 56 6 131 131 131 401
520 26 6 100 100 100 402
244 58 4 116 116 116 403
322 160 2 170 170 170 404
520 14 5 94 94 94 405
556 152 5 86 86 86 406
462 178 3 123 123 123 407
482 222 4 64 64 64 408
226 66 4 11 11 11 409
302 646 3 50 237 241 410
196 608 19 45 188 255 411
450 56 3 181 181 181 412
116 648 3 0 134 212 413
46 548 3 2 92 223 414
420 78 7 120 120 120 415
526 34 4 0 0 0 416
358 272 6 107 25 144 417
544 48 5 111 111 111 418
416 702 3 0 165 135 419
462 170 3 157 157 157 420
234 58 4 40 40 40 421
472 210 6 106 106 106 422
186 722 4 0 194 221 423
218 666 3 0 189 221 424
264 296 5 60 4 169 425
294 134 2 124 124 124 426
540 236 4 145 145 145 427
414 242 3 103 46 115 428
256 502 24 142 210 255 429
240 40 4 86 86 86 430
498 8 4 135 135 135 431
452 224 7 74 28 41 432
240 70 4 92 92 92 433
552 224 4 62 62 62 434
454 166 3 154 154 154 435
466 224 6 139 139 139 436
330 160 2 156 156 156 437
434 182 4 25 16 29 438
456 196 4 37 18 35 439
330 90 2 152 152 152 440
420 48 6 73 73 73 441
354 508 24 162 228 179 442
228 24 4 0 0 0 443
498 38 3 104 104 104 444
222 4 6 79 79 79 445
428 18 4 129 129 129 446
454 208 5 50 20 39 447
450 242 11 77 51 44 448
478 36 4 192 192 192 449
138 648 3 0 143 218 450
136 396 3 0 48 242 451
434 628 2 60 197 166 452
472 30 4 185 185 185 453
390 308 3 207 110 167 454
458 38 3 6 6 6 455
344 736 2 60 216 199 456
560 130 4 105 105 105 457
372 186 4 163 163 163 458
352 18 7 84 84 84 459
332 374 2 178 151 224 460
88 432 3 0 64 201 461
350 174 3 208 208 208 462
244 586 17 88 219 255 463
226 622 3 49 202 231 464
428 40 4 152 152 152 465
476 174 3 162 162 162 466
562 142 3 69 69 69 467
160 614 3 22 178 214 468
336 102 2 0 0 0 469
470 580 2 23 165 94 470
230 32 4 4 4 4 471
444 12 3 131 131 131 472
458 82 5 97 97 97 473
136 674 3 0 148 220 474
276 622 2 82 253 251 475
332 128 3 40 40 40 476
406 160 3 160 160 160 477
116 674 3 0 159 219 478
536 246 3 125 125 125 479
418 312 3 195 93 88 480
348 394 2 188 183 174 481
428 192 3 54 22 53 482
260 572 3 88 221 255 483
386 288 2 154 52 153 484
176 540 2 98 162 226 485
344 100 3 124 124 124 486
436 162 3 144 144 144 487
288 12 6 126 126 126 488
356 724 3 0 182 152 489
378 248 3 106 35 145 490
314 96 2 130 130 130 491
216 404 2 70 107 245 492
352 148 4 175 175 175 493
200 508 2 132 193 255 494
514 242 4 141 141 141 495
188 268 4 16 16 16 496
488 182 2 151 151 151 497
180 580 2 150 209 249 498
452 74 5 104 104 104 499
464 76 3 201 201 201 500
460 288 4 125 76 32 501
314 88 3 91 91 91 502
326 140 3 146 146 146 503
482 58 3 17 17 17 504
560 164 4 71 71 71 505
272 532 2 175 236 232 506
248 18 5 93 93 93 507
312 116 6 57 57 57 508
400 170 2 152 152 152 509
198 670 3 3 207 254 510
246 704 3 1 208 230 511
302 546 21 130 253 255 512
306 608 19 42 254 254 513
314 644 3 91 255 255 514
554 98 3 174 174 174 515
340 596 2 106 247 228 516
560 106 4 157 157 157 517
160 396 2 38 58 223 518
414 132 5 0 0 0 519
372 410 3 241 227 229 520
242 612 2 105 239 249 521
480 616 25 0 149 56 522
372 394 2 206 200 195 523
478 8 3 164 164 164 524
288 738 4 0 206 210 525
100 636 2 75 172 206 526
198 16 4 68 68 68 527
270 678 3 0 206 226 528
282 656 3 83 232 229 529
366 178 2 175 175 175 530
474 14 2 217 217 217 531
468 26 2 164 164 164 532
444 32 4 0 0 0 533
262 732 18 1 205 206 534
424 172 9 88 88 88 535
218 584 3 95 210 231 536
216 50 4 0 0 0 537
226 74 3 3 3 3 538
356 708 3 1 181 152 539
306 8 4 103 103 103 540
248 470 3 158 195 247 541
214 58 3 32 32 32 542
208 48 4 44 44 44 543
316 128 6 80 80 80 544
216 12 3 10 10 10 545
320 176 3 214 214 214 546
564 64 5 161 161 161 547
204 484 2 105 170 231 548
322 94 4 137 137 137 549
86 544 2 26 126 228 550
208 6 4 72 72 72 551
566 88 5 203 203 203 552
484 552 21 1 166 68 553
168 462 3 26 83 255 554
492 646 3 56 159 131 555
400 262 3 134 36 132 556
560 206 4 47 47 47 557
246 4 6 77 77 77 558
180 708 3 17 162 184 559
378 140 2 176 176 176 560
560 14 5 38 38 38 561
242 410 3 52 95 234 562
98 436 3 58 108 208 563
194 514 4 0 12 24 564
298 732 2 84 222 211 565
424 630 3 75 247 219 566
564 174 4 62 62 62 567
308 100 2 129 129 129 568
450 98 4 122 122 122 569
406 168 2 159 159 159 570
498 48 4 92 92 92 571
224 510 3 106 171 226 572
470 172 3 166 166 166 573
318 168 2 193 193 193 574
222 566 2 99 202 234 575
148 596 2 0 163 216 576
132 324 3 18 18 18 577
412 470 24 176 217 108 578
172 44 3 16 16 16 579
148 686 3 20 160 196 580
180 380 4 1 0 231 581
426 160 3 155 155 155 582
438 2 5 154 154 154 583
436 84 4 0 0 0 584
358 178 6 146 146 146 585
348 412 2 206 200 195 586
106 544 3 31 147 248 587
150 512 2 59 154 228 588
366 472 3 221 246 218 589
158 420 3 0 42 234 590
400 6 7 58 58 58 591
568 720 18 16 16 16 592
448 162 4 21 21 21 593
428 384 3 218 200 159 594
12 708 2 16 16 16 595
466 18 3 167 167 167 596
492 32 3 56 56 56 597
252 644 15 41 232 255 598
412 116 2 201 201 201 599
342 192 3 147 147 147 600
372 604 2 88 209 181 601
368 6 8 76 76 76 602
324 516 2 186 243 244 603
530 572 6 16 16 16 604
268 588 3 86 217 255 605
548 180 3 0 0 0 606
264 108 3 186 186 186 607
244 562 3 86 217 255 608
334 654 3 116 255 253 609
402 270 3 146 54 149 610
408 644 2 71 229 212 611
540 222 3 154 154 154 612
242 140 4 16 16 16 613
482 44 2 168 168 168 614
236 428 3 88 110 246 615
338 250 3 90 10 147 616
252 90 2 173 173 173 617
338 112 5 169 169 169 618
418 356 2 218 188 153 619
236 550 2 182 255 253 620
550 232 4 51 51 51 621
468 6 3 141 141 141 622
144 534 2 53 164 236 623
380 420 4 49 46 42 624
486 154 2 147 147 147 625
424 592 24 2 200 142 626
370 90 3 1 1 1 627
388 546 2 196 255 246 628
220 716 3 0 203 230 629
284 588 2 142 242 236 630
130 390 4 38 49 111 631
450 572 3 45 179 107 632
340 704 2 26 212 190 633
384 676 2 13 197 167 634
510 114 4 164 164 164 635
458 184 3 14 14 14 636
476 482 18 94 165 1 637
202 382 4 13 18 240 638
142 492 3 27 109 244 639
322 84 4 139 139 139 640
198 4 4 70 70 70 641
560 196 4 66 66 66 642
238 530 2 158 222 240 643
504 108 4 163 163 163 644
538 8 4 5 5 5 645
420 374 3 232 206 169 646
346 690 3 38 191 170 647
554 24 3 0 0 0 648
396 732 6 1 181 152 649
394 554 3 128 222 205 650
184 560 3 97 174 206 651
184 688 2 68 197 224 652
330 446 2 211 246 255 653
302 106 4 120 120 120 654
390 490 3 160 216 163 655
570 178 3 0 0 0 656
482 142 10 164 164 164 657
414 724 2 48 196 172 658
506 524 3 46 132 54 659
454 592 3 19 156 88 660
152 636 3 19 190 228 661
260 268 3 16 16 16 662
282 570 2 175 255 255 663
318 152 2 184 184 184 664
90 370 4 17 17 17 665
332 586 2 148 255 251 666
484 178 2 188 188 188 667
286 130 3 145 145 145 668
272 552 2 177 249 243 669
370 538 2 188 252 233 670
234 8 5 101 101 101 671
442 230 2 60 45 53 672
60 306 3 18 18 18 673
76 498 2 17 79 185 674
188 786 4 18 18 18 675
456 2 4 222 222 222 676
124 382 2 45 64 179 677
26 356 4 18 18 18 678
316 354 3 195 162 229 679
292 226 4 16 16 16 680
228 708 4 0 204 229 681
296 112 3 139 139 139 682
400 662 2 54 214 190 683
496 136 2 154 154 154 684
294 128 4 7 7 7 685
20 684 3 18 18 18 686
204 140 4 16 16 16 687
366 568 24 81 237 212 688
278 126 3 133 133 133 689
326 496 2 168 227 223 690
502 2 3 0 0 0 691
416 534 24 74 209 123 692
334 358 3 171 137 224 693
370 208 4 0 0 0 694
180 522 2 79 160 241 695
488 514 2 38 133 52 696
564 98 4 3 3 3 697
498 242 12 0 0 0 698
496 576 4 2 7 10 699
332 430 2 207 227 245 700
550 114 2 0 0 0 701
562 220 5 43 43 43 702
168 592 3 6 179 235 703
564 188 4 0 0 0 704
274 604 2 84 226 221 705
446 154 4 199 199 199 706
354 602 3 11 0 5 707
308 508 4 141 174 177 708
312 152 4 87 87 87 709
264 378 2 113 113 243 710
444 506 2 92 196 103 711
78 414 4 0 77 205 712
282 636 3 73 246 242 713
238 680 3 0 3 1 714
90 512 2 7 73 176 715
314 436 2 191 195 236 716
258 398 2 85 75 221 717
314 576 2 131 255 247 718
298 742 2 6 197 188 719
288 496 2 160 217 218 720
288 514 2 144 200 211 721
360 140 2 199 199 199 722
230 520 6 132 161 165 723
468 518 2 19 83 17 724
454 634 3 39 168 141 725
226 686 2 11 211 240 726
226 668 3 0 4 10 727
294 4 4 0 0 0 728
94 526 3 53 139 223 729
470 646 3 0 154 120 730
360 194 6 0 0 0 731
374 762 10 0 0 0 732
256 36 3 0 0 0 733
402 624 2 101 242 225 734
402 684 2 45 216 190 735
392 612 2 101 225 203 736
394 118 4 219 219 219 737
394 228 3 93 30 92 738
456 580 3 4 167 69 739
414 4 6 113 113 113 740
450 8 4 5 5 5 741
104 600 2 72 164 223 742
252 566 4 88 219 255 743
134 588 4 53 152 204 744
364 732 6 0 182 152 745
506 570 5 48 136 83 746
130 544 3 73 162 223 747
164 426 2 26 45 112 748
112 454 2 84 127 208 749
390 158 3 73 73 73 750
268 70 4 16 16 16 751
340 458 3 0 3 0 752
388 428 2 206 205 184 753
56 588 2 57 145 205 754
222 324 3 14 0 205 755
306 502 2 155 180 184 756
82 632 2 70 170 204 757
272 280 8 1 0 2 758
102 488 4 0 0 28 759
386 526 2 156 226 213 760
186 28 4 0 0 0 761
478 396 3 148 140 33 762
134 418 3 0 16 235 763
316 700 8 0 230 231 764
226 602 2 112 236 244 765
338 200 5 220 220 220 766
290 20 2 0 0 0 767
380 158 4 164 164 164 768
288 404 2 167 164 219 769
96 616 2 95 181 227 770
194 36 4 0 0 0 771
286 710 5 0 3 0 772
384 482 2 192 232 191 773
546 212 3 69 69 69 774
552 300 9 20 20 20 775
462 386 2 156 126 21 776
568 116 7 104 104 104 777
446 172 2 138 138 138 778
180 552 6 50 74 86 779
278 552 4 80 138 143 780
434 12 4 32 32 32 781
190 680 4 0 1 1 782
560 316 2 8 8 8 783
168 558 4 50 166 251 784
448 550 2 56 185 116 785
206 558 6 101 188 254 786
520 2 6 109 109 109 787
342 616 2 100 238 220 788
556 136 3 0 0 0 789
204 466 4 106 161 255 790
164 250 3 16 16 16 791
268 660 4 39 232 252 792
262 760 4 0 200 196 793
430 6 2 8 8 8 794
450 512 3 66 114 66 795
530 12 2 71 71 71 796
270 570 7 86 219 253 797
434 442 5 13 2 10 798
434 562 2 71 185 125 799
114 594 3 0 0 8 800
288 756 3 87 212 193 801
440 552 3 0 11 0 802
390 690 6 1 181 152 803
412 732 6 0 0 0 804
356 716 3 3 183 154 805
556 178 2 33 33 33 806
122 562 3 66 152 218 807
124 366 3 0 27 188 808
338 666 4 4 13 16 809
338 424 4 10 13 18 810
148 308 20 16 16 16 811
334 634 2 95 255 242 812
548 510 4 16 16 16 813
166 548 6 52 163 255 814
168 580 4 70 172 255 815
330 696 4 0 234 234 816
570 74 3 176 176 176 817
358 698 7 0 184 154 818
208 722 4 8 206 234 819
212 628 4 45 194 244 820
216 590 2 0 14 20 821
374 326 2 155 119 195 822
316 192 6 0 0 0 823
542 84 4 172 172 172 824
240 476 4 18 49 70 825
240 716 4 5 0 2 826
312 162 5 132 132 132 827
460 424 24 198 162 2 828
456 474 3 94 170 0 829
256 612 3 113 255 250 830
378 740 7 1 181 152 831
452 600 4 4 0 0 832
192 556 3 101 188 254 833
512 592 7 0 1 0 834
468 588 5 0 28 0 835
230 486 7 60 84 114 836
230 86 5 0 0 0 837
134 742 6 0 0 0 838
430 402 4 25 15 0 839
508 468 10 2 0 3 840
360 676 5 0 4 0 841
232 440 4 106 171 255 842
36 584 6 7 0 0 843
118 590 3 30 102 144 844
526 270 7 0 0 0 845
326 244 6 0 0 1 846
52 636 2 70 174 209 847
544 742 2 18 18 18 848
464 148 3 10 10 10 849
406 442 5 175 197 132 850
308 722 4 0 3 7 851
284 742 2 0 203 204 852
340 752 4 11 190 169 853
146 582 8 42 165 255 854
322 716 2 84 235 226 855
22 512 3 0 0 0 856
282 270 3 0 0 0 857
322 584 3 0 0 7 858
140 546 3 41 157 251 859
280 750 6 0 201 202 860
566 156 2 7 7 7 861
558 92 3 39 39 39 862
108 378 4 33 50 190 863
460 552 3 0 171 72 864
278 666 4 9 4 3 865
218 648 4 6 4 0 866
476 668 2 29 156 125 867
446 716 7 0 0 0 868
302 574 4 0 4 0 869
450 614 3 52 127 111 870
274 672 3 18 76 75 871
406 498 2 175 235 201 872
332 228 11 0 0 0 873
332 526 4 0 0 4 874
538 680 22 16 16 16 875
476 234 5 64 64 64 876
448 466 5 75 107 50 877
174 630 3 0 29 34 878
470 322 4 0 0 8 879
160 578 4 58 163 254 880
552 238 2 18 18 18 881
296 422 2 203 190 244 882
156 174 4 17 17 17 883
182 630 3 24 180 239 884
52 658 10 0 0 0 885
102 448 4 0 0 32 886
292 442 2 210 206 248 887
302 142 2 88 88 88 888
96 494 2 48 109 207 889
248 678 4 21 3 4 890
348 206 3 1 1 1 891
378 482 3 2 10 9 892
458 454 2 158 201 68 893
274 264 5 12 12 12 894
492 582 2 70 146 104 895
564 288 3 59 59 59 896
162 586 4 41 157 244 897
558 234 4 33 33 33 898
182 310 3 0 0 0 899
500 500 4 0 60 0 900
486 436 4 108 148 53 901
154 90 4 19 19 19 902
456 568 4 7 0 6 903
100 622 4 0 0 14 904
456 464 3 96 168 0 905
146 476 3 0 2 32 906
190 716 3 4 9 12 907
348 452 3 218 227 200 908
552 252 7 0 0 0 909
194 664 4 11 12 16 910
566 38 3 90 90 90 911
554 108 2 8 8 8 912
340 4 3 69 69 69 913
202 640 6 0 6 0 914
260 560 6 85 218 255 915
476 508 5 93 165 0 916
430 664 23 0 181 126 917
476 450 2 105 152 53 918
352 538 2 214 255 255 919
124 274 6 16 16 16 920
116 666 4 27 8 0 921
414 140 2 39 39 39 922
392 446 6 211 213 184 923
218 554 6 108 195 255 924
354 326 2 178 135 198 925
114 432 3 11 3 4 926
386 592 4 13 92 73 927
436 398 3 5 0 6 928
226 544 7 96 191 254 929
374 648 23 1 229 192 930
228 308 4 18 0 200 931
92 708 8 0 0 0 932
232 558 6 0 1 0 933
314 524 4 136 253 255 934
234 686 3 33 229 239 935
410 564 2 109 215 198 936
234 744 4 0 4 0 937
234 772 3 18 18 18 938
258 666 4 46 234 253 939
238 134 2 18 18 18 940
238 350 2 44 41 221 941
238 436 3 5 6 2 942
238 566 4 87 226 255 943
34 682 3 17 17 17 944
240 84 4 11 11 11 945
444 394 4 0 0 7 946
382 462 2 229 237 214 947
300 246 8 0 0 0 948
280 6 3 0 0 0 949
382 208 3 5 0 1 950
358 606 3 78 233 212 951
528 726 2 20 20 20 952
108 636 3 0 22 46 953
108 362 4 0 0 0 954
364 722 4 0 184 154 955
364 746 4 0 0 14 956
404 650 4 5 0 4 957
374 454 4 220 228 205 958
556 618 4 16 16 16 959
556 272 6 0 0 0 960
382 512 4 163 224 180 961
384 620 5 0 221 186 962
568 50 5 116 116 116 963
396 572 2 153 239 221 964
522 580 4 2 2 2 965
554 324 4 18 18 18 966
2 372 11 16 16 16 967
42 340 19 16 16 16 968
42 646 4 19 19 19 969
14 294 7 18 18 18 970
508 690 3 17 17 17 971
146 338 8 0 0 4 972
570 136 5 0 0 0 973
158 402 4 2 0 7 974
158 468 4 11 0 0 975
498 532 3 1 163 61 976
496 382 6 0 0 0 977
168 294 2 19 19 19 978
58 146 4 18 18 18 979
172 306 4 16 16 16 980
62 440 6 11 0 3 981
190 126 3 2 2 2 982
190 524 4 102 187 255 983
192 472 4 0 0 25 984
66 678 5 0 2 0 985
198 478 2 185 224 255 986
200 776 10 16 16 16 987
206 438 4 89 150 243 988
74 684 5 0 0 0 989
228 644 4 39 230 255 990
232 664 4 25 227 244 991
242 660 4 41 232 255 992
244 292 4 4 0 1 993
254 272 2 14 14 14 994
254 292 6 0 0 6 995
256 752 2 3 199 209 996
258 140 4 15 15 15 997
270 634 5 41 229 255 998
270 134 8 0 0 0 999
280 774 11 0 0 0 1000
282 484 6 117 132 134 1001
442 512 3 0 42 0 1002
286 526 3 128 251 249 1003
440 452 4 61 85 27 1004
26 546 5 18 18 18 1005
290 694 10 0 230 231 1006
290 794 6 18 18 18 1007
292 628 4 40 255 255 1008
294 436 4 91 91 103 1009
298 260 3 0 0 1 1010
28 506 3 0 0 0 1011
302 514 4 0 5 10 1012
96 326 2 20 20 20 1013
426 418 5 5 3 0 1014
426 750 16 9 9 9 1015
100 144 10 0 0 0 1016
532 22 2 40 40 40 1017
332 558 5 9 0 3 1018
336 550 2 131 189 184 1019
342 442 6 218 221 199 1020
348 196 4 6 6 6 1021
350 662 4 3 218 197 1022
352 332 4 4 2 0 1023
354 414 4 157 149 150 1024
308 766 7 0 0 1 1025
526 294 2 18 18 18 1026
380 686 5 1 183 153 1027
80 318 13 16 16 16 1028
244 440 4 170 181 178 1029
240 782 2 19 19 19 1030
540 284 3 18 18 18 1031
6 702 4 14 14 14 1032
378 428 4 229 233 208 1033
228 340 4 3 3 27 1034
318 650 3 0 0 3 1035
222 134 2 16 16 16 1036
532 402 3 12 12 12 1037
22 258 15 16 16 16 1038
474 700 4 0 1 0 1039
6 182 2 19 19 19 1040
476 686 4 9 0 6 1041
562 330 3 3 3 3 1042
70 298 4 0 0 0 1043
68 714 4 16 16 16 1044
200 720 3 0 205 224 1045
196 762 4 0 0 0 1046
194 296 8 0 0 0 1047
354 612 4 12 1 3 1048
484 580 4 0 4 4 1049
184 544 3 95 185 249 1050
180 266 4 16 16 16 1051
370 620 2 0 231 192 1052
176 320 7 0 6 0 1053
404 504 4 0 7 0 1054
176 356 4 2 3 0 1055
490 456 4 28 49 0 1056
174 30 2 14 14 14 1057
568 234 6 0 0 0 1058
332 2 4 121 121 121 1059
160 56 14 14 14 14 1060
550 498 3 12 12 12 1061
502 370 4 19 19 19 1062
16 598 5 0 0 0 1063
52 316 7 16 16 16 1064
404 708 7 1 181 152 1065
506 414 19 0 0 0 1066
510 632 3 0 0 0 1067
46 300 6 0 0 0 1068
44 372 13 16 16 16 1069
514 258 6 0 0 0 1070
12 678 6 16 16 16 1071
126 354 6 0 0 1 1072
122 732 5 0 0 0 1073
118 760 18 14 14 14 1074
394 600 5 53 185 149 1075
356 462 8 218 227 200 1076
406 428 3 2 6 0 1077
388 2 6 10 10 10 1078
386 788 3 18 18 18 1079
294 668 11 0 233 226 1080
8 346 9 0 0 0 1081
296 144 4 0 0 0 1082
294 762 4 0 0 3 1083
298 192 4 15 15 15 1084
442 612 3 66 217 177 1085
282 564 4 6 2 7 1086
96 360 2 19 19 19 1087
346 596 4 24 3 11 1088
264 752 2 0 202 208 1089
16 652 18 16 16 16 1090
24 694 6 0 0 0 1091
34 284 4 2 2 2 1092
38 466 8 0 0 0 1093
44 636 5 0 0 0 1094
58 286 9 6 6 6 1095
66 690 5 0 0 0 1096
70 398 13 0 0 0 1097
78 704 4 3 3 3 1098
88 274 3 19 19 19 1099
98 158 3 17 17 17 1100
98 724 4 15 15 15 1101
102 304 7 0 0 0 1102
108 276 6 0 0 0 1103
110 170 7 16 16 16 1104
112 314 5 16 16 16 1105
114 132 4 0 0 0 1106
116 330 6 0 0 0 1107
128 344 4 0 0 3 1108
136 248 11 0 0 0 1109
136 562 4 49 168 253 1110
138 106 4 15 15 15 1111
186 644 3 0 1 7 1112
194 284 3 2 2 2 1113
194 694 4 0 203 230 1114
200 502 4 11 26 45 1115
202 60 7 0 0 0 1116
204 304 3 0 3 0 1117
218 84 4 1 1 1 1118
230 752 3 3 0 18 1119
244 276 8 14 14 14 1120
254 538 4 122 149 146 1121
256 126 8 0 0 0 1122
276 680 3 0 0 12 1123
282 628 5 0 1 4 1124
300 220 3 15 15 15 1125
306 710 5 4 229 231 1126
316 632 7 48 255 255 1127
348 630 7 0 226 188 1128
354 476 4 0 9 5 1129
382 200 4 0 0 0 1130
392 514 6 12 0 4 1131
396 578 4 12 2 2 1132
396 618 5 11 2 5 1133
402 790 6 0 0 0 1134
406 690 4 0 2 0 1135
438 482 3 14 9 0 1136
444 732 3 19 19 19 1137
446 498 3 0 8 0 1138
452 532 6 0 25 0 1139
468 708 6 0 0 0 1140
468 452 4 0 0 3 1141
474 314 3 0 0 0 1142
478 336 4 0 0 7 1143
480 368 9 0 0 3 1144
500 674 6 19 19 19 1145
508 498 4 5 0 6 1146
516 656 11 16 16 16 1147
526 488 16 0 0 0 1148
534 634 7 0 0 0 1149
538 718 7 0 0 0 1150
542 262 4 0 0 0 1151
548 752 9 16 16 16 1152
552 594 19 14 14 14 1153
558 634 8 0 0 0 1154
558 662 3 18 18 18 1155
570 16 4 0 0 0 1156
354 760 6 0 0 0 1157
66 416 5 1 1 1 1158
546 622 3 2 2 2 1159
332 704 2 89 239 233 1160
332 604 6 40 247 249 1161
328 626 6 35 255 252 1162
308 656 4 0 231 229 1163
296 272 2 1 0 33 1164
50 452 6 2 0 1 1165
48 696 4 2 2 2 1166
436 728 5 0 0 0 1167
438 406 4 208 165 0 1168
290 172 4 16 16 16 1169
552 418 9 0 0 0 1170
288 448 3 0 12 15 1171
276 714 4 6 202 208 1172
270 154 10 14 14 14 1173
40 536 4 0 4 5 1174
454 390 4 1 9 8 1175
454 646 6 0 179 119 1176
244 746 5 0 208 208 1177
460 504 4 93 162 0 1178
460 686 6 0 181 126 1179
462 670 10 0 181 126 1180
36 164 15 16 16 16 1181
464 462 5 96 172 7 1182
226 680 4 0 207 228 1183
224 332 4 9 0 0 1184
222 474 3 104 163 255 1185
558 430 4 1 1 1 1186
32 144 4 6 6 6 1187
198 452 4 118 171 255 1188
192 508 2 28 54 94 1189
28 420 24 16 16 16 1190
188 280 4 0 0 0 1191
186 158 17 14 14 14 1192
6 510 11 16 16 16 1193
180 276 4 0 0 0 1194
490 324 4 2 2 2 1195
492 466 4 89 160 0 1196
24 308 8 0 0 0 1197
494 692 11 0 0 0 1198
164 268 6 0 0 0 1199
496 640 2 0 4 0 1200
158 790 6 1 1 1 1201
158 240 2 16 16 16 1202
500 486 4 93 164 0 1203
502 316 3 17 17 17 1204
504 634 3 0 2 0 1205
146 780 4 17 17 17 1206
510 384 2 17 17 17 1207
564 492 8 14 14 14 1208
564 684 3 1 1 1 1209
132 330 3 15 15 15 1210
518 308 14 16 16 16 1211
4 282 6 16 16 16 1212
124 186 5 19 19 19 1213
118 320 2 18 18 18 1214
116 110 11 14 14 14 1215
526 560 5 16 16 16 1216
108 350 4 0 0 0 1217
102 260 11 16 16 16 1218
536 734 8 15 15 15 1219
86 152 6 16 16 16 1220
82 726 6 14 14 14 1221
10 582 11 16 16 16 1222
396 700 4 3 183 154 1223
402 640 5 0 7 0 1224
370 260 3 24 0 26 1225
366 394 4 206 204 203 1226
30 630 6 1 1 1 1227
378 242 3 9 0 6 1228
8 328 3 15 15 15 1229
344 586 4 78 235 214 1230
16 386 7 0 0 0 1231
64 136 8 0 0 0 1232
28 378 4 0 0 0 1233
418 778 4 0 0 0 1234
518 702 3 17 17 17 1235
10 614 4 0 0 0 1236
520 388 9 16 16 16 1237
520 718 5 23 23 23 1238
420 692 4 0 180 129 1239
326 660 4 0 230 224 1240
422 442 6 179 210 131 1241
122 260 5 0 0 0 1242
308 788 13 16 16 16 1243
362 788 13 16 16 16 1244
4 610 3 0 0 0 1245
178 22 4 14 14 14 1246
178 12 5 14 14 14 1247
174 784 6 0 0 0 1248
174 794 4 0 0 0 1249
48 680 4 0 0 0 1250
24 458 4 18 18 18 1251
46 136 9 0 0 0 1252
286 234 6 14 14 14 1253
444 524 4 69 202 116 1254
282 248 9 14 14 14 1255
444 696 6 2 178 124 1256
496 360 4 16 16 16 1257
164 84 3 0 0 0 1258
498 306 4 1 1 1 1259
20 468 5 0 0 0 1260
150 216 3 17 17 17 1261
246 458 3 4 20 36 1262
6 490 4 3 3 3 1263
36 516 6 0 0 3 1264
236 626 4 43 230 251 1265
234 282 4 16 16 16 1266
34 704 7 14 14 14 1267
84 120 11 14 14 14 1268
230 760 5 1 1 1 1269
82 716 4 14 14 14 1270
224 768 5 14 17 15 1271
216 282 5 14 14 14 1272
Neighbours
0 :  27 32 85 87 103 390 450 474 510 580 652 661 782 878 884 910 1112
1 :  27 103 224 374 474 478 580 921 932 1073
2 :  26 256 294 380 451 518 581 631 677 808 972 974 1055 1072 1108
3 :  38 75 89 93 170 215 587 588 623 639 715 729 747 759 859 889
4 :  31 52 55 58 101 194 225 252 679 710
5 :  55 65 101 176 229 331 366 562 615 717 769 882 887 942 1009 1029 1171
6 :  102 113 125 154 161 520 523 594 624 646 753 839 928 1014 1033 1077 1168 1226
7 :  26 44 105 256 451 461 563 631 677 712 763 863 926 1097
8 :  27 70 127 224 413 478 526 757 885 921 953 985 989 1096
9 :  138 179 193 250 456 565 719 851 853 855 1025
10 :  62 87 103 139 374 423 559 907
11 :  36 84 89 93 202 307 325 550 587 742 800 807 844
12 :  6 52 71 83 125 460 481 523 693 1023 1226
13 :  21 42 291 328 376 480 501 879 1142
14 :  36 93 146 202 215 414 550 674 715 729 1174 1264
15 :  70 84 127 174 319 325 754 757 770 847 1094
16 :  47 72 75 165 170 271 494 548 554 564 588 639 695 906 975 983 984 986 1115 1189
17 :  12 83 102 125 328 454 480 619 822
18 :  70 84 85 109 307 413 450 468 526 576 661 742 744 770 800 844 854 904 953
19 :  26 38 47 105 170 373 383 554 590 748 749 763 906 926 975
20 :  26 47 65 184 324 373 378 492 518 581 590 638 748 974 988
21 :  102 161 212 291 328 594 619 646 776 946 1143 1144 1175
22 :  326 511 528 890 1123
23 :  33 52 83 181 194 218 679 693 925 1023
24 :  23 39 48 83 181 417 454 484 822 925 1023
25 :  39 56 376 454 480 484 610
26 :  451 590 763 974
27 :  0 413 450 474 478 921
28 :  29 55 65 201 225 387 492 562 638 710 717 941
29 :  184 201 294 309 380 387 755 899 1034 1053 1055 1184
30 :  784 814 815 854 859 880 1110
31 :  52 101 153 229 460 481 586 700 716 769 810 882 1024
32 :  424 510 866 910 914
33 :  23 48 58 194 218 252 351 425 758 1164
34 :  786 833 924 929 983 1050
35 :  419 658 868 1167
36 :  11 202 319 325 414 754 843
37 :  555 730 867
38 :  3 19 170 302 383
39 :  24 25 73 417 484 490 556 610 1225
40 :  299 358 937 1119 1269
41 :  908 958 1020 1033 1076
42 :  56 149 376 448 501
43 :  54 111 519 599 737
44 :  461 712 981 1158
45 :  68 82 92 195 466 497 625 667
46 :  166 487 582 706 922
47 :  271 324 373 554 1188
48 :  33 181 218 351 417 616 846
49 :  46 66 128 166 519
50 :  634 683 735 803 917 930
51 :  790 825 842 942 988 1029 1185 1188 1262
52 :  4 31 460 679 693
53 :  104 111 123 168 560
54 :  66 77 81 599 737
55 :  101 710 717
56 :  25 42 73 282 376 428 556 610
57 :  88 133 166 657 849
58 :  4 33 201 225 252 309 425 755 931 941 993 995 1034 1184
59 :  80 111 123 560 750 768
60 :  475 705 830
61 :  76 88 167 657 684
62 :  40 139 358 423 1046
63 :  136 152 241 303
64 :  86 90 91 157 242 388
65 :  378 492 562 615
66 :  49 54 74 128 185 599
67 :  146 1011 1093 1260 1263
68 :  45 420 466 573 625 657 849
69 :  82 126 143 158 207 227
70 :  8 526 757 904
71 :  481 520 523 586 1024 1226
72 :  494 548 572 836 1115
73 :  39 56 100 226 428 490 556 738 1228
74 :  66 128 185 415 584
75 :  165 588 623
76 :  61 92 207 268 635 684
77 :  54 81 185 220 230
78 :  566 611 734 917 1224
79 :  81 168 171 737
80 :  46 59 477 922
81 :  54 77 79 162 171 220
82 :  45 69 92 158 195 207
83 :  12 24 822 925 1023
84 :  11 15 742 770
85 :  18 468 661 878
86 :  64 90 117 242 321 607
87 :  0 559 652 1114
88 :  57 61 133 134 167
89 :  3 587 747 807
90 :  64 86 191 211 321 617 751
91 :  64 114 121 136 751
92 :  45 76 82 207 657
93 :  14 550 587 729
94 :  516 707 788 951 1048 1088 1161
95 :  182 196 255 262 635
96 :  108 118 169 219 293
97 :  99 399 479 495 845 1070
98 :  171 183 214 259 295 627
99 :  97 173 354 427 612
100 :  73 122 235 490 694 738 950 1228
101 :  4 55 769
102 :  6 125 619 646
103 :  1 10 580
104 :  53 186 335 370 493 722
105 :  19 563 749 886 926
106 :  352 536 575 786
107 :  601 736 927 962 1075
108 :  96 140 169 214 318
109 :  468 576 703
110 :  118 180 219 275 341
111 :  43 53 59 168 560 737
112 :  352 498 651 786
113 :  753 850 923 1077
114 :  136 152 191 298 751
115 :  732 1015 1134 1234
116 :  620 643 929 1121
117 :  607 689 1122
118 :  96 110 121 140 219
119 :  429 506 669 915 1121
120 :  655 1054 1131
121 :  91 118 136 157 180
122 :  100 417 490 616 873 1225 1228
123 :  53 253 493 722 768
124 :  314 477 509 750
125 :  6 12 17 102
126 :  69 143 158 606
127 :  8 15 847 885
128 :  49 66 74 133 166 569
129 :  442 688 874 919 1019
130 :  626 632 799 802 864 903
131 :  630 663 869
132 :  142 192 217 248 396
133 :  57 88 128 166 569
134 :  88 133 167 197 285 290
135 :  463 464 521 765 1265
136 :  63 91 114 121 180
137 :  699 746 834 895
138 :  565 772 851 1126
139 :  10 62 1201 1206 1248
140 :  108 118 157 640
141 :  628 670 688 692 760
142 :  248 274 396 408
143 :  69 126 227 393 406 505
144 :  248 274 300 400 497
145 :  609 812 1035 1127
146 :  14 67 302
147 :  226 231 277 333
148 :  178 902 982 1258
149 :  42 501 698 845 1070 1259
150 :  227 262 268 286 334
151 :  647 809 818 841 1022
152 :  63 114 136 254 733
153 :  31 304 653 700 716 1020
154 :  850 1014 1077 1241
155 :  410 529 713 1008 1080
156 :  666 718 858 1018
157 :  64 91 121 140 397
158 :  82 126 172 192 195
159 :  210 213 278 283 292 301
160 :  1002 1136 1138
161 :  21 594 928 946
162 :  81 183 205 220 627
163 :  724 795 1139 1178
164 :  182 255 305 311
165 :  16 75 485 695 814
166 :  46 49 57 128 133
167 :  61 88 134 236 644
168 :  53 79 111 171 295 335
169 :  96 108 183 208 214 293
170 :  3 38 639 906
171 :  79 81 168 295 627
172 :  158 192 203 257
173 :  99 192 203 217 612
174 :  15 1063 1227 1236 1245
175 :  659 696 900
176 :  240 331 366 429 541
177 :  217 354 396 698
178 :  148 883 1016 1104 1106 1215
179 :  456 745 853 956 1157
180 :  63 110 121 136 303
181 :  23 24 48 218
182 :  95 164 167 236 255 644
183 :  98 162 169 205 214 228
184 :  29 380 387 581 638
185 :  54 66 74 77 230 415
186 :  104 335 370 476 618
187 :  288 320 368 375 465
188 :  452 725 870
189 :  304 442 603 690 708 934
190 :  578 589 892 947 958
191 :  90 114 211 403 433
192 :  132 158 172 173 195
193 :  9 633 855 1160
194 :  4 23 33
195 :  45 82 158 192 248 497
196 :  95 204 255 262 515 824
197 :  134 285 290 500
198 :  363 377 537
199 :  840 1066 1148 1170 1186
200 :  629 681 726 819 935 1045 1114 1183
201 :  28 941 1034
202 :  11 14 36
203 :  172 173 612 774
204 :  196 262 515 701 912
205 :  162 183 220 228 301 346
206 :  210 213 237 602 1078
207 :  69 76 82 92 227 268
208 :  169 183 228 293 313
209 :  233 244 349 401
210 :  159 206 213 237 278 313
211 :  90 191 433 617 945
212 :  762 776 1144
213 :  159 206 210 266 283 591
214 :  98 108 169 183 259 318
215 :  3 674 715 889
216 :  272 285 311 504
217 :  132 173 177 192 354 396
218 :  23 33 48 181
219 :  96 110 118 222 275 293
220 :  77 81 162 205 230 346
221 :  292 320 346 415
222 :  219 273 275 365
223 :  304 720 721 756 1012
224 :  1 8 932
225 :  4 28 58
226 :  73 147 235 282 428 738
227 :  69 143 150 207 268 286
228 :  183 205 208 278 301
229 :  304 716 882 1009
230 :  77 185 220 346 415
231 :  147 235 265 333 371
232 :  323 337 462 600
233 :  209 255 305 349 824
234 :  245 249 356 385 444 597
235 :  100 226 231 738 950
236 :  167 182 285 311
237 :  206 210 313 459 602
238 :  261 344 364 398 404 437
239 :  650 688 692 936 964
240 :  176 1001
241 :  63 254 312 949
242 :  64 86 388 682
243 :  287 320 415 499 584
244 :  209 547 552 817 824
245 :  234 249 276 385 402
246 :  342 391 401 418 911 963
247 :  304 752 1076 1129
248 :  132 142 144 192 195 274
249 :  234 245 279 336 444 571
250 :  9 719 801 1025 1083
251 :  382 446 465 533
252 :  4 33 58
253 :  123 308 310 585
254 :  152 241 312 507
255 :  95 164 182 196 233
256 :  677 808 863 954
257 :  172 348 606 642
258 :  164 272 281 305 306 311
259 :  98 214 295 318 486
260 :  273 275 341 540
261 :  238 344 364 370 493 503
262 :  95 150 196 204 268
263 :  473 569 584
264 :  280 363 527 761 771
265 :  231 235 371 372 1130
266 :  213 283 382 446 740
267 :  820 866 914 990
268 :  76 150 207 227 262
269 :  901 918 1056
270 :  330 332 381 500
271 :  47 984 1188
272 :  258 281 311 357 504 571
273 :  222 260 275 459 913
274 :  142 144 248 400 422
275 :  110 219 222 260 273 341
276 :  245 385 405 431 691
277 :  147 395 447 482
278 :  159 210 228 301 313
279 :  249 258 281 306 336 444
280 :  264 443 545
281 :  258 279 571
282 :  56 226 428 448 672
283 :  159 213 266 292 441
284 :  340 596 622 676
285 :  134 167 197 216 236
286 :  150 227 406 789
287 :  243 320 359 375 412 499
288 :  187 297 368 375 412
289 :  340 455 532 533 596
290 :  134 197 473 569
291 :  13 21 879 1143
292 :  159 221 283 301 441
293 :  96 169 208 219 365
294 :  2 29
295 :  98 168 171 259 335 394 486
296 :  306 416 418
297 :  288 455 533
298 :  114 403 430 733
299 :  40 826 937
300 :  144 400 407 466 667
301 :  159 205 278 292 346
302 :  38 105 146 215 383 461 563 674 749 759 886 889 981 1165
303 :  63 180 341 767
304 :  153 189 223 229 240 247 366 653 690 716 720 752 756 887 1001 1009 1171
305 :  164 233 255 258 306 349
306 :  258 279 296 305 336 349
307 :  11 744 844
308 :  253 338 768
309 :  29 755 931 1117
310 :  253 329 344 493
311 :  164 216 236 258 272
312 :  241 254 558
313 :  208 210 237 278 365
314 :  124 371 372 389 509
315 :  330 347 359 361 381 412
316 :  342 392 561 648 796 1017
317 :  578 828 877 893 1004
318 :  108 214 259 440 469 486
319 :  15 754 843
320 :  187 221 243 375 415 441
321 :  86 90 607 617
322 :  323 339 398 437 546
323 :  232 322 329 398 462
324 :  20 47 988 1188
325 :  11 15 36 754
326 :  22 772 1006 1172
327 :  367 384 709 888
328 :  13 17 21
329 :  310 323 344 398 462
330 :  270 315 332 359 381
331 :  5 176 1029 1262
332 :  270 330 359 499 500
333 :  147 231 371 482 535
334 :  150 457 701 777
335 :  104 168 186 295 394
336 :  249 279 306 416
337 :  232 546 600 823
338 :  308 372 458 530
339 :  322 404 437 574
340 :  284 289 533 596 741
341 :  110 260 275 303 540
342 :  246 296 316 355 418
343 :  402 405 796 1017
344 :  238 261 310 329 398 493
345 :  356 385 386 431 524
346 :  205 220 221 230 301
347 :  315 353 361 455
348 :  257 567 606 704 806
349 :  209 233 296 305 306 418
350 :  476 508 544 618
351 :  33 48 1010 1164
352 :  106 112 786
353 :  347 361 449 614
354 :  99 173 217 495 698
355 :  296 316 342 416 1017
356 :  234 345 385 386 597
357 :  504 571 614
358 :  40 62 819
359 :  287 315 330 332 412 499
360 :  430 471 507
361 :  315 347 353 381 504 614
362 :  377 409 421 537
363 :  198 264 543 771
364 :  238 261 404 437 503 664
365 :  222 293 313 459
366 :  5 176 304 1171
367 :  327 384 503 544
368 :  187 288 297 375 465 533
369 :  477 535
370 :  104 186 261 476
371 :  231 265 314 333 509
372 :  265 314 338 389 458
373 :  19 20 47 748
374 :  1 10 838
375 :  187 287 288 320 412
376 :  13 25 42 56
377 :  198 362 430 471
378 :  20 65 988
379 :  508 682 685
380 :  2 29 184 581 1055
381 :  270 315 330 361 504
382 :  251 266 283 446 465
383 :  19 38 302 749
384 :  327 426 544 685 888
385 :  234 245 276 345 356 431
386 :  345 356 453 524 531 597
387 :  28 29 184 638
388 :  64 157 242 397 568 654
389 :  314 372 750 768
390 :  884 914 1112
391 :  342 561 648 911
392 :  316 561 645
393 :  126 143 505 567 606 806
394 :  295 335 486 618
395 :  277 438 439 482 636 778
396 :  132 142 177 217 408
397 :  157 388 491 502 568
398 :  238 322 323 329 344 437
399 :  97 479 845 1151
400 :  144 274 300 439
401 :  209 246 418 547 963
402 :  245 343 405 416
403 :  191 298 421 433
404 :  238 339 364 437 574 664 827
405 :  276 343 402 787 796
406 :  143 227 286 467 505 861
407 :  300 420 573 636
408 :  142 396 422 436 698 876
409 :  362 421 433 538 542
410 :  155 514 1163
411 :  765 820 821 878 884 914
412 :  287 288 315 359 375
413 :  8 18 27 953
414 :  14 36 1174
415 :  74 185 221 230 243 320
416 :  296 336 355 402
417 :  24 39 48 122
418 :  246 296 342 349 401
419 :  35 1065 1135 1239
420 :  68 407 435 573
421 :  362 403 409 433
422 :  142 274 408 436 447
423 :  10 62 559 907 1045
424 :  32 727
425 :  33 58 758 995
426 :  384 685 888 1082
427 :  99 479 612 621 909
428 :  56 73 226 282
429 :  72 119 176 240 506 541 572 643 720 721 723 825 836 1001 1121
430 :  298 360 377
431 :  276 345 385 691
432 :  436 447 448 672
433 :  191 211 403 409 421 945
434 :  612 621 702 774 1058
435 :  420 593 778
436 :  408 422 432 876
437 :  238 322 339 364 398 404
438 :  395 482 535 778
439 :  277 395 400 447 636
440 :  108 318 469 549 640
441 :  283 292 320 465
442 :  129 189 603 670 690 874 892 919 961 1129 1131
443 :  280 471 545 671
444 :  234 249 571 597
445 :  545 671
446 :  251 266 382 740 781
447 :  277 422 432 439
448 :  42 282 432 672
449 :  353 386 453 597 614
450 :  0 18 27
451 :  2 26 631
452 :  188 566
453 :  289 386 449 455 532
454 :  17 24 25
455 :  289 297 347 453
456 :  9 179
457 :  334 777 789 973
458 :  338 372 530 731 1130
459 :  237 273 365
460 :  12 31 52
461 :  7 44 302 563
462 :  232 323 329 585
463 :  106 135 483 521 536 605 608 743 765 797 821 830 915 933 943
464 :  135 820 1265
465 :  187 251 368 382 441
466 :  300 573 667
467 :  406 789 861 973
468 :  18 85 109
469 :  318 440 486 618
470 :  739 835 1049
471 :  198 360 377 443
472 :  251 340 583 741 781
473 :  197 263 290 499 500
474 :  0 1 27
475 :  60 998 1124
476 :  186 350 370 503
477 :  80 124 369 570
478 :  1 921
479 :  97 99 399 427 909
480 :  13 17 25
481 :  12 31 71
482 :  147 277 333 438
483 :  463 743 797 915
484 :  24 25 39
485 :  165 814 1050
486 :  259 295 318 394 469
487 :  535 582 593 778
488 :  63 728 767 949
489 :  805 955
490 :  39 73 122 1225 1228
491 :  397 502 549 568
492 :  20 28 65
493 :  104 123 261 310 344
494 :  564 1115
495 :  97 99 354 698
496 :  1051 1191 1194
497 :  144 195 667
498 :  112 815
499 :  243 263 287 332 359 473
500 :  197 270 332 473
501 :  13 42 149
502 :  157 397 491 549 640
503 :  261 364 367 476
504 :  216 272 357 361 381 614
505 :  143 393 406 567 861
506 :  119 429
507 :  254 360 558
508 :  350 379 544 654
509 :  124 314 371 570
510 :  782 910
511 :  22 826
512 :  131 663 669 718 780 869 934 1003 1012 1018 1086
513 :  630 858 1008 1124 1127 1161 1162
514 :  410 1035 1127 1163
515 :  196 204 517 862
516 :  666 1088 1161 1230
517 :  334 515 697 777 912
518 :  2 974
519 :  43 49 922
520 :  6 71 624
521 :  135 463 830 1265
522 :  37 188 555 660 725 730 832 834 835 870 895 1049 1067 1176 1200 1205
523 :  6 1226
524 :  345 386 531 622
525 :  565 719 852
526 :  8 70 953
527 :  264 551 641 761
528 :  22 871 939 1123
529 :  155 792 865 1080
530 :  338 458 585
531 :  386 524 532 596 622
532 :  289 453 531 596
533 :  251 289 297 340 368
534 :  525 772 793 826 852 860 937 996 1089 1172 1177
535 :  333 369 438 487 582
536 :  106 463 821
537 :  198 362 542 543
538 :  409 433 837 1118
539 :  805 818
540 :  260 341 728
541 :  176 825 1262
542 :  409 537 1116
543 :  363 537 1116
544 :  367 384 476 508
545 :  280 443 445 551
546 :  322 337 339 574 823
547 :  244 401 817 963
548 :  72 986
549 :  440 491 502 640
550 :  11 14 93
551 :  527 545 641
552 :  244 697 817 862
553 :  137 470 699 746 864 895 903 976 1049
554 :  16 19 47
555 :  37 1200
556 :  39 56 73 610
557 :  642 702 774
558 :  312 507 671
559 :  10 87 423 907
560 :  53 59 111 123
561 :  391 392 1156
562 :  5 28 65
563 :  7 105 461
564 :  494 983 1189
565 :  9 138 525 719
566 :  78 452 917
567 :  505 656 704 806
568 :  388 397 491 654
569 :  128 133 263 290
570 :  124 477 509 535
571 :  249 272 281 357 444
572 :  72 723
573 :  68 300 407 420 466
574 :  339 404 546 827
575 :  106 924 933
576 :  18 109 854
577 :  811 1107 1210 1214
578 :  120 160 190 317 655 773 798 850 872 877 892 923 947 1004 1054 1136 1241
579 :  1057 1060
580 :  0 1 103
581 :  2 20 184 380
582 :  46 369 487 535
583 :  472 781 794
584 :  74 243 263 415
585 :  253 462 530 731
586 :  31 810 1024
587 :  3 11 89 93
588 :  3 16 75
589 :  190 1076 1129
590 :  19 26 748
591 :  213 740 1078
592 :  1150 1219
593 :  435 487 706 778
594 :  6 21 161 646
595 :  1032
596 :  284 289 340 531 532
597 :  234 356 386 444 449
598 :  792 939 990 991 992 998 1265
599 :  43 49 54 66
600 :  232 337 766 1021
601 :  107 951
602 :  206 237 459
603 :  189 442 874 934
604 :  965 1153 1216
605 :  463 797
606 :  126 257 348 393
607 :  86 117 321 1122
608 :  743 943
609 :  145 809 1240
610 :  25 39 56 556
611 :  957 1224
612 :  99 173 203 427 434
613 :  940 997 1122
614 :  353 357 361 449 504
615 :  5 65 942
616 :  48 122 846
617 :  90 211 321
618 :  186 350 394 469
619 :  17 21 102
620 :  116 929 933
621 :  427 434 612 881 898 909
622 :  284 524 531 676
623 :  3 75 859
624 :  6 520 753 1033
625 :  45 92 657
626 :  130 239 632 660 739 799 832 870 936 964 1075 1085 1132 1133
627 :  81 98 162 171
628 :  141 650 688 692
629 :  200 681 819
630 :  131 513
631 :  2 7 451 677
632 :  130 626 739 903
633 :  193 818 1160
634 :  50 930 1027
635 :  61 76 95 644
636 :  300 395 407 439
637 :  829 840 877 900 905 916 1056 1141 1178 1182 1196 1203
638 :  20 28 184 387
639 :  3 16 170
640 :  108 140 440 502 549
641 :  527 551
642 :  257 557 704
643 :  116 723
644 :  61 95 167 182 635
645 :  316 392 787 796 1017
646 :  6 21 102 594
647 :  151 818
648 :  316 342 391 561
649 :  804 831
650 :  239 628 688 692
651 :  112 779 833
652 :  87 782 1114
653 :  153 304 1020
654 :  242 388 508 568 682
655 :  120 578 773
656 :  567 704
657 :  57 61 68 92 625 684 849
658 :  35 804 1065
659 :  175 976
660 :  739 832 835
661 :  0 18 85
662 :  758 894 994
663 :  131 797 1086
664 :  364 367 404 709
665 :  1087
666 :  156 516 858 1230
667 :  45 300 466 497
668 :  685 689
669 :  119 780 915
670 :  141 442 688
671 :  443 445 507 558
672 :  448
673 :  1028 1043 1064 1068 1095
674 :  14 215 302
675 :  987 1248
676 :  284 583 741
677 :  2 7 256 631
678 :  968 1081
679 :  4 23 52
680 :  1125 1253
681 :  200 629 826
682 :  242 379 508 654
683 :  50 917 930 957
684 :  61 76 92 657
685 :  379 384 426 668
686 :  944 1071 1091
687 :  1192
688 :  129 141 239 628 650 670 707 919 927 964 1018 1019 1088 1132 1230
689 :  117 668 999
690 :  189 304 442
691 :  276 431 787
692 :  141 239 628 650 760 785 799 802 936 1002 1054 1131 1139 1254
693 :  12 23 52
694 :  100 731 950
695 :  16 165 983
696 :  175 916
697 :  517 552
698 :  149 177 354 495 876 1070
699 :  137 553 746 895
700 :  153 810 1020
701 :  204 262 334
702 :  434 557 774 1058
703 :  109 897
704 :  348 642 656
705 :  60
706 :  46 487 593
707 :  94 951
708 :  189 223 756 934 1012
709 :  327 664 827 888 1082
710 :  4 28 55
711 :  795 1002 1138
712 :  44 1097
713 :  155 998 1124
714 :  890 935 1183
715 :  3 14 215 729
716 :  31 153 229 304
717 :  5 28 55
718 :  156 869
719 :  9 250 525 565
720 :  223 1001
721 :  223 429 1003 1012
722 :  53 104 123 493
723 :  429 572 643
724 :  163 916
725 :  188 522 1176
726 :  200 935 1183
727 :  424 991 1183
728 :  488 540
729 :  3 14 93 715
730 :  37 522 1176
731 :  458 585 694 1021
732 :  115 831 956 1157 1244
733 :  152 298
734 :  78 1133
735 :  50 803 1135
736 :  107 1133
737 :  43 54 79 111
738 :  73 100 226 235
739 :  470 632 660 835
740 :  266 591 794
741 :  284 340 472 583 676
742 :  11 18 84 800
743 :  463 483 608 915
744 :  18 307 854
745 :  179 489 831 955 956
746 :  137 553 965
747 :  3 89 859
748 :  19 20 373 590
749 :  105 383
750 :  59 80 124 389
751 :  90 91 114
752 :  247 304 908
753 :  6 113 1033
754 :  36 319 325
755 :  309 1184
756 :  223 304 708
757 :  15 70
758 :  33 425 662 857 894
759 :  3 38 302 889
760 :  141 692 1131
761 :  264 527 771 1246
762 :  212 828
763 :  7 19 26
764 :  816 855 1006 1126
765 :  135 411 463
766 :  337 600 891
767 :  63 303 488
768 :  59 123 308 389
769 :  5 31 101
770 :  84 904
771 :  264 363 761
772 :  138 326 1006 1172
773 :  578 655 892
774 :  203 434 557 612
775 :  783 896 1031
776 :  21 212 1175
777 :  334 517 973
778 :  395 438 487 593
779 :  651 814 1050
780 :  512 669 915 1086
781 :  251 446 472 583 794
782 :  0 510 652 1114
783 :  775 966 1042
784 :  30 779 814
785 :  130 802 864
786 :  34 106 112 352 833 924
787 :  405 691
788 :  94 1128 1162
789 :  150 286 406 457 467
790 :  51 984 986 1188
791 :  1199 1202
792 :  529 598 865 939
793 :  996 1000 1089
794 :  583 740 781
795 :  163 1002 1138 1178 1254
796 :  343 405 645 1017
797 :  483 605 663 915 1086
798 :  828 1004 1241
799 :  130 626 802
800 :  11 18 742 844
801 :  860 1083
802 :  130 692 785 799
803 :  50 1027 1135 1223
804 :  649 658 1015
805 :  489 539
806 :  348 393 567 606
807 :  11 89 1110
808 :  2 256 954
809 :  151 609 1022 1240
810 :  31 586 700 1020
811 :  577 972 978 980 1053 1210
812 :  145 1128 1162
813 :  1061
814 :  165 485 779 784
815 :  498 880 897
816 :  764 1160
817 :  244 547 552
818 :  539 633 647
819 :  200 358 629 1045
820 :  267 411 464 914
821 :  411 536
822 :  17 24 83
823 :  337 546 1084
824 :  196 233 244 255
825 :  51 429 541
826 :  299 511 534 681
827 :  404 574 709
828 :  269 317 762 798 839 893 901 918 928 946 1004 1014 1066 1141 1168 1175 1182
829 :  637 877 905
830 :  60 463 521
831 :  649 732 745 956
832 :  522 626 660 870
833 :  651 786 1050
834 :  137 522 965
835 :  470 522 660 739 1049
836 :  72 429 1185
837 :  433 538 945 1118
838 :  374 1073 1074
839 :  6 928 1168
840 :  199 1148 1196 1203
841 :  151 930
842 :  51 942
843 :  36 319 1222
844 :  11 307 800
845 :  399 1031 1070
846 :  616 873
847 :  15 127 1094
848 :  1152 1219
849 :  57 68
850 :  113 578 923 1077
851 :  9 138 855 1126
852 :  525 860
853 :  9 179 1157
854 :  30 576 744 880
855 :  9 193 764 851
856 :  1011 1193 1264
857 :  758 894 1164
858 :  156 513 666 718
859 :  30 623 747 1110
860 :  534 801 852 1000
861 :  406 467 505
862 :  244 515 552 697
863 :  7 256 954
864 :  130 553 785 903
865 :  529 792 871 1080
866 :  32 267 990
867 :  37 1180
868 :  35 1167 1256
869 :  131 512 718
870 :  188 522 832 1085
871 :  528 792 865
872 :  578 1054
873 :  122 846
874 :  129 442 603
875 :  971 1147 1150 1155 1209 1235
876 :  408 436 698
877 :  317 578 829 905
878 :  0 85 884
879 :  13 291 1142 1143
880 :  30 815 897
881 :  621 909 1058
882 :  5 31 229
883 :  178
884 :  390 411 878 1112
885 :  8 127 969 1090 1250
886 :  105 302 563 749
887 :  1009 1171
888 :  327 384 426 709 1082
889 :  3 215 759
890 :  22 714 939
891 :  766 1021
892 :  190 442 773
893 :  317 828 1141 1182
894 :  662 758 857 1255
895 :  699 1049
896 :  775 960
897 :  109 703 815 880
898 :  621 702 881 909 1058
899 :  980 1047 1053
900 :  175 1146 1203
901 :  269 828 1066
902 :  148 1258
903 :  130 553 632 739 864
904 :  18 70 770
905 :  829 877 893 1182
906 :  16 19 170 975
907 :  423 559 1045
908 :  41 752 1020
909 :  479 881 960 1151
910 :  0 32 510
911 :  246 391 963
912 :  204 515 517
913 :  273 459 1059
914 :  32 267 390 820
915 :  119 483 743 780 797
916 :  637 696 724 1178
917 :  50 78 566 611 683 735 957 1135 1176 1179 1180 1224 1239 1256
918 :  269 1141
919 :  129 442 688
920 :  1103 1242
921 :  8 27 478
922 :  46 80 519
923 :  113 578 958
924 :  34 575 786 929 933
925 :  24 1023
926 :  7 105
927 :  107 688 1132
928 :  161 839 946 1168
929 :  34 116 620 924 933
930 :  50 611 634 683 841 957 962 1022 1052 1128 1133 1224
931 :  58 309
932 :  1 224 1098 1101 1270
933 :  575 620 929 943
934 :  189 512 603 708 1012
935 :  714 726 1183
936 :  239 626
937 :  299 1119 1177
938 :  1030 1271
939 :  528 598 792 890 992
940 :  613 1122
941 :  28 58 201
942 :  615 842 1029
943 :  463 608 933
944 :  686 1091 1250
945 :  211 433 617 837
946 :  21 161 1168 1175
947 :  190 578 958
948 :  1010 1255
949 :  241 488
950 :  235 694 1130
951 :  601 707 1048
952 :  1219 1238
953 :  18 413 526
954 :  256 808 1072 1087 1217
955 :  489 745 805
956 :  179 732 745 831 1157
957 :  611 683 917 1224
958 :  41 923 947
959 :  1153 1154 1159
960 :  896 909 1151
961 :  442 760 1131
962 :  107 930 1052 1133
963 :  246 401 547
964 :  239 1132
965 :  604 746 834
966 :  783 1042
967 :  1081 1231
968 :  678 1064 1069 1081 1197
969 :  885 1090 1094
970 :  1197 1212
971 :  875 1198 1235
972 :  2 811 1108
973 :  457 467 777
974 :  20 26 518
975 :  16 19 554 906
976 :  553 659
977 :  1062 1066 1144 1207
978 :  811
979 :  1232
980 :  811 899 1053
981 :  44 302 1165 1190
982 :  148
983 :  34 564 695
984 :  16 271 790 986
985 :  885 989 1250
986 :  548 790 984
987 :  675 1046
988 :  20 51 324 378 1188
989 :  8 985 1096
990 :  267 598 866
991 :  727 992
992 :  598 939 991
993 :  995 1120
994 :  662 758 1120
995 :  58 425 758 993 1120
996 :  534 793
997 :  613 999 1173
998 :  598 1124
999 :  689 997 1122 1173
1000 :  793 801 1007 1083
1001 :  240 304 429 720
1002 :  711 795 1254
1003 :  512 721
1004 :  317 578 798
1005 :  1174
1006 :  326 772 1080 1123 1126
1007 :  1000 1243
1008 :  155 513 1124
1009 :  5 229 887
1010 :  351 948 1164
1011 :  67 856 1264
1012 :  223 512 708 721 934
1013 :  1028
1014 :  6 154 828 1168
1015 :  115 804 1137 1167 1234
1016 :  178 1100 1106 1220 1268
1017 :  316 343 355 796
1018 :  156 512 688 1019
1019 :  129 1018
1020 :  41 653 700 908
1021 :  600 731 891
1022 :  151 809 930
1023 :  23 83 925
1024 :  71 586
1025 :  1083 1243
1026 :  1211
1027 :  50 634 803
1028 :  673 1013 1043 1102
1029 :  5 331 942
1030 :  938
1031 :  775 845
1032 :  595 1091
1033 :  41 624 753
1034 :  58 201 1184
1035 :  145 514 1163 1240
1036 : 
1037 :  1237
1038 :  1092 1212
1039 :  1041 1140 1179 1198
1040 : 
1041 :  1039 1179 1198
1042 :  783 966
1043 :  673 1028 1095
1044 :  1098 1270
1045 :  200 819 907
1046 :  62 987
1047 :  899 1113 1117
1048 :  94 951 1128
1049 :  470 522 553 895
1050 :  34 485 779
1051 :  496 1194 1199
1052 :  930 962
1053 :  29 811 899
1054 :  120 692 872 1131
1055 :  2 29 380
1056 :  269 918 1196
1057 :  579 1246
1058 :  702 898
1059 :  260 273 913
1060 :  579
1061 :  813 1148 1208
1062 :  977 1144 1257
1063 :  174 1222 1245
1064 :  673 968 1028 1068
1065 :  419 658 1135 1223
1066 :  199 828 901 977 1037 1207 1237
1067 :  1205
1068 :  1064 1095 1197
1069 :  678 968 1233
1070 :  97 149 845
1071 :  686 1090
1072 :  2 954 1108 1217
1073 :  1 838
1074 :  838 1073
1075 :  107 626 927 1133
1076 :  41 247 589 908 1129
1077 :  6 113 154 850
1078 :  206 591
1079 :  1134 1244
1080 :  529 865 871 1006 1123 1163
1081 :  967 968 1229
1082 :  426 709 888
1083 :  250 801 1000 1025
1084 :  823
1085 :  188 626 870
1086 :  512 663 797
1087 :  665 954 1217
1088 :  94 516 1230
1089 :  534 793 996
1090 :  969 1071 1094 1227
1091 :  686 944 1032 1267
1092 :  1038
1093 :  67 1165 1251
1094 :  847 969 1227
1095 :  1043 1068
1096 :  989 1098 1166
1097 :  7 712 1158
1098 :  932 1044 1096 1270
1099 :  1218
1100 :  1016 1104
1101 :  932 1221
1102 :  1028 1105
1103 :  920 1218
1104 :  178 1100 1213
1105 :  1102 1214
1106 :  178 1016 1215
1107 :  1108 1210 1214
1108 :  972 1072 1107 1210
1109 :  1242
1110 :  30 807 859
1111 :  1215
1112 :  0 390 884
1113 :  1047 1191
1114 :  87 200 652 782
1115 :  16 72 494
1116 :  542 543
1117 :  309 1047
1118 :  538 837
1119 :  40 937 1269
1120 :  993 994 1266
1121 :  116 119 429
1122 :  117 613 997 999
1123 :  528 871 1006 1080
1124 :  475 713 998 1008
1125 :  680
1126 :  764 851 1006
1127 :  145 513 514 1162
1128 :  788 812 930 1048
1129 :  247 442 589 1076
1130 :  265 458 694 950
1131 :  120 692 760 961
1132 :  626 688 927 964
1133 :  734 736 962 1075
1134 :  115 1079
1135 :  419 735 803 1223 1239
1136 :  160 578
1137 :  868 1167
1138 :  160 711 1178
1139 :  163 1254
1140 :  1039
1141 :  828 893 918 1182
1142 :  13 879
1143 :  21 291 879 1195
1144 :  21 212 977 1257
1145 :  1147 1198
1146 :  900 1148 1203
1147 :  875 1145
1148 :  840 900 1061 1146 1203
1149 :  1154 1159
1150 :  592 875 952 1219 1238
1151 :  399 845 909 960
1152 :  848
1153 :  604 959 1159
1154 :  959 1149
1155 :  875
1156 :  391 561
1157 :  179 732 956
1158 :  44 1097 1190
1159 :  959 1149 1154
1160 :  193 633 816
1161 :  94 513 516
1162 :  145 788 812 1127 1128
1163 :  410 1035 1080
1164 :  33 351 857 1010
1165 :  302 981 1093 1190
1166 :  1096 1250 1267
1167 :  35 868 1015 1137
1168 :  828 839 946 1014
1169 : 
1170 :  1186
1171 :  5 304 366 887
1172 :  326 534 772
1173 :  997 999
1174 :  14 414 1005
1175 :  21 776 828 946
1176 :  725 730 917
1177 :  534 937 1269
1178 :  163 637 916 1138
1179 :  1039 1041 1180 1256
1180 :  867 917 1179
1181 :  979 1187 1252
1182 :  637 893 905 1141
1183 :  726 727 935
1184 :  29 58 755 1034
1185 :  51 836
1186 :  199 1170
1187 :  1181 1252
1188 :  47 51 271 324 988
1189 :  16 494 564 1115
1190 :  981 1158 1165 1231
1191 :  496 1113 1194
1192 :  687
1193 :  856 1263
1194 :  1051 1191 1199
1195 :  1143 1204
1196 :  637 840 1056
1197 :  968 970 1068
1198 :  971 1039 1041 1145
1199 :  791 1051
1200 :  522 555 1205
1201 :  1206 1248
1202 :  791
1203 :  637 840 900
1204 :  1195 1211 1259
1205 :  522 1067 1200
1206 :  139 1201
1207 :  977 1237
1208 :  1061
1209 :  875
1210 :  577 972 1107 1108
1211 :  149 1026 1204 1259
1212 :  970 1038
1213 :  1104
1214 :  577 1105 1107
1215 :  1106 1111
1216 :  604
1217 :  954 1072 1087
1218 :  1099 1103 1242
1219 :  848 952 1150
1220 :  1016
1221 :  1044 1101 1270
1222 :  843 1063
1223 :  803 1065 1135
1224 :  78 611 930 957
1225 :  39 122 417 490
1226 :  6 12 71 523
1227 :  174 1090 1094
1228 :  73 100 122 490
1229 :  1081
1230 :  666 688 1088
1231 :  967 1190 1233
1232 :  979 1252 1268
1233 :  1069 1231
1234 :  115
1235 :  875 971 1238
1236 :  174 1245
1237 :  1037 1066 1207
1238 :  952 1150 1235
1239 :  419 917 1135
1240 :  609 809 1035
1241 :  154 578 798
1242 :  920 1109 1218
1243 :  1000 1007 1025
1244 :  732 1079
1245 :  1063 1236
1246 :  761 1057 1247
1247 :  1246
1248 :  139 675 1201 1249
1249 :  1201 1248
1250 :  885 944 985 1166
1251 :  1093 1260
1252 :  979 1187 1232
1253 :  680 1255
1254 :  163 692 1002 1139
1255 :  894 948 1253
1256 :  868 917 1179
1257 :  1062 1144
1258 :  902
1259 :  149 1211
1260 :  67 1251
1261 : 
1262 :  51 176 331 541
1263 :  67 1193
1264 :  14 1011
1265 :  135 464 521 598
1266 :  993 1120 1272
1267 :  1091 1166
1268 :  1016 1232
1269 :  1119 1177 1271
1270 :  932 1044 1098 1221
1271 :  938 1269
1272 :  1266
