166 662 26 3 199 255 0
124 700 23 2 181 232 1
152 368 24 10 50 232 2
120 516 26 6 125 254 3
286 360 25 108 109 253 4
268 426 27 108 135 255 5
402 400 27 223 185 120 6
106 406 24 3 80 203 7
88 660 25 2 162 204 8
322 740 19 1 205 206 9
164 722 18 1 182 204 10
96 572 25 0 130 233 11
360 368 25 215 157 205 12
444 308 23 164 115 59 13
64 524 23 1 96 205 14
64 614 24 0 138 205 15
172 492 28 69 139 255 16
400 336 23 200 115 167 17
128 618 26 2 154 232 18
142 446 25 7 92 232 19
188 410 27 26 70 255 20
448 358 25 187 140 42 21
258 690 18 0 208 224 22
328 332 23 146 100 236 23
364 304 21 139 49 192 24
406 292 18 170 86 134 25
146 408 13 10 50 232 26
128 662 11 0 160 221 27
234 380 27 27 25 255 28
198 340 23 3 41 205 29
318 402 27 185 168 242 30
294 302 22 68 8 200 31
426 714 11 0 183 152 32
52 568 15 2 117 204 33
118 476 10 17 94 234 34
382 270 15 104 27 149 35
218 746 15 0 183 204 36
448 270 16 124 75 67 37
404 126 7 191 191 191 38
76 426 11 1 81 196 39
490 168 9 169 169 169 40
428 146 11 199 199 199 41
180 450 13 28 74 252 42
330 274 21 111 15 163 43
424 124 7 180 180 180 44
220 456 24 106 165 255 45
322 364 9 179 141 239 46
370 132 8 198 198 198 47
402 108 8 201 201 201 48
268 390 8 66 74 251 49
418 262 14 112 62 96 50
464 132 10 178 178 178 51
250 324 25 6 6 206 52
386 148 8 188 188 188 53
272 612 14 43 231 255 54
492 124 8 162 162 162 55
190 740 13 0 186 197 56
280 30 8 199 199 199 57
284 86 10 188 188 188 58
228 418 11 75 101 255 59
420 106 9 196 196 196 60
472 158 9 179 179 179 61
530 162 8 138 138 138 62
92 628 7 16 135 214 63
360 404 10 212 198 192 64
214 496 11 105 177 255 65
396 244 12 107 39 110 66
430 92 6 136 136 136 67
508 134 9 150 150 150 68
400 92 7 205 205 205 69
410 632 14 9 226 195 70
386 112 6 208 208 208 71
406 146 9 203 203 203 72
384 96 9 196 196 196 73
512 166 9 152 152 152 74
364 334 8 197 129 216 75
272 100 7 171 171 171 76
176 698 8 0 163 225 77
476 116 9 174 174 174 78
264 82 9 188 188 188 79
280 68 8 199 199 199 80
500 150 8 162 162 162 81
94 538 8 20 118 220 82
522 106 8 174 174 174 83
336 60 8 198 198 198 84
524 250 6 156 156 156 85
362 88 7 194 194 194 86
526 234 8 176 176 176 87
378 228 12 87 38 120 88
284 392 7 139 140 254 89
412 366 8 219 172 104 90
154 696 7 8 148 195 91
354 130 7 166 166 166 92
110 442 7 7 79 203 93
384 604 12 53 209 155 94
334 76 8 205 205 205 95
314 40 7 143 143 143 96
386 130 8 197 197 197 97
264 54 8 207 207 207 98
272 116 7 161 161 161 99
320 58 8 193 193 193 100
298 60 10 194 194 194 101
358 248 16 96 25 135 102
366 148 7 186 186 186 103
396 162 5 155 155 155 104
394 366 7 221 155 150 105
538 174 6 128 128 128 106
60 644 6 24 137 204 107
438 108 9 174 174 174 108
446 559 12 11 182 83 109
502 210 6 126 126 126 110
456 110 9 183 183 183 111
474 98 8 161 161 161 112
280 48 9 199 199 199 113
298 722 11 22 195 211 114
318 74 7 206 206 206 115
486 210 6 150 150 150 116
546 160 6 119 119 119 117
482 190 6 120 120 120 118
328 646 12 61 255 255 119
52 492 11 9 79 192 120
420 208 9 74 28 75 121
544 128 7 133 133 133 122
266 36 7 188 188 188 123
326 576 11 101 254 255 124
302 78 8 194 194 194 125
522 182 9 136 136 136 126
394 40 8 71 71 71 127
376 82 6 200 200 200 128
512 78 7 196 196 196 129
444 128 10 182 182 182 130
490 104 9 159 159 159 131
370 116 7 207 207 207 132
352 64 8 198 198 198 133
370 102 6 211 211 211 134
532 196 7 133 133 133 135
524 218 8 176 176 176 136
350 746 10 9 205 209 137
298 40 8 169 169 169 138
510 94 8 182 182 182 139
366 72 8 201 201 201 140
192 374 9 0 13 205 141
414 92 6 178 178 178 142
344 120 4 141 141 141 143
434 48 5 159 159 159 144
254 68 8 176 176 176 145
516 200 9 171 171 171 146
336 716 8 8 194 205 147
502 184 10 158 158 158 148
538 98 9 167 167 167 149
470 84 6 180 180 180 150
212 698 27 2 205 232 151
538 210 6 136 136 136 152
548 108 5 167 167 167 153
382 68 7 156 156 156 154
384 14 7 37 37 37 155
520 148 9 144 144 144 156
360 52 6 120 120 120 157
546 68 7 167 167 167 158
382 30 7 48 48 48 159
248 80 4 160 160 160 160
400 22 8 78 78 78 161
350 80 7 207 207 207 162
486 72 5 58 58 58 163
510 220 6 124 124 124 164
330 44 9 132 132 132 165
392 80 7 174 174 174 166
412 64 7 108 108 108 167
338 30 7 95 95 95 168
94 694 7 11 139 214 169
410 226 10 92 43 87 170
538 148 8 125 125 125 171
372 58 7 137 137 137 172
406 80 6 134 134 134 173
406 200 7 65 28 68 174
534 76 7 174 174 174 175
500 30 4 111 111 111 176
394 214 9 65 36 86 177
496 88 7 187 187 187 178
368 22 7 66 66 66 179
274 14 8 183 183 183 180
288 104 7 62 62 62 181
438 74 6 79 79 79 182
558 76 7 166 166 166 183
510 26 4 156 156 156 184
558 42 5 101 101 101 185
494 198 6 122 122 122 186
508 36 5 154 154 154 187
298 752 7 8 195 210 188
436 28 5 215 215 215 189
362 160 5 153 153 153 190
260 22 7 160 160 160 191
524 88 7 175 175 175 192
118 374 10 0 49 192 193
544 188 7 99 99 99 194
510 62 7 174 174 174 195
350 92 4 175 175 175 196
320 12 9 118 118 118 197
338 144 7 154 154 154 198
536 116 7 168 168 168 199
446 86 6 96 96 96 200
200 26 5 52 52 52 201
390 194 5 152 155 153 202
416 20 7 107 107 107 203
530 134 8 132 132 132 204
468 68 6 180 180 180 205
496 58 6 98 98 98 206
336 14 7 132 132 132 207
478 202 4 140 140 140 208
324 28 7 127 127 127 209
510 16 5 145 145 145 210
440 204 8 45 22 37 211
380 46 7 67 67 67 212
510 48 5 167 167 167 213
428 238 10 88 47 74 214
410 36 8 74 74 74 215
462 10 4 218 218 218 216
482 86 6 179 179 179 217
550 140 6 104 104 104 218
444 64 4 129 129 129 219
446 48 5 181 181 181 220
458 30 4 147 147 147 221
460 94 6 125 125 125 222
406 52 6 91 91 91 223
346 46 6 126 126 126 224
356 104 6 205 205 205 225
532 42 5 109 109 109 226
252 46 6 158 158 158 227
472 184 5 110 110 110 228
392 56 8 92 92 92 229
82 468 26 3 111 229 230
296 26 6 142 142 142 231
308 468 28 177 201 253 232
522 68 6 196 196 196 233
522 52 7 196 196 196 234
372 162 4 167 167 167 235
218 314 8 2 13 217 236
352 158 5 149 149 149 237
498 74 7 138 138 138 238
260 8 6 102 102 102 239
368 38 7 70 70 70 240
390 172 6 156 156 156 241
460 54 5 221 221 221 242
546 20 9 52 52 52 243
340 90 6 163 163 163 244
428 62 9 88 88 88 245
258 98 7 166 166 166 246
332 168 9 144 144 144 247
416 190 7 83 61 84 248
554 120 5 139 139 139 249
356 116 5 185 185 185 250
518 40 5 114 114 114 251
330 186 9 72 72 72 252
454 20 6 126 126 126 253
310 26 7 125 125 125 254
544 36 6 55 55 55 255
342 156 5 162 162 162 256
488 14 6 85 85 85 257
400 68 5 122 122 122 258
462 44 5 219 219 219 259
534 58 6 166 166 166 260
326 116 8 224 224 224 261
472 42 4 234 234 234 262
514 230 4 172 172 172 263
534 30 5 77 77 77 264
488 50 5 46 46 46 265
454 62 4 199 199 199 266
238 28 4 61 61 61 267
470 50 4 213 213 213 268
224 52 7 42 42 42 269
204 38 6 44 44 44 270
324 150 6 150 150 150 271
352 34 7 94 94 94 272
318 138 4 126 126 126 273
440 40 4 173 173 173 274
416 160 5 174 174 174 275
342 132 5 113 113 113 276
400 186 7 130 133 131 277
380 178 5 146 146 146 278
440 56 4 148 148 148 279
230 40 5 38 38 38 280
298 120 4 118 118 118 281
470 60 4 196 196 196 282
424 30 5 156 156 156 283
306 136 6 40 40 40 284
500 18 5 119 119 119 285
482 24 5 174 174 174 286
296 96 4 58 58 58 287
562 28 8 45 45 45 288
548 4 7 70 70 70 289
552 172 5 86 86 86 290
444 188 6 48 27 43 291
494 218 5 137 137 137 292
306 92 4 63 63 63 293
472 194 4 133 133 133 294
554 56 7 131 131 131 295
520 26 6 100 100 100 296
244 58 5 116 116 116 297
520 14 5 94 94 94 298
556 152 6 86 86 86 299
462 178 4 123 123 123 300
482 222 6 64 64 64 301
226 66 7 58 58 58 302
420 78 8 120 120 120 303
526 34 4 100 100 100 304
358 272 7 107 25 144 305
544 48 5 111 111 111 306
234 58 4 40 40 40 307
472 210 6 106 106 106 308
540 236 6 145 145 145 309
256 502 24 142 210 255 310
240 40 5 86 86 86 311
498 8 5 135 135 135 312
452 224 7 74 28 41 313
240 70 6 92 92 92 314
466 224 6 139 139 139 315
434 182 5 59 42 58 316
456 196 6 49 23 41 317
420 48 7 73 73 73 318
354 508 27 162 228 179 319
498 38 4 104 104 104 320
222 4 7 79 79 79 321
428 18 4 129 129 129 322
454 208 6 50 20 39 323
450 242 11 77 51 44 324
478 36 4 192 192 192 325
472 30 4 185 185 185 326
560 130 6 105 105 105 327
372 186 6 163 163 163 328
352 18 8 84 84 84 329
246 586 21 88 219 255 330
428 40 4 152 152 152 331
562 142 4 69 69 69 332
336 102 4 146 146 146 333
230 32 4 38 38 38 334
458 82 5 97 97 97 335
332 128 5 40 40 40 336
406 160 4 160 160 160 337
536 246 4 125 125 125 338
428 192 5 54 22 53 339
344 100 4 124 124 124 340
436 162 6 144 144 144 341
288 12 6 126 126 126 342
352 148 4 175 175 175 343
514 242 4 141 141 141 344
452 74 5 104 104 104 345
314 88 4 91 91 91 346
326 140 4 146 146 146 347
482 58 4 46 46 46 348
560 164 6 71 71 71 349
248 18 5 93 93 93 350
312 116 6 57 57 57 351
302 546 27 130 253 255 352
306 608 19 42 254 254 353
554 98 5 174 174 174 354
560 106 4 157 157 157 355
414 132 5 191 191 191 356
480 616 27 0 149 56 357
478 8 5 164 164 164 358
198 16 5 68 68 68 359
444 32 4 194 194 194 360
262 729 19 1 205 206 361
424 172 9 88 88 88 362
306 8 5 103 103 103 363
316 128 6 80 80 80 364
564 64 5 161 161 161 365
322 94 5 137 137 137 366
208 6 5 72 72 72 367
566 88 6 203 203 203 368
484 552 26 1 166 68 369
246 4 7 77 77 77 370
560 14 6 38 38 38 371
450 98 4 122 122 122 372
498 48 4 92 92 92 373
412 470 24 176 217 108 374
438 2 6 154 154 154 375
436 84 4 103 103 103 376
358 178 6 146 146 146 377
400 6 7 58 58 58 378
448 162 4 138 138 138 379
466 18 5 167 167 167 380
492 32 4 56 56 56 381
252 644 22 41 232 255 382
368 6 8 76 76 76 383
264 108 4 186 186 186 384
540 222 7 154 154 154 385
338 112 5 169 169 169 386
424 592 27 2 200 142 387
510 114 4 164 164 164 388
476 482 24 94 165 1 389
322 84 4 139 139 139 390
198 4 5 70 70 70 391
504 108 4 163 163 163 392
538 8 4 70 70 70 393
396 732 9 1 181 152 394
302 106 7 120 120 120 395
482 142 10 164 164 164 396
234 8 5 101 101 101 397
456 2 4 222 222 222 398
294 128 4 118 118 118 399
366 568 29 81 237 212 400
416 534 25 74 209 123 401
370 208 9 87 67 101 402
564 98 4 178 178 178 403
498 242 12 141 141 141 404
446 154 4 199 199 199 405
312 152 6 87 87 87 406
294 4 4 126 126 126 407
360 194 8 86 81 88 408
394 118 4 219 219 219 409
414 4 7 113 113 113 410
450 8 4 174 174 174 411
364 732 8 0 182 152 412
268 70 4 193 193 193 413
272 280 9 68 8 200 414
316 700 13 0 230 231 415
380 158 4 164 164 164 416
194 36 5 42 42 42 417
568 116 8 104 104 104 418
446 172 6 138 138 138 419
434 12 4 141 141 141 420
520 2 6 109 109 109 421
530 12 4 71 71 71 422
270 570 8 86 219 253 423
412 732 8 1 181 152 424
570 74 5 176 176 176 425
542 84 4 172 172 172 426
460 424 26 198 162 2 427
378 740 8 1 181 152 428
230 486 7 60 84 114 429
476 234 7 64 64 64 430
348 206 5 46 43 47 431
430 664 23 0 181 126 432
374 648 24 1 229 192 433
240 84 4 83 83 83 434
568 50 7 116 116 116 435
570 136 5 87 87 87 436
62 440 8 2 64 142 437
254 292 7 6 6 206 438
290 695 13 0 230 231 439
348 196 4 46 43 47 440
332 2 5 121 121 121 441
404 708 11 1 181 152 442
514 258 6 78 78 78 443
388 2 6 47 47 47 444
294 668 13 0 233 226 445
202 60 8 40 40 40 446
382 200 4 90 83 96 447
452 532 11 25 147 64 448
570 16 4 38 38 38 449
462 670 10 0 181 126 450
444 696 12 2 178 124 451
382 534 8 115 228 195 452
440 502 15 15 80 25 453
445 459 10 160 205 84 454
441 393 10 137 108 56 455
327 673 14 0 230 231 456
282 586 11 76 152 148 457
233 616 10 64 225 255 458
235 729 8 0 194 205 459
461 583 11 2 170 64 460
469 516 10 59 156 32 461
458 391 7 160 132 22 462
364 615 10 0 233 194 463
381 714 12 3 183 154 464
357 717 8 3 183 154 465
345 661 7 73 217 199 466
272 669 8 13 224 235 467
452 147 5 190 190 190 468
456 158 4 73 73 73 469
462 147 4 40 40 40 470
459 168 6 151 151 151 471
474 173 6 116 116 116 472
520 123 6 150 150 150 473
443 20 4 73 73 73 474
317 104 6 133 133 133 475
346 176 6 232 232 232 476
370 176 4 154 154 154 477
304 582 7 0 59 63 478
95 434 6 3 80 203 479
88 502 8 6 82 178 480
96 605 7 8 137 230 481
288 739 7 2 207 212 482
417 693 8 23 183 137 483
167 338 8 15 0 200 484
295 641 14 21 243 240 485
342 624 14 30 244 224 486
386 685 14 0 178 147 487
353 695 17 18 180 154 488
224 519 12 93 154 198 489
262 467 12 136 187 249 490
443 630 12 6 174 128 491
461 650 10 1 180 125 492
358 443 26 220 229 202 493
378 474 10 173 229 152 494
394 437 10 212 211 130 495
395 503 12 120 211 156 496
339 542 8 135 228 227 497
69 555 6 19 97 217 498
337 599 11 51 245 230 499
401 670 6 0 105 89 500
434 221 8 68 26 57 501
330 302 7 128 57 199 502
423 433 12 208 191 71 503
252 32 6 124 124 124 504
452 39 5 113 113 113 505
286 119 7 50 50 50 506
194 609 28 45 188 255 507
211 652 18 0 199 255 508
157 569 26 52 167 254 509
125 552 10 37 153 248 510
210 555 25 99 186 252 511
255 545 19 114 217 253 512
219 22 10 29 29 29 513
218 40 6 61 61 61 514
211 51 4 27 27 27 515
215 63 4 31 31 31 516
308 507 11 141 174 177 517
176 533 13 0 2 36 518
162 628 7 0 172 252 519
Neighbours
0 :  27 77 91 508 519
1 :  91 169
2 :  26 193 484
3 :  16 82 480 510
4 :  23 30 46 49 52 89
5 :  28 30 49 59 232 490
6 :  12 90 105 455 495 503
7 :  26 39 193 479
8 :  15 63 107 169
9 :  114 137 147 188
10 :  56 77 91
11 :  82 481 498 510
12 :  6 17 23 30 64 75 105
13 :  21 25 37
14 :  82 120 480 498
15 :  8 63 107 481
16 :  3 19 42 65 518
17 :  12 25 90 105
18 :  481 519
19 :  16 26 34 42 93
20 :  26 28 42 59 141
21 :  13 455 462
22 :  151 361 439 467
23 :  4 12 24 31 46 502
24 :  23 35 43 75
25 :  13 17 35 50
26 :  2 7 19 20
27 :  0
28 :  5 20 49 59
29 :  141 236 484
30 :  4 5 12 46 89
31 :  23 43 52 414
32 :  442 451
33 :  498
34 :  19 230
35 :  24 25 66 102 305
36 :  56 459
37 :  13 50 324
38 :  48 97 356 409
39 :  7 437
40 :  61 148 472
41 :  72 130 275 341
42 :  16 19 20 45
43 :  24 31 102 305 502
44 :  60 130 356
45 :  42 429
46 :  4 23 30
47 :  92 97 103 132
48 :  38 60 69 71 409
49 :  4 5 28 89
50 :  25 37 66 214
51 :  78 130 396 470
52 :  4 31 236 438
53 :  72 97 416
54 :  330 353 382 457
55 :  68 78 131 396
56 :  10 36
57 :  113 123 180 231
58 :  76 79 80 125 181 287
59 :  5 20 28
60 :  44 48 67 108 142
61 :  40 396 469 470 471 472
62 :  74 106 117 156 171
63 :  8 15
64 :  12 493
65 :  16 429 489
66 :  35 50 88 170
67 :  60 108 303 376
68 :  55 81 156 473
69 :  48 73 142 166 173
70 :  387 432 433
71 :  48 73 132 409
72 :  41 53 275 337 356
73 :  69 71 128 134 166
74 :  62 81 126 148 156
75 :  12 24
76 :  58 99 181 246 384
77 :  0 10 151
78 :  51 55 111 112 131
79 :  58 145 160 246 413
80 :  58 101 113 413
81 :  68 74 156 396
82 :  3 11 14
83 :  139 149 192 199 388 473
84 :  95 100 133 165 224
85 :  87 338 344 443
86 :  128 134 140 162 196
87 :  85 136 263 309 344 385
88 :  66 102 177 402
89 :  4 30 49
90 :  6 17 105
91 :  0 1 10
92 :  47 143 250 276
93 :  19
94 :  387 400 463
95 :  84 115 162 244 390
96 :  138 165 209 254
97 :  38 47 53 409
98 :  113 123 145 227
99 :  76 384 506
100 :  84 115 165
101 :  80 113 125 138
102 :  35 43 88 305
103 :  47 190 343
104 :  241 337
105 :  6 12 17 90
106 :  62 126 194 290
107 :  8 15
108 :  60 67 111 130 372
109 :  369 387 401
110 :  146 164 186 292
111 :  78 108 130 222 372
112 :  78 131 150 217 222
113 :  57 80 98 101 123 138
114 :  9 482
115 :  95 100 125 390
116 :  186 208 292 301 308
117 :  62 171 290 299 349
118 :  186 208 228 294
119 :  456 486
120 :  14 230
121 :  170 174 211 248 501
122 :  199 204 218 249 327
123 :  57 98 113 191 504
124 :  352 400 499
125 :  58 101 115 293
126 :  74 106 135 146 148
127 :  159 161 212 215 223 229
128 :  73 86 140 154 166
129 :  139 192 195 233 238
130 :  41 44 51 108 111
131 :  55 78 112 178 392
132 :  47 71 134 250
133 :  84 140 157 162
134 :  73 86 132 225
135 :  126 146 152 194
136 :  87 146 152 164 385
137 :  9 412
138 :  96 101 113 231 254
139 :  83 129 178 192 392
140 :  86 128 133 154 162 172
141 :  20 29
142 :  60 69 173 303
143 :  92 276 386
144 :  220 245 274 279 318 331
145 :  79 98 160 297 314 413
146 :  110 126 135 136 148
147 :  9 488
148 :  40 74 126 146 186
149 :  83 153 192 199 354 426
150 :  112 217 222 335
151 :  22 77 508
152 :  135 136 385
153 :  149 199 249 354 355
154 :  128 140 166 172 229
155 :  159 161 383 444
156 :  62 68 74 81 171 204
157 :  133 172 224 240
158 :  175 183 260 295
159 :  127 155 179 212 240
160 :  79 145 314 434
161 :  127 155 203 215 378
162 :  86 95 133 140 196 244
163 :  238
164 :  110 136 263
165 :  84 96 100 168 209 224
166 :  69 73 128 154 173 258
167 :  223 245 258 303
168 :  165 207 209 272 329
169 :  1 8
170 :  66 121 177 214
171 :  62 117 156 204 218
172 :  140 154 157 212
173 :  69 142 166 258 303
174 :  121 177 248 277
175 :  158 192 233 426
176 :  184 187 285 320 381
177 :  88 170 174
178 :  131 139 217 238
179 :  159 240 329 383
180 :  57 191 239 342
181 :  58 76 287 395 506
182 :  200 219 245 345 376
183 :  158 365 368 425
184 :  176 187 210 296
185 :  288 295 435
186 :  110 116 118 148
187 :  176 184 213 251 320
188 :  9 482
189 :  283 360 474
190 :  103 235 237
191 :  123 180 239 350 504
192 :  83 129 139 149 175
193 :  2 7
194 :  106 135
195 :  129 206 213 233 234 238
196 :  86 162 225 244 340
197 :  207 209 254 363 441
198 :  256 271 276 347
199 :  83 122 149 153
200 :  182 335 345 372 376
201 :  270 359 417
202 :  277 447
203 :  161 215 283 322 410
204 :  122 156 171 473
205 :  282
206 :  195 238 265 373
207 :  168 197 329 441
208 :  116 118 294 308
209 :  96 165 168 197 254
210 :  184 285 296 298
211 :  121 291 323 501
212 :  127 159 172 229 240
213 :  187 195 234 251 373
214 :  50 170 324 501
215 :  127 161 203 223 283 318
216 :  253 380 398
217 :  112 150 178
218 :  122 171 299 327 332
219 :  182 245 266 279
220 :  144 274 279 505
221 :  253 505
222 :  111 112 150 335 372
223 :  127 167 215 229 318
224 :  84 157 165 272
225 :  134 196 250 340
226 :  234 255 264 304 306
227 :  98 297 311 504
228 :  118 294 300 472
229 :  127 154 212 223 258
230 :  34 120 437 480
231 :  57 138 254
232 :  5 493 517
233 :  129 175 195 234
234 :  195 213 226 233 251 260
235 :  190 416
236 :  29 52
237 :  190 256 343
238 :  129 163 178 195 206
239 :  180 191 370
240 :  157 159 179 212 272
241 :  104 278
242 :  259 266 268 282
243 :  255 264 288 289 371 393
244 :  95 162 196 333 340
245 :  144 167 182 219 279 303 318
246 :  76 79 384
247 :  252 256 476
248 :  121 174 277 339
249 :  122 153 327 418
250 :  92 132 225
251 :  187 213 234 296 304
252 :  247
253 :  216 221 380 411 474
254 :  96 138 197 209 231
255 :  226 243 264 306
256 :  198 237 247
257 :  285 286 312 358
258 :  166 167 173 229
259 :  242 262 268 505
260 :  158 234 306
261 :  336 351 364 386 475
262 :  259 268 325
263 :  87 164
264 :  226 243 255 304
265 :  206 348 373
266 :  219 242 345
267 :  311 334
268 :  242 259 262 282
269 :  280 302 307 514 515 516
270 :  201 417 514
271 :  198 273 347 406
272 :  168 224 240 329
273 :  271 284 347 364
274 :  144 220 360 505
275 :  41 72 337 362
276 :  92 143 198 336
277 :  174 202 248
278 :  241 328 477
279 :  144 219 220 245
280 :  269 311 334 514
281 :  399 506
282 :  205 242 268
283 :  189 203 215 331
284 :  273 364
285 :  176 210 257 312
286 :  257 326
287 :  58 181 293 395
288 :  185 243 371 449
289 :  243 371 393
290 :  106 117 349
291 :  211 316 317
292 :  110 116 301
293 :  125 287 346
294 :  118 208 228
295 :  158 185 306 365 435
296 :  184 210 251 298 304
297 :  145 227 307 314
298 :  210 296 421 422
299 :  117 218 332 349
300 :  228 471 472
301 :  116 292 430
302 :  269 307 314 516
303 :  67 142 167 173 245
304 :  226 251 264 296
305 :  35 43 102
306 :  226 255 260 295
307 :  269 297 302 314
308 :  116 208 315
309 :  87 338 385
310 :  429 489 490 512
311 :  227 267 280 504
312 :  257 285
313 :  315 323 324 501
314 :  145 160 297 302 307
315 :  308 313 430
316 :  291 339 362
317 :  291 323
318 :  144 215 223 245 331
319 :  452 496 497
320 :  176 187 373 381
321 :  367 397 513
322 :  203 420
323 :  211 313 317
324 :  37 214 313
325 :  262 326
326 :  286 325
327 :  122 218 249 332 418 436
328 :  278 408 477
329 :  168 179 207 272
330 :  54 423 458 511 512
331 :  144 283 318
332 :  218 299 327 436
333 :  244 340 386
334 :  267 280 513
335 :  150 200 222 345
336 :  261 276
337 :  72 104 275
338 :  85 309
339 :  248 316
340 :  196 225 244 333
341 :  41 362 379 405 419
342 :  180 407
343 :  103 237
344 :  85 87 404
345 :  182 200 266 335
346 :  293 366 390
347 :  198 271 273
348 :  265
349 :  117 290 299
350 :  191 370
351 :  261 364 395 475
352 :  124 478 497 512 517
353 :  54 457 478 485 499
354 :  149 153 355 403
355 :  153 354 403 418
356 :  38 44 72
357 :  460 491 492
358 :  257
359 :  201 391
360 :  189 274 505
361 :  22 459 482
362 :  275 316 341
363 :  197
364 :  261 273 284 351
365 :  183 295 425 435
366 :  346 390 475
367 :  321 391
368 :  183 403
369 :  109 448 460 461
370 :  239 350 397
371 :  243 288 289 449
372 :  108 111 200 222
373 :  206 213 265 320
374 :  454 494 496 503
375 :  411 420
376 :  67 182 200
377 :  408 476 477
378 :  161 410 444
379 :  341 405 419 469 471
380 :  216 253
381 :  176 320
382 :  54 458 467 508
383 :  155 179
384 :  76 99 246
385 :  87 136 152 309
386 :  143 261 333
387 :  70 94 109 460 491
388 :  83 392 473
389 :  453 461
390 :  95 115 346 366
391 :  359 367
392 :  131 139 388
393 :  243 289 422
394 :  424 428 464
395 :  181 287 351 475
396 :  51 55 61 81
397 :  321 370
398 :  216 411
399 :  281 506
400 :  94 124 452 497 499
401 :  109 448 452 453 496
402 :  88 408 447
403 :  354 355 368
404 :  344
405 :  341 379 468 469
406 :  271
407 :  342
408 :  328 377 402 440
409 :  38 48 71 97
410 :  203 378
411 :  253 375 398
412 :  137 428 465
413 :  79 80 145
414 :  31
415 :  439 456
416 :  53 235
417 :  201 270
418 :  249 327 355
419 :  341 379 471
420 :  322 375
421 :  298
422 :  298 393
423 :  330 457 512
424 :  394
425 :  183 365
426 :  149 175
427 :  454 455 462 503
428 :  394 412
429 :  45 65 310
430 :  301 315
431 :  440
432 :  70 450 451 483 491 492 500
433 :  70 463 466 486 487
434 :  160
435 :  185 295 365
436 :  327 332
437 :  39 230
438 :  52
439 :  22 415 445
440 :  408 431
441 :  197 207
442 :  32 464 483
443 :  85
444 :  155 378
445 :  439 467 485
446 :  515 516
447 :  202 402
448 :  369 401 461
449 :  288 371
450 :  432 492
451 :  32 432
452 :  319 400 401
453 :  389 401
454 :  374 427
455 :  6 21 427 462
456 :  119 415 466 488
457 :  54 353 423
458 :  330 382 507
459 :  36 361
460 :  357 369 387
461 :  369 389 448
462 :  21 427 455
463 :  94 433 486
464 :  394 442 487
465 :  412 488
466 :  433 456
467 :  22 382 445
468 :  405 469 470
469 :  61 379 405 468 471
470 :  51 61 468
471 :  61 300 379 419 469
472 :  40 61 228 300
473 :  68 83 204 388
474 :  189 253
475 :  261 351 366 395
476 :  247 377
477 :  278 328 377
478 :  352 353
479 :  7
480 :  3 14 230
481 :  11 15 18
482 :  114 188 361
483 :  432 442
484 :  2 29
485 :  353 445
486 :  119 433 463 499
487 :  433 464 488 500
488 :  147 456 465 487
489 :  65 310 511
490 :  5 310
491 :  357 387 432
492 :  357 432 450
493 :  64 232 494 495
494 :  374 493
495 :  6 493
496 :  319 374 401
497 :  319 352 400
498 :  11 14 33
499 :  124 353 400 486
500 :  432 487
501 :  121 211 214 313
502 :  23 43
503 :  6 374 427
504 :  123 191 227 311
505 :  220 221 259 274 360
506 :  99 181 281 399
507 :  458 508 509 511 519
508 :  0 151 382 507
509 :  507 510 518
510 :  3 11 509
511 :  330 489 507 512 518
512 :  310 330 352 423 511
513 :  321 334 514
514 :  269 270 280 513 515
515 :  269 446 514
516 :  269 302 446
517 :  232 352
518 :  16 509 511
519 :  0 18 507
