166 662 24 3 199 255 0
124 700 21 2 181 232 1
152 368 23 10 50 232 2
120 516 24 6 125 254 3
286 360 23 108 109 253 4
268 426 24 108 135 255 5
106 406 24 3 80 203 6
88 660 23 2 162 204 7
322 740 18 1 205 206 8
164 722 16 1 182 204 9
96 572 23 0 130 233 10
64 524 23 1 96 205 11
64 614 21 0 138 205 12
172 492 24 69 139 255 13
128 618 24 2 154 232 14
142 446 23 7 92 232 15
188 410 24 26 70 255 16
448 358 24 187 140 42 17
260 692 10 0 208 224 18
406 292 16 170 86 134 19
146 408 9 10 50 232 20
128 662 9 0 160 221 21
234 380 24 27 25 255 22
198 340 23 3 41 205 23
154 564 11 52 167 254 24
206 654 9 3 200 254 25
294 302 21 68 8 200 26
206 538 13 101 188 254 27
426 714 9 0 183 152 28
52 568 14 2 117 204 29
482 656 9 0 164 107 30
118 476 7 17 94 234 31
382 270 13 104 27 149 32
218 746 10 0 183 204 33
404 126 7 191 191 191 34
76 426 7 1 81 196 35
490 168 8 169 169 169 36
428 146 9 199 199 199 37
180 450 9 28 74 252 38
424 124 7 180 180 180 39
396 674 6 7 199 168 40
220 456 15 106 165 255 41
322 364 7 179 141 239 42
370 132 6 198 198 198 43
402 108 6 201 201 201 44
268 390 6 66 74 251 45
418 262 13 112 62 96 46
250 324 23 6 6 206 47
386 148 7 188 188 188 48
270 612 6 43 231 255 49
492 124 7 162 162 162 50
190 740 11 0 186 197 51
280 30 7 199 199 199 52
284 86 7 188 188 188 53
228 418 9 75 101 255 54
28 484 13 16 16 16 55
472 158 9 179 179 179 56
530 162 7 138 138 138 57
92 628 6 16 135 214 58
360 404 8 212 198 192 59
214 496 10 105 177 255 60
396 244 11 107 39 110 61
430 92 6 136 136 136 62
154 526 7 78 162 244 63
508 134 7 150 150 150 64
400 92 6 205 205 205 65
412 632 7 9 226 195 66
386 112 6 208 208 208 67
406 146 8 203 203 203 68
384 96 6 196 196 196 69
512 166 8 152 152 152 70
364 334 7 197 129 216 71
94 604 5 28 138 228 72
162 626 6 1 169 247 73
272 100 6 171 171 171 74
176 698 6 0 163 225 75
476 116 8 174 174 174 76
120 550 6 23 135 255 77
264 82 9 188 188 188 78
280 68 8 199 199 199 79
500 150 7 162 162 162 80
94 538 6 20 118 220 81
346 606 6 46 233 207 82
522 106 6 174 174 174 83
336 60 6 198 198 198 84
524 250 6 156 156 156 85
362 88 5 194 194 194 86
526 234 7 176 176 176 87
378 228 11 87 38 120 88
284 392 6 139 140 254 89
412 366 6 219 172 104 90
154 696 6 8 148 195 91
354 130 5 166 166 166 92
110 442 6 7 79 203 93
214 574 6 92 208 255 94
384 604 6 53 209 155 95
334 76 6 205 205 205 96
158 600 6 10 175 255 97
314 40 6 143 143 143 98
386 130 7 197 197 197 99
188 570 6 100 181 248 100
396 434 5 215 204 136 101
264 54 7 207 207 207 102
402 764 12 18 18 18 103
244 542 7 140 217 255 104
272 116 5 161 161 161 105
320 58 7 193 193 193 106
264 542 7 123 213 244 107
396 500 5 112 224 147 108
298 60 8 194 194 194 109
358 248 14 96 25 135 110
366 148 7 186 186 186 111
396 162 4 155 155 155 112
394 366 6 221 155 150 113
538 174 6 128 128 128 114
60 644 6 24 137 204 115
438 108 8 174 174 174 116
342 540 5 134 246 236 117
446 562 6 11 182 83 118
288 578 5 71 228 248 119
502 210 4 126 126 126 120
456 110 8 183 183 183 121
474 98 6 161 161 161 122
232 612 5 38 201 255 123
280 48 8 199 199 199 124
504 582 6 7 134 59 125
298 722 6 22 195 211 126
166 762 15 16 16 16 127
318 74 7 206 206 206 128
382 536 5 126 236 194 129
486 210 3 150 150 150 130
546 160 5 119 119 119 131
482 190 4 120 120 120 132
328 646 6 61 255 255 133
52 492 6 9 79 192 134
420 208 7 74 28 75 135
172 112 18 16 16 16 136
544 128 6 133 133 133 137
350 680 6 14 195 174 138
266 36 7 188 188 188 139
324 438 5 164 192 255 140
420 430 5 214 189 87 141
290 646 6 47 219 247 142
326 576 6 101 254 255 143
302 78 7 194 194 194 144
522 182 8 136 136 136 145
394 40 7 71 71 71 146
438 496 5 54 193 58 147
436 390 4 222 171 75 148
376 82 6 200 200 200 149
456 518 5 0 167 15 150
512 78 6 196 196 196 151
172 528 5 78 158 253 152
444 128 9 182 182 182 153
490 104 7 159 159 159 154
370 116 5 207 207 207 155
352 64 6 198 198 198 156
138 482 7 18 101 252 157
370 102 5 211 211 211 158
532 196 6 133 133 133 159
524 218 6 176 176 176 160
26 612 12 16 16 16 161
500 514 7 14 123 20 162
262 462 7 149 195 253 163
502 228 3 117 117 117 164
136 146 22 16 16 16 165
350 746 6 9 205 209 166
298 40 7 169 169 169 167
336 302 4 152 42 200 168
510 94 6 182 182 182 169
366 72 6 201 201 201 170
192 374 6 0 13 205 171
414 92 6 178 178 178 172
344 120 4 141 141 141 173
434 48 3 159 159 159 174
446 626 6 17 189 133 175
318 506 6 122 235 225 176
378 472 5 161 226 140 177
254 68 6 176 176 176 178
516 200 8 171 171 171 179
336 716 6 8 194 205 180
300 330 4 83 11 225 181
538 98 6 167 167 167 182
470 84 5 180 180 180 183
218 42 4 50 50 50 184
536 448 24 16 16 16 185
212 698 14 2 205 232 186
228 348 4 11 22 226 187
70 554 3 9 97 211 188
548 108 4 167 167 167 189
382 68 5 156 156 156 190
384 14 7 37 37 37 191
520 148 7 144 144 144 192
360 52 5 120 120 120 193
546 68 6 167 167 167 194
382 30 7 48 48 48 195
248 80 4 160 160 160 196
474 384 6 146 126 9 197
400 22 7 78 78 78 198
350 80 6 207 207 207 199
88 502 5 6 82 178 200
486 72 4 58 58 58 201
510 220 4 124 124 124 202
330 44 7 132 132 132 203
392 80 5 174 174 174 204
412 64 6 108 108 108 205
338 30 6 95 95 95 206
296 504 6 140 192 255 207
94 694 6 11 139 214 208
256 354 4 18 28 230 209
410 226 10 92 43 87 210
538 148 6 125 125 125 211
372 58 5 137 137 137 212
302 432 5 143 153 254 213
406 80 4 134 134 134 214
406 200 6 65 28 68 215
338 180 2 175 175 175 216
534 76 6 174 174 174 217
500 30 3 111 111 111 218
394 214 8 65 36 86 219
496 88 6 187 187 187 220
368 22 7 66 66 66 221
332 154 2 151 151 151 222
400 562 5 84 219 175 223
272 472 3 159 202 245 224
274 14 6 183 183 183 225
288 104 5 62 62 62 226
438 74 6 79 79 79 227
558 76 5 166 166 166 228
510 26 4 156 156 156 229
558 42 5 101 101 101 230
342 470 5 231 246 219 231
494 198 5 122 122 122 232
508 36 4 154 154 154 233
298 752 6 8 195 210 234
436 28 5 215 215 215 235
362 160 4 153 153 153 236
260 22 6 160 160 160 237
524 88 6 175 175 175 238
118 374 6 0 49 192 239
544 188 4 99 99 99 240
510 62 6 174 174 174 241
350 92 3 175 175 175 242
320 12 7 118 118 118 243
338 144 4 154 154 154 244
446 86 6 96 96 96 245
200 26 4 52 52 52 246
390 194 5 152 155 153 247
416 20 6 107 107 107 248
216 638 3 0 196 253 249
530 134 6 132 132 132 250
488 446 6 86 141 14 251
468 68 2 180 180 180 252
186 464 3 20 71 255 253
496 58 5 98 98 98 254
336 14 6 132 132 132 255
478 202 4 140 140 140 256
324 28 6 127 127 127 257
510 16 4 145 145 145 258
440 204 6 45 22 37 259
380 46 6 67 67 67 260
510 48 4 167 167 167 261
216 24 4 0 0 0 262
504 52 2 11 11 11 263
428 238 9 88 47 74 264
410 36 7 74 74 74 265
462 10 3 218 218 218 266
482 86 5 179 179 179 267
550 140 4 104 104 104 268
444 64 3 129 129 129 269
446 48 3 181 181 181 270
458 30 4 147 147 147 271
460 94 4 125 125 125 272
464 328 4 144 100 11 273
406 52 6 91 91 91 274
346 46 6 126 126 126 275
166 340 5 18 11 192 276
356 104 5 205 205 205 277
532 42 5 109 109 109 278
452 38 3 138 138 138 279
252 46 6 158 158 158 280
230 730 4 0 195 220 281
472 184 4 110 110 110 282
392 56 6 92 92 92 283
82 468 24 3 111 229 284
296 26 6 142 142 142 285
522 68 6 196 196 196 286
522 52 6 196 196 196 287
124 584 4 12 139 255 288
372 162 4 167 167 167 289
218 314 6 2 13 217 290
352 158 4 149 149 149 291
498 74 6 138 138 138 292
260 8 6 102 102 102 293
368 38 6 70 70 70 294
390 172 3 156 156 156 295
460 54 3 221 221 221 296
546 20 6 52 52 52 297
448 456 5 131 188 35 298
340 90 4 163 163 163 299
46 592 4 0 113 209 300
428 62 6 88 88 88 301
258 98 4 166 166 166 302
332 168 2 144 144 144 303
336 174 3 175 175 175 304
192 440 3 16 72 255 305
66 586 4 18 124 231 306
274 700 3 4 224 230 307
316 146 3 163 163 163 308
428 332 4 198 120 53 309
348 168 2 201 201 201 310
462 62 2 208 208 208 311
252 452 3 154 193 237 312
460 70 2 180 180 180 313
554 120 5 139 139 139 314
356 116 4 185 185 185 315
518 40 5 114 114 114 316
330 186 6 14 14 14 317
372 174 2 178 178 178 318
324 166 2 193 193 193 319
454 20 4 126 126 126 320
310 26 6 125 125 125 321
544 36 6 55 55 55 322
526 20 2 0 0 0 323
342 156 4 162 162 162 324
488 14 4 85 85 85 325
400 68 5 122 122 122 326
462 44 3 219 219 219 327
556 184 4 77 77 77 328
534 58 6 166 166 166 329
326 116 8 224 224 224 330
302 274 4 59 0 180 331
200 572 3 110 192 233 332
472 42 3 234 234 234 333
514 230 4 172 172 172 334
534 30 5 77 77 77 335
490 22 2 74 74 74 336
488 50 3 46 46 46 337
206 732 3 0 180 212 338
454 62 3 199 199 199 339
238 28 4 61 61 61 340
470 50 3 213 213 213 341
224 52 4 42 42 42 342
204 38 4 44 44 44 343
324 150 2 150 150 150 344
352 34 7 94 94 94 345
276 456 3 152 190 244 346
318 138 4 126 126 126 347
440 40 4 173 173 173 348
416 160 4 174 174 174 349
342 132 4 113 113 113 350
400 186 5 130 133 131 351
380 178 4 146 146 146 352
170 436 3 22 72 255 353
140 724 4 3 152 196 354
440 56 3 148 148 148 355
428 282 4 158 70 93 356
230 40 4 38 38 38 357
214 424 3 66 92 255 358
298 120 4 118 118 118 359
182 366 3 0 6 237 360
470 60 3 196 196 196 361
424 30 4 156 156 156 362
114 462 4 13 93 234 363
306 136 3 29 29 29 364
500 18 4 119 119 119 365
482 24 4 174 174 174 366
204 370 3 11 9 229 367
296 96 3 58 58 58 368
384 164 3 153 153 153 369
192 642 3 2 206 231 370
562 28 6 45 45 45 371
548 4 7 70 70 70 372
552 172 4 86 86 86 373
346 110 3 184 184 184 374
444 188 5 33 20 34 375
494 218 4 137 137 137 376
306 92 3 63 63 63 377
338 164 2 199 199 199 378
534 256 3 99 99 99 379
472 194 3 133 133 133 380
554 56 6 131 131 131 381
520 26 6 100 100 100 382
244 58 4 116 116 116 383
322 160 2 170 170 170 384
520 14 5 94 94 94 385
556 152 5 86 86 86 386
462 178 3 123 123 123 387
482 222 4 64 64 64 388
226 66 4 11 11 11 389
302 646 3 50 237 241 390
196 608 19 45 188 255 391
450 56 3 181 181 181 392
116 648 3 0 134 212 393
46 548 3 2 92 223 394
420 78 7 120 120 120 395
526 34 4 0 0 0 396
358 272 6 107 25 144 397
544 48 5 111 111 111 398
416 702 3 0 165 135 399
462 170 3 157 157 157 400
234 58 4 40 40 40 401
472 210 6 106 106 106 402
186 722 4 0 194 221 403
218 666 3 0 189 221 404
264 296 5 60 4 169 405
294 134 2 124 124 124 406
540 236 4 145 145 145 407
414 242 3 103 46 115 408
256 502 24 142 210 255 409
240 40 4 86 86 86 410
498 8 4 135 135 135 411
240 70 4 92 92 92 412
552 224 4 62 62 62 413
454 166 3 154 154 154 414
466 224 6 139 139 139 415
330 160 2 156 156 156 416
434 182 4 25 16 29 417
456 196 4 37 18 35 418
330 90 2 152 152 152 419
420 48 6 73 73 73 420
354 508 24 162 228 179 421
228 24 4 0 0 0 422
498 38 3 104 104 104 423
222 4 6 79 79 79 424
428 18 4 129 129 129 425
454 208 5 50 20 39 426
450 242 11 77 51 44 427
478 36 4 192 192 192 428
138 648 3 0 143 218 429
136 396 3 0 48 242 430
434 628 2 60 197 166 431
472 30 4 185 185 185 432
390 308 3 207 110 167 433
458 38 3 6 6 6 434
344 736 2 60 216 199 435
560 130 4 105 105 105 436
372 186 4 163 163 163 437
352 18 7 84 84 84 438
332 374 2 178 151 224 439
88 432 3 0 64 201 440
350 174 3 208 208 208 441
244 586 17 88 219 255 442
226 622 3 49 202 231 443
428 40 4 152 152 152 444
476 174 3 162 162 162 445
562 142 3 69 69 69 446
160 614 3 22 178 214 447
336 102 2 0 0 0 448
470 580 2 23 165 94 449
230 32 4 4 4 4 450
444 12 3 131 131 131 451
458 82 5 97 97 97 452
136 674 3 0 148 220 453
276 622 2 82 253 251 454
332 128 3 40 40 40 455
406 160 3 160 160 160 456
116 674 3 0 159 219 457
536 246 3 125 125 125 458
418 312 3 195 93 88 459
428 192 3 54 22 53 460
260 572 3 88 221 255 461
386 288 2 154 52 153 462
176 540 2 98 162 226 463
344 100 3 124 124 124 464
436 162 3 144 144 144 465
288 12 6 126 126 126 466
356 724 3 0 182 152 467
378 248 3 106 35 145 468
314 96 2 130 130 130 469
216 404 2 70 107 245 470
352 148 4 175 175 175 471
200 508 2 132 193 255 472
514 242 4 141 141 141 473
188 268 4 16 16 16 474
488 182 2 151 151 151 475
180 580 2 150 209 249 476
452 74 5 104 104 104 477
464 76 3 201 201 201 478
460 288 4 125 76 32 479
314 88 3 91 91 91 480
326 140 3 146 146 146 481
482 58 3 17 17 17 482
560 164 4 71 71 71 483
272 532 2 175 236 232 484
248 18 5 93 93 93 485
312 116 6 57 57 57 486
400 170 2 152 152 152 487
198 670 3 3 207 254 488
246 704 3 1 208 230 489
302 546 21 130 253 255 490
306 608 19 42 254 254 491
314 644 3 91 255 255 492
554 98 3 174 174 174 493
340 596 2 106 247 228 494
560 106 4 157 157 157 495
160 396 2 38 58 223 496
414 132 5 0 0 0 497
372 410 3 241 227 229 498
242 612 2 105 239 249 499
480 616 25 0 149 56 500
372 394 2 206 200 195 501
478 8 3 164 164 164 502
288 738 4 0 206 210 503
100 636 2 75 172 206 504
198 16 4 68 68 68 505
270 678 3 0 206 226 506
282 656 3 83 232 229 507
366 178 2 175 175 175 508
474 14 2 217 217 217 509
468 26 2 164 164 164 510
444 32 4 0 0 0 511
262 732 18 1 205 206 512
424 172 9 88 88 88 513
218 584 3 95 210 231 514
216 50 4 0 0 0 515
226 74 3 3 3 3 516
356 708 3 1 181 152 517
306 8 4 103 103 103 518
248 470 3 158 195 247 519
214 58 3 32 32 32 520
208 48 4 44 44 44 521
316 128 6 80 80 80 522
216 12 3 10 10 10 523
320 176 3 214 214 214 524
564 64 5 161 161 161 525
204 484 2 105 170 231 526
322 94 4 137 137 137 527
86 544 2 26 126 228 528
208 6 4 72 72 72 529
566 88 5 203 203 203 530
484 552 21 1 166 68 531
168 462 3 26 83 255 532
492 646 3 56 159 131 533
400 262 3 134 36 132 534
560 206 4 47 47 47 535
246 4 6 77 77 77 536
180 708 3 17 162 184 537
378 140 2 176 176 176 538
560 14 5 38 38 38 539
242 410 3 52 95 234 540
98 436 3 58 108 208 541
194 514 4 0 12 24 542
298 732 2 84 222 211 543
424 630 3 75 247 219 544
564 174 4 62 62 62 545
308 100 2 129 129 129 546
450 98 4 122 122 122 547
406 168 2 159 159 159 548
498 48 4 92 92 92 549
224 510 3 106 171 226 550
470 172 3 166 166 166 551
318 168 2 193 193 193 552
222 566 2 99 202 234 553
148 596 2 0 163 216 554
132 324 3 18 18 18 555
412 470 24 176 217 108 556
172 44 3 16 16 16 557
148 686 3 20 160 196 558
180 380 4 1 0 231 559
426 160 3 155 155 155 560
438 2 5 154 154 154 561
436 84 4 0 0 0 562
358 178 6 146 146 146 563
348 412 2 206 200 195 564
106 544 3 31 147 248 565
150 512 2 59 154 228 566
366 472 3 221 246 218 567
158 420 3 0 42 234 568
400 6 7 58 58 58 569
568 720 18 16 16 16 570
448 162 4 21 21 21 571
428 384 3 218 200 159 572
12 708 2 16 16 16 573
466 18 3 167 167 167 574
492 32 3 56 56 56 575
252 644 15 41 232 255 576
412 116 2 201 201 201 577
342 192 3 147 147 147 578
372 604 2 88 209 181 579
368 6 8 76 76 76 580
324 516 2 186 243 244 581
530 572 6 16 16 16 582
268 588 3 86 217 255 583
548 180 3 0 0 0 584
264 108 3 186 186 186 585
244 562 3 86 217 255 586
334 654 3 116 255 253 587
402 270 3 146 54 149 588
408 644 2 71 229 212 589
540 222 3 154 154 154 590
242 140 4 16 16 16 591
482 44 2 168 168 168 592
236 428 3 88 110 246 593
338 250 3 90 10 147 594
252 90 2 173 173 173 595
338 112 5 169 169 169 596
418 356 2 218 188 153 597
236 550 2 182 255 253 598
550 232 4 51 51 51 599
468 6 3 141 141 141 600
144 534 2 53 164 236 601
380 420 4 49 46 42 602
486 154 2 147 147 147 603
424 592 24 2 200 142 604
370 90 3 1 1 1 605
388 546 2 196 255 246 606
220 716 3 0 203 230 607
284 588 2 142 242 236 608
130 390 4 38 49 111 609
450 572 3 45 179 107 610
340 704 2 26 212 190 611
384 676 2 13 197 167 612
510 114 4 164 164 164 613
458 184 3 14 14 14 614
476 482 18 94 165 1 615
202 382 4 13 18 240 616
142 492 3 27 109 244 617
322 84 4 139 139 139 618
198 4 4 70 70 70 619
560 196 4 66 66 66 620
238 530 2 158 222 240 621
504 108 4 163 163 163 622
538 8 4 5 5 5 623
420 374 3 232 206 169 624
346 690 3 38 191 170 625
554 24 3 0 0 0 626
396 732 6 1 181 152 627
394 554 3 128 222 205 628
184 560 3 97 174 206 629
184 688 2 68 197 224 630
330 446 2 211 246 255 631
302 106 4 120 120 120 632
390 490 3 160 216 163 633
570 178 3 0 0 0 634
482 142 10 164 164 164 635
414 724 2 48 196 172 636
506 524 3 46 132 54 637
454 592 3 19 156 88 638
152 636 3 19 190 228 639
260 268 3 16 16 16 640
282 570 2 175 255 255 641
318 152 2 184 184 184 642
90 370 4 17 17 17 643
332 586 2 148 255 251 644
484 178 2 188 188 188 645
286 130 3 145 145 145 646
272 552 2 177 249 243 647
370 538 2 188 252 233 648
234 8 5 101 101 101 649
442 230 2 60 45 53 650
60 306 3 18 18 18 651
76 498 2 17 79 185 652
188 786 4 18 18 18 653
456 2 4 222 222 222 654
124 382 2 45 64 179 655
26 356 4 18 18 18 656
316 354 3 195 162 229 657
292 226 4 16 16 16 658
228 708 4 0 204 229 659
296 112 3 139 139 139 660
400 662 2 54 214 190 661
496 136 2 154 154 154 662
294 128 4 7 7 7 663
20 684 3 18 18 18 664
204 140 4 16 16 16 665
366 568 24 81 237 212 666
278 126 3 133 133 133 667
326 496 2 168 227 223 668
502 2 3 0 0 0 669
416 534 24 74 209 123 670
334 358 3 171 137 224 671
370 208 4 0 0 0 672
180 522 2 79 160 241 673
488 514 2 38 133 52 674
564 98 4 3 3 3 675
498 242 12 0 0 0 676
496 576 4 2 7 10 677
332 430 2 207 227 245 678
550 114 2 0 0 0 679
562 220 5 43 43 43 680
168 592 3 6 179 235 681
564 188 4 0 0 0 682
274 604 2 84 226 221 683
446 154 4 199 199 199 684
354 602 3 11 0 5 685
308 508 4 141 174 177 686
312 152 4 87 87 87 687
264 378 2 113 113 243 688
444 506 2 92 196 103 689
78 414 4 0 77 205 690
282 636 3 73 246 242 691
238 680 3 0 3 1 692
90 512 2 7 73 176 693
314 436 2 191 195 236 694
258 398 2 85 75 221 695
314 576 2 131 255 247 696
298 742 2 6 197 188 697
288 496 2 160 217 218 698
288 514 2 144 200 211 699
360 140 2 199 199 199 700
230 520 6 132 161 165 701
468 518 2 19 83 17 702
454 634 3 39 168 141 703
226 686 2 11 211 240 704
226 668 3 0 4 10 705
294 4 4 0 0 0 706
94 526 3 53 139 223 707
470 646 3 0 154 120 708
360 194 6 0 0 0 709
374 762 10 0 0 0 710
256 36 3 0 0 0 711
402 624 2 101 242 225 712
402 684 2 45 216 190 713
392 612 2 101 225 203 714
394 118 4 219 219 219 715
394 228 3 93 30 92 716
456 580 3 4 167 69 717
414 4 6 113 113 113 718
450 8 4 5 5 5 719
104 600 2 72 164 223 720
252 566 4 88 219 255 721
134 588 4 53 152 204 722
364 732 6 0 182 152 723
506 570 5 48 136 83 724
130 544 3 73 162 223 725
164 426 2 26 45 112 726
112 454 2 84 127 208 727
390 158 3 73 73 73 728
268 70 4 16 16 16 729
340 458 3 0 3 0 730
388 428 2 206 205 184 731
56 588 2 57 145 205 732
222 324 3 14 0 205 733
306 502 2 155 180 184 734
82 632 2 70 170 204 735
272 280 8 1 0 2 736
102 488 4 0 0 28 737
386 526 2 156 226 213 738
186 28 4 0 0 0 739
478 396 3 148 140 33 740
134 418 3 0 16 235 741
316 700 8 0 230 231 742
226 602 2 112 236 244 743
290 20 2 0 0 0 744
380 158 4 164 164 164 745
288 404 2 167 164 219 746
96 616 2 95 181 227 747
194 36 4 0 0 0 748
286 710 5 0 3 0 749
384 482 2 192 232 191 750
546 212 3 69 69 69 751
552 300 9 20 20 20 752
462 386 2 156 126 21 753
446 172 2 138 138 138 754
180 552 6 50 74 86 755
278 552 4 80 138 143 756
434 12 4 32 32 32 757
190 680 4 0 1 1 758
560 316 2 8 8 8 759
168 558 4 50 166 251 760
448 550 2 56 185 116 761
206 558 6 101 188 254 762
520 2 6 109 109 109 763
342 616 2 100 238 220 764
556 136 3 0 0 0 765
204 466 4 106 161 255 766
164 250 3 16 16 16 767
268 660 4 39 232 252 768
262 760 4 0 200 196 769
430 6 2 8 8 8 770
450 512 3 66 114 66 771
530 12 2 71 71 71 772
270 570 7 86 219 253 773
434 442 5 13 2 10 774
434 562 2 71 185 125 775
114 594 3 0 0 8 776
288 756 3 87 212 193 777
440 552 3 0 11 0 778
390 690 6 1 181 152 779
412 732 6 0 0 0 780
356 716 3 3 183 154 781
556 178 2 33 33 33 782
122 562 3 66 152 218 783
124 366 3 0 27 188 784
338 666 4 4 13 16 785
338 424 4 10 13 18 786
148 308 20 16 16 16 787
334 634 2 95 255 242 788
548 510 4 16 16 16 789
166 548 6 52 163 255 790
168 580 4 70 172 255 791
330 696 4 0 234 234 792
358 698 7 0 184 154 793
208 722 4 8 206 234 794
212 628 4 45 194 244 795
216 590 2 0 14 20 796
374 326 2 155 119 195 797
316 192 6 0 0 0 798
542 84 4 172 172 172 799
240 476 4 18 49 70 800
240 716 4 5 0 2 801
312 162 5 132 132 132 802
460 424 24 198 162 2 803
456 474 3 94 170 0 804
256 612 3 113 255 250 805
378 740 7 1 181 152 806
452 600 4 4 0 0 807
192 556 3 101 188 254 808
512 592 7 0 1 0 809
468 588 5 0 28 0 810
230 486 7 60 84 114 811
230 86 5 0 0 0 812
134 742 6 0 0 0 813
430 402 4 25 15 0 814
508 468 10 2 0 3 815
360 676 5 0 4 0 816
232 440 4 106 171 255 817
36 584 6 7 0 0 818
118 590 3 30 102 144 819
526 270 7 0 0 0 820
326 244 6 0 0 1 821
52 636 2 70 174 209 822
544 742 2 18 18 18 823
464 148 3 10 10 10 824
406 442 5 175 197 132 825
308 722 4 0 3 7 826
284 742 2 0 203 204 827
340 752 4 11 190 169 828
146 582 8 42 165 255 829
322 716 2 84 235 226 830
22 512 3 0 0 0 831
282 270 3 0 0 0 832
322 584 3 0 0 7 833
140 546 3 41 157 251 834
280 750 6 0 201 202 835
566 156 2 7 7 7 836
558 92 3 39 39 39 837
108 378 4 33 50 190 838
460 552 3 0 171 72 839
278 666 4 9 4 3 840
218 648 4 6 4 0 841
476 668 2 29 156 125 842
446 716 7 0 0 0 843
302 574 4 0 4 0 844
450 614 3 52 127 111 845
274 672 3 18 76 75 846
406 498 2 175 235 201 847
332 228 11 0 0 0 848
332 526 4 0 0 4 849
538 680 22 16 16 16 850
476 234 5 64 64 64 851
448 466 5 75 107 50 852
174 630 3 0 29 34 853
470 322 4 0 0 8 854
160 578 4 58 163 254 855
552 238 2 18 18 18 856
296 422 2 203 190 244 857
156 174 4 17 17 17 858
182 630 3 24 180 239 859
52 658 10 0 0 0 860
102 448 4 0 0 32 861
292 442 2 210 206 248 862
302 142 2 88 88 88 863
96 494 2 48 109 207 864
248 678 4 21 3 4 865
348 206 3 1 1 1 866
378 482 3 2 10 9 867
458 454 2 158 201 68 868
274 264 5 12 12 12 869
492 582 2 70 146 104 870
564 288 3 59 59 59 871
162 586 4 41 157 244 872
558 234 4 33 33 33 873
182 310 3 0 0 0 874
500 500 4 0 60 0 875
486 436 4 108 148 53 876
154 90 4 19 19 19 877
456 568 4 7 0 6 878
100 622 4 0 0 14 879
456 464 3 96 168 0 880
146 476 3 0 2 32 881
190 716 3 4 9 12 882
348 452 3 218 227 200 883
552 252 7 0 0 0 884
194 664 4 11 12 16 885
566 38 3 90 90 90 886
554 108 2 8 8 8 887
340 4 3 69 69 69 888
202 640 6 0 6 0 889
260 560 6 85 218 255 890
476 508 5 93 165 0 891
430 664 23 0 181 126 892
476 450 2 105 152 53 893
352 538 2 214 255 255 894
124 274 6 16 16 16 895
116 666 4 27 8 0 896
414 140 2 39 39 39 897
392 446 6 211 213 184 898
218 554 6 108 195 255 899
354 326 2 178 135 198 900
114 432 3 11 3 4 901
386 592 4 13 92 73 902
436 398 3 5 0 6 903
226 544 7 96 191 254 904
374 648 23 1 229 192 905
228 308 4 18 0 200 906
92 708 8 0 0 0 907
232 558 6 0 1 0 908
314 524 4 136 253 255 909
234 686 3 33 229 239 910
410 564 2 109 215 198 911
234 744 4 0 4 0 912
234 772 3 18 18 18 913
258 666 4 46 234 253 914
238 134 2 18 18 18 915
238 350 2 44 41 221 916
238 436 3 5 6 2 917
238 566 4 87 226 255 918
34 682 3 17 17 17 919
240 84 4 11 11 11 920
444 394 4 0 0 7 921
382 462 2 229 237 214 922
300 246 8 0 0 0 923
280 6 3 0 0 0 924
382 208 3 5 0 1 925
358 606 3 78 233 212 926
528 726 2 20 20 20 927
108 636 3 0 22 46 928
108 362 4 0 0 0 929
364 722 4 0 184 154 930
364 746 4 0 0 14 931
404 650 4 5 0 4 932
374 454 4 220 228 205 933
556 618 4 16 16 16 934
556 272 6 0 0 0 935
382 512 4 163 224 180 936
384 620 5 0 221 186 937
568 50 5 116 116 116 938
396 572 2 153 239 221 939
522 580 4 2 2 2 940
554 324 4 18 18 18 941
2 372 11 16 16 16 942
42 340 19 16 16 16 943
42 646 4 19 19 19 944
14 294 7 18 18 18 945
508 690 3 17 17 17 946
146 338 8 0 0 4 947
570 136 5 0 0 0 948
158 402 4 2 0 7 949
158 468 4 11 0 0 950
498 532 3 1 163 61 951
496 382 6 0 0 0 952
168 294 2 19 19 19 953
58 146 4 18 18 18 954
172 306 4 16 16 16 955
62 440 6 11 0 3 956
190 126 3 2 2 2 957
190 524 4 102 187 255 958
192 472 4 0 0 25 959
66 678 5 0 2 0 960
198 478 2 185 224 255 961
200 776 10 16 16 16 962
206 438 4 89 150 243 963
74 684 5 0 0 0 964
228 644 4 39 230 255 965
232 664 4 25 227 244 966
242 660 4 41 232 255 967
244 292 4 4 0 1 968
254 272 2 14 14 14 969
254 292 6 0 0 6 970
256 752 2 3 199 209 971
258 140 4 15 15 15 972
270 634 5 41 229 255 973
270 134 8 0 0 0 974
280 774 11 0 0 0 975
282 484 6 117 132 134 976
442 512 3 0 42 0 977
286 526 3 128 251 249 978
440 452 4 61 85 27 979
26 546 5 18 18 18 980
290 694 10 0 230 231 981
290 794 6 18 18 18 982
292 628 4 40 255 255 983
294 436 4 91 91 103 984
298 260 3 0 0 1 985
28 506 3 0 0 0 986
302 514 4 0 5 10 987
96 326 2 20 20 20 988
426 418 5 5 3 0 989
426 750 16 9 9 9 990
100 144 10 0 0 0 991
532 22 2 40 40 40 992
332 558 5 9 0 3 993
336 550 2 131 189 184 994
342 442 6 218 221 199 995
350 662 4 3 218 197 996
352 332 4 4 2 0 997
354 414 4 157 149 150 998
308 766 7 0 0 1 999
526 294 2 18 18 18 1000
380 686 5 1 183 153 1001
80 318 13 16 16 16 1002
244 440 4 170 181 178 1003
240 782 2 19 19 19 1004
540 284 3 18 18 18 1005
6 702 4 14 14 14 1006
378 428 4 229 233 208 1007
228 340 4 3 3 27 1008
318 650 3 0 0 3 1009
222 134 2 16 16 16 1010
532 402 3 12 12 12 1011
22 258 15 16 16 16 1012
474 700 4 0 1 0 1013
6 182 2 19 19 19 1014
476 686 4 9 0 6 1015
562 330 3 3 3 3 1016
70 298 4 0 0 0 1017
68 714 4 16 16 16 1018
200 720 3 0 205 224 1019
196 762 4 0 0 0 1020
194 296 8 0 0 0 1021
354 612 4 12 1 3 1022
484 580 4 0 4 4 1023
184 544 3 95 185 249 1024
180 266 4 16 16 16 1025
370 620 2 0 231 192 1026
176 320 7 0 6 0 1027
404 504 4 0 7 0 1028
176 356 4 2 3 0 1029
490 456 4 28 49 0 1030
174 30 2 14 14 14 1031
568 234 6 0 0 0 1032
332 2 4 121 121 121 1033
160 56 14 14 14 14 1034
550 498 3 12 12 12 1035
502 370 4 19 19 19 1036
16 598 5 0 0 0 1037
52 316 7 16 16 16 1038
404 708 7 1 181 152 1039
506 414 19 0 0 0 1040
510 632 3 0 0 0 1041
46 300 6 0 0 0 1042
44 372 13 16 16 16 1043
514 258 6 0 0 0 1044
12 678 6 16 16 16 1045
126 354 6 0 0 1 1046
122 732 5 0 0 0 1047
118 760 18 14 14 14 1048
394 600 5 53 185 149 1049
356 462 8 218 227 200 1050
406 428 3 2 6 0 1051
388 2 6 10 10 10 1052
386 788 3 18 18 18 1053
294 668 11 0 233 226 1054
8 346 9 0 0 0 1055
296 144 4 0 0 0 1056
294 762 4 0 0 3 1057
298 192 4 15 15 15 1058
442 612 3 66 217 177 1059
282 564 4 6 2 7 1060
96 360 2 19 19 19 1061
346 596 4 24 3 11 1062
264 752 2 0 202 208 1063
16 652 18 16 16 16 1064
24 694 6 0 0 0 1065
34 284 4 2 2 2 1066
38 466 8 0 0 0 1067
44 636 5 0 0 0 1068
58 286 9 6 6 6 1069
66 690 5 0 0 0 1070
70 398 13 0 0 0 1071
78 704 4 3 3 3 1072
88 274 3 19 19 19 1073
98 158 3 17 17 17 1074
98 724 4 15 15 15 1075
102 304 7 0 0 0 1076
108 276 6 0 0 0 1077
110 170 7 16 16 16 1078
112 314 5 16 16 16 1079
114 132 4 0 0 0 1080
116 330 6 0 0 0 1081
128 344 4 0 0 3 1082
136 248 11 0 0 0 1083
136 562 4 49 168 253 1084
138 106 4 15 15 15 1085
186 644 3 0 1 7 1086
194 284 3 2 2 2 1087
194 694 4 0 203 230 1088
200 502 4 11 26 45 1089
202 60 7 0 0 0 1090
204 304 3 0 3 0 1091
218 84 4 1 1 1 1092
230 752 3 3 0 18 1093
244 276 8 14 14 14 1094
254 538 4 122 149 146 1095
256 126 8 0 0 0 1096
276 680 3 0 0 12 1097
282 628 5 0 1 4 1098
300 220 3 15 15 15 1099
306 710 5 4 229 231 1100
316 632 7 48 255 255 1101
348 630 7 0 226 188 1102
354 476 4 0 9 5 1103
382 200 4 0 0 0 1104
392 514 6 12 0 4 1105
396 578 4 12 2 2 1106
396 618 5 11 2 5 1107
402 790 6 0 0 0 1108
406 690 4 0 2 0 1109
438 482 3 14 9 0 1110
444 732 3 19 19 19 1111
446 498 3 0 8 0 1112
452 532 6 0 25 0 1113
468 708 6 0 0 0 1114
468 452 4 0 0 3 1115
474 314 3 0 0 0 1116
478 336 4 0 0 7 1117
480 368 9 0 0 3 1118
500 674 6 19 19 19 1119
508 498 4 5 0 6 1120
516 656 11 16 16 16 1121
526 488 16 0 0 0 1122
534 634 7 0 0 0 1123
538 718 7 0 0 0 1124
542 262 4 0 0 0 1125
548 752 9 16 16 16 1126
552 594 19 14 14 14 1127
558 634 8 0 0 0 1128
558 662 3 18 18 18 1129
570 16 4 0 0 0 1130
354 760 6 0 0 0 1131
66 416 5 1 1 1 1132
546 622 3 2 2 2 1133
332 704 2 89 239 233 1134
332 604 6 40 247 249 1135
328 626 6 35 255 252 1136
308 656 4 0 231 229 1137
296 272 2 1 0 33 1138
50 452 6 2 0 1 1139
48 696 4 2 2 2 1140
436 728 5 0 0 0 1141
438 406 4 208 165 0 1142
290 172 4 16 16 16 1143
552 418 9 0 0 0 1144
288 448 3 0 12 15 1145
276 714 4 6 202 208 1146
270 154 10 14 14 14 1147
40 536 4 0 4 5 1148
454 390 4 1 9 8 1149
454 646 6 0 179 119 1150
244 746 5 0 208 208 1151
460 504 4 93 162 0 1152
460 686 6 0 181 126 1153
462 670 10 0 181 126 1154
36 164 15 16 16 16 1155
464 462 5 96 172 7 1156
226 680 4 0 207 228 1157
224 332 4 9 0 0 1158
222 474 3 104 163 255 1159
558 430 4 1 1 1 1160
32 144 4 6 6 6 1161
198 452 4 118 171 255 1162
192 508 2 28 54 94 1163
28 420 24 16 16 16 1164
188 280 4 0 0 0 1165
186 158 17 14 14 14 1166
6 510 11 16 16 16 1167
180 276 4 0 0 0 1168
490 324 4 2 2 2 1169
492 466 4 89 160 0 1170
24 308 8 0 0 0 1171
494 692 11 0 0 0 1172
164 268 6 0 0 0 1173
496 640 2 0 4 0 1174
158 790 6 1 1 1 1175
158 240 2 16 16 16 1176
500 486 4 93 164 0 1177
502 316 3 17 17 17 1178
504 634 3 0 2 0 1179
146 780 4 17 17 17 1180
510 384 2 17 17 17 1181
564 492 8 14 14 14 1182
564 684 3 1 1 1 1183
132 330 3 15 15 15 1184
518 308 14 16 16 16 1185
4 282 6 16 16 16 1186
124 186 5 19 19 19 1187
118 320 2 18 18 18 1188
116 110 11 14 14 14 1189
526 560 5 16 16 16 1190
108 350 4 0 0 0 1191
102 260 11 16 16 16 1192
536 734 8 15 15 15 1193
86 152 6 16 16 16 1194
82 726 6 14 14 14 1195
10 582 11 16 16 16 1196
396 700 4 3 183 154 1197
402 640 5 0 7 0 1198
370 260 3 24 0 26 1199
366 394 4 206 204 203 1200
30 630 6 1 1 1 1201
8 328 3 15 15 15 1202
344 586 4 78 235 214 1203
16 386 7 0 0 0 1204
64 136 8 0 0 0 1205
28 378 4 0 0 0 1206
418 778 4 0 0 0 1207
518 702 3 17 17 17 1208
10 614 4 0 0 0 1209
520 388 9 16 16 16 1210
520 718 5 23 23 23 1211
420 692 4 0 180 129 1212
326 660 4 0 230 224 1213
422 442 6 179 210 131 1214
122 260 5 0 0 0 1215
308 788 13 16 16 16 1216
362 788 13 16 16 16 1217
4 610 3 0 0 0 1218
178 22 4 14 14 14 1219
178 12 5 14 14 14 1220
174 784 6 0 0 0 1221
174 794 4 0 0 0 1222
48 680 4 0 0 0 1223
24 458 4 18 18 18 1224
46 136 9 0 0 0 1225
286 234 6 14 14 14 1226
444 524 4 69 202 116 1227
282 248 9 14 14 14 1228
444 696 6 2 178 124 1229
496 360 4 16 16 16 1230
164 84 3 0 0 0 1231
498 306 4 1 1 1 1232
20 468 5 0 0 0 1233
150 216 3 17 17 17 1234
246 458 3 4 20 36 1235
6 490 4 3 3 3 1236
36 516 6 0 0 3 1237
236 626 4 43 230 251 1238
234 282 4 16 16 16 1239
34 704 7 14 14 14 1240
84 120 11 14 14 14 1241
230 760 5 1 1 1 1242
82 716 4 14 14 14 1243
224 768 5 14 17 15 1244
216 282 5 14 14 14 1245
Neighbours
0 :  21 25 73 75 91 370 429 453 488 558 630 639 758 853 859 885 889 1086 1088
1 :  21 91 208 354 453 457 558 896 907 1047 1075
2 :  20 171 239 276 360 430 496 559 609 655 784 947 949 1029 1046 1082
3 :  31 63 77 81 157 200 565 566 601 617 693 707 725 737 834 864
4 :  42 45 47 89 181 209 657 688
5 :  45 54 89 163 213 312 346 540 593 695 746 817 857 862 917 984 1003 1145 1235
6 :  20 35 93 239 430 440 541 609 643 655 690 741 838 861 901 1071 1132
7 :  21 58 115 208 393 457 504 735 860 879 896 928 960 964 1070
8 :  126 166 180 234 435 503 543 697 826 828 830 999 1057 1100
9 :  51 75 91 127 354 403 537 882
10 :  29 72 77 81 188 288 306 528 565 720 722 776 783 819 1084
11 :  29 81 134 188 200 394 528 652 693 707 986 1148 1237
12 :  58 72 115 161 300 306 732 735 747 818 822 879 944 1068 1201
13 :  38 60 63 152 157 253 472 526 532 542 566 617 673 766 881 950 958 959 961 1089 1163
14 :  21 58 72 73 97 288 393 429 447 504 554 639 720 722 747 776 819 829 879 928
15 :  20 31 38 93 157 353 363 532 568 726 727 741 861 881 901 950
16 :  20 38 54 171 305 353 358 470 496 559 568 616 726 949 963
17 :  90 148 197 273 309 572 597 624 753 854 903 921 1117 1118 1149
18 :  307 489 506 512 865 1097
19 :  32 46 356 433 459 462 534 588
20 :  430 568 741 949
21 :  0 393 429 453 457 896
22 :  23 45 54 171 187 209 367 470 540 616 688 695 916 1008
23 :  171 187 276 290 360 367 733 874 1008 1021 1027 1029 1091 1158
24 :  760 790 791 829 834 855 1084
25 :  404 488 841 885 889
26 :  47 181 331 405 736 832 970 1138
27 :  701 762 808 899 904 958 1024
28 :  399 636 843 1141 1229
29 :  10 188 300 306 394 732 818
30 :  533 708 842 1119 1121
31 :  3 15 157 284 363
32 :  19 61 397 462 468 534 588 1199
33 :  281 338 912 1020 1093 1242
34 :  44 99 497 577 715
35 :  440 690 956 1132
36 :  56 70 80 445 475 603 645
37 :  153 456 465 560 684 897
38 :  253 305 353 532 1162
39 :  37 116 153 497 577
40 :  612 661 713 779 892 905
41 :  766 800 817 917 963 1003 1159 1162 1235
42 :  4 439 657 671
43 :  92 99 111 155 315 538
44 :  65 69 577 715
45 :  89 688 695
46 :  19 61 264 356 408 534 588
47 :  4 26 187 209 290 405 733 906 916 968 970 1008 1158
48 :  68 99 111 538 728 745
49 :  442 454 491 683 805 973
50 :  64 76 154 635 662
51 :  33 127 338 403 1020
52 :  124 139 225 285
53 :  74 78 79 144 226 368
54 :  358 470 540 593
55 :  134 986 1067 1233 1236
56 :  36 400 445 551 571 603 635 824
57 :  70 114 131 145 192 211
58 :  7 504 735 879
59 :  498 501 564 998 1200
60 :  472 526 550 811 1089
61 :  32 46 88 210 408 468 534 716
62 :  116 172 395 562
63 :  152 566 601 790
64 :  50 80 192 250 613 662
65 :  44 69 172 204 214
66 :  544 589 604 712 892 1198
67 :  69 155 158 715
68 :  37 48 456 897
69 :  44 65 67 149 158 204
70 :  36 57 80 145 192
71 :  797 900 997
72 :  10 12 720 747
73 :  14 447 639 853
74 :  53 78 105 226 302 585
75 :  0 91 537 630 1088
76 :  50 121 122 154
77 :  3 565 725 783 1084
78 :  53 74 178 196 302 595 729
79 :  53 102 109 124 729
80 :  36 64 70 192 635
81 :  11 528 565 707
82 :  494 685 764 926 1022 1062 1102 1135
83 :  169 182 238 613
84 :  96 106 156 203 275
85 :  87 379 458 473 820 1044
86 :  158 170 199 242 277 605
87 :  85 160 334 407 590
88 :  61 110 219 468 672 716 925
89 :  4 45 746
90 :  113 597 624
91 :  1 9 75 558
92 :  43 155 173 315 350 471 700
93 :  15 541 727 861 901
94 :  332 514 553 762
95 :  579 714 902 937 1026 1049
96 :  84 128 156 199 299
97 :  391 447 554 681
98 :  106 109 167 203 257 321
99 :  34 43 48 68 155 538 715
100 :  332 391 476 629 760 762
101 :  731 825 898 1051
102 :  124 139 178 280 729
103 :  627 710 990 1108 1207
104 :  598 621 890 904 918 1095
105 :  226 585 667 1096
106 :  84 98 109 128 203
107 :  409 484 647 890 1095
108 :  633 1028 1105
109 :  79 106 124 144 167
110 :  88 397 468 594 848 1199
111 :  43 236 471 700 745
112 :  295 456 487 728
113 :  90
114 :  57 131 145 159 584
115 :  7 12 822 860
116 :  39 62 121 153 547
117 :  421 666 849 894 994
118 :  604 610 775 778 839 878
119 :  491 583 608 641 844
120 :  130 164 179 202 232 376
121 :  76 116 153 547
122 :  76 121 154 183 267 272
123 :  391 442 443 499 743 1238
124 :  52 79 102 109 167
125 :  677 724 809 870
126 :  512 543 749 826 1100
127 :  9 51 1020 1175 1180 1221
128 :  96 106 144 618
129 :  606 648 666 670 738
130 :  232 256 376 388
131 :  57 114 211 373 386 483
132 :  232 256 282 380 475
133 :  587 788 1009 1101
134 :  11 55 284
135 :  210 215 259 460
136 :  165 877 957 1085 1166 1231
137 :  211 250 268 314
138 :  625 785 793 816 996
139 :  52 102 124 237 711
140 :  631 678 694 995
141 :  825 989 1051 1214
142 :  390 507 691 983 1054
143 :  644 696 833 993
144 :  53 79 109 128 377
145 :  70 114 159 179
146 :  195 198 260 265 274 283
147 :  977 1110 1112
148 :  17 572 903 921
149 :  69 170 190 204 605
150 :  702 771 1113 1152
151 :  169 238 286 292
152 :  13 63 463 673 790
153 :  37 39 116 121
154 :  50 76 122 220 622
155 :  43 67 92 99 158 277 315
156 :  84 96 170 193 199 275
157 :  3 31 617 881
158 :  67 69 155 277 605
159 :  114 145 160 179 240 751
160 :  87 159 179 202 590
161 :  12 818 1037 1201 1209 1218
162 :  637 674 875 1122
163 :  224 312 346 409 519
164 :  120 202 334 376 676
165 :  136 858 991 1074 1078 1080 1085 1166 1187 1189
166 :  435 723 828 931 1131
167 :  52 98 109 124 285
168 : 
169 :  83 151 154 220 238 622
170 :  86 149 156 190 199 212
171 :  23 360 367 559 616
172 :  44 62 65 214 395
173 :  92 315 350 455 596
174 :  270 301 348 355 444
175 :  431 703 845
176 :  421 581 668 686 909
177 :  556 567 867 922 933
178 :  78 102 196 383 412
179 :  120 145 159 160
180 :  8 611 742 781 830 1134
181 :  4 26
182 :  83 189 238 493 799
183 :  122 201 267 272 478
184 :  262 343 357 401 515
185 :  815 1040 1122 1144 1160
186 :  607 659 704 794 910 1019 1088 1157
187 :  22 916 1008
188 :  10 11 29 528
189 :  182 493 679 887
190 :  149 170 204 212 283 326
191 :  195 198 221 580 1052
192 :  57 64 70 80 211 250
193 :  156 170 212 275 294
194 :  217 228 329 381
195 :  146 191 198 221 260 294
196 :  78 178 412 595 920
197 :  740 753 952 1118
198 :  146 191 195 248 265 569
199 :  86 96 156 170 242 299
200 :  3 652 693 864
201 :  252 254 267 292 361 482
202 :  120 160 164 179 334 376
203 :  84 98 106 206 257 275
204 :  65 69 149 190 214 326
205 :  274 301 326 395
206 :  203 255 257 345
207 :  698 699 734 987
208 :  1 7 907
209 :  4 22 47 916
210 :  61 135 219 264 408 716
211 :  57 131 137 192 250 268
212 :  170 190 193 260 283
213 :  694 857 984
214 :  65 172 204 326 395
215 :  135 219 247 351 460
216 :  304 310 317 441 578
217 :  194 238 286 329 799
218 :  229 233 336 365 423 575
219 :  88 210 215 716 925
220 :  154 169 267 292
221 :  191 195 294 438 580
222 :  244 324 344 378 384 416 481
223 :  628 666 670 911 939
224 :  163 346 976
225 :  52 237 293 706 924
226 :  53 74 105 368 660
227 :  269 301 395 477 562
228 :  194 525 530 799
229 :  218 233 258 365 382
230 :  322 371 381 398 886 938
231 :  730 1050 1103
232 :  120 130 132 179 256
233 :  218 229 261 316 423 549
234 :  8 697 777 999 1057
235 :  320 362 425 444 511
236 :  111 289 291 441 508 563
237 :  139 225 293 485
238 :  83 151 169 182 217
239 :  655 784 838 929
240 :  159 328 584 620
241 :  151 254 263 286 287 292
242 :  86 199 277 299 464
243 :  255 257 321 518
244 :  222 324 344 350 455 471 481
245 :  452 547 562
246 :  262 343 505 523 739 748
247 :  215 219 295 351 352 437 1104
248 :  198 265 362 425 718
249 :  443 795 841 889 965
250 :  64 137 192 211
251 :  876 893 1030
252 :  201 311 313 361 478
253 :  38 532 959 1162
254 :  241 263 292 337 482 549
255 :  206 243 257 438 888
256 :  130 132 232 380 402 418
257 :  98 203 206 243 255 321
258 :  229 365 385 411 669
259 :  135 375 426 460
260 :  146 195 212 283 294
261 :  233 241 263 287 316 423
262 :  184 246 343 422 505 523
263 :  241 261 549
264 :  46 210 408 427 650
265 :  146 198 248 274 420
266 :  320 574 600 654
267 :  122 154 183 201 220
268 :  137 211 386 765
269 :  227 301 339 355 392 477
270 :  174 279 327 348 355 392
271 :  320 333 434 510 511 574
272 :  122 183 452 547
273 :  17 854 1117
274 :  146 205 265 283 420
275 :  84 156 193 203 345
276 :  2 23
277 :  86 155 158 242 315 374 464
278 :  287 396 398 992
279 :  270 296 320 434 511
280 :  102 178 383 410 711
281 :  33 607 659 801 912
282 :  132 380 387 418 445 645
283 :  146 190 260 274 326
284 :  31 35 93 134 200 363 440 541 652 727 737 861 864 956 1067 1139
285 :  52 167 321 518 706 744
286 :  151 217 238 241 287 329
287 :  241 261 278 286 316 329
288 :  10 722 819
289 :  236 318 563 745
290 :  23 733 906 1091
291 :  236 310 324 471
292 :  151 201 220 241 254
293 :  225 237 536
294 :  193 195 221 260 345
295 :  112 247 351 352 369 487
296 :  279 311 327 339 341 361 392
297 :  322 372 539 626 772 992
298 :  556 803 852 868 979
299 :  96 199 242 419 448 464
300 :  12 161 732 818
301 :  174 205 227 355 395 420
302 :  74 78 585 595
303 :  304 310 319 378 416 524
304 :  216 303 310 378 441 524 552
305 :  16 38 963 1162
306 :  10 12 29 732
307 :  18 749 981 1097 1146
308 :  347 364 416 687 863
309 :  17
310 :  216 291 303 304 324 378 441
311 :  252 296 313 339 361
312 :  5 41 163 1003 1235
313 :  252 311 339 477 478
314 :  137 436 679
315 :  92 155 173 277 374
316 :  233 261 287 396
317 :  216 524 578 798
318 :  289 352 369 437 508
319 :  303 384 416 552
320 :  266 271 511 574 719 757
321 :  98 243 257 285 518
322 :  230 278 297 335 398
323 :  382 385 772 992
324 :  222 244 291 310 378 471
325 :  336 365 366 411 502
326 :  190 204 205 214 283
327 :  270 296 333 341 432 434 510
328 :  240 545 584 682 782
329 :  194 217 278 286 287 398
330 :  455 486 522 527 596
331 :  26 985 1138
332 :  94 100 391 762 808
333 :  271 327 341 428 482 510 592
334 :  87 160 202 473 676
335 :  278 297 322 396 992
336 :  218 325 365 366 575
337 :  341 482 549 575 592
338 :  33 51 794
339 :  269 296 311 313 392 477
340 :  410 450 485 649 711
341 :  296 327 333 337 361 482 592
342 :  357 389 401 515
343 :  184 246 262 521 748
344 :  222 244 384 416 481 642
345 :  206 275 294 438
346 :  5 163 224 1145
347 :  308 364 455 481 522
348 :  174 270 279 355 444 511
349 :  456 513 897
350 :  92 173 244 455 471 481
351 :  215 247 295 352 487 513
352 :  247 295 318 351 369 437 1104
353 :  15 16 38 726
354 :  1 9 813 1047
355 :  174 269 270 301 392
356 :  19 46
357 :  184 342 383 401 410 450
358 :  16 54 963
359 :  486 660 663
360 :  2 23 171 559 1029
361 :  201 252 296 311 341 482
362 :  235 248 265 425 444
363 :  15 31 284 727
364 :  308 406 481 522 663 687 863
365 :  218 229 258 325 336 411
366 :  325 336 432 502 509 574 575 592
367 :  22 23 171 616
368 :  53 144 226 377 546 632
369 :  295 318 352 728 745
370 :  859 889 1086
371 :  322 539 626 886
372 :  297 539 623
373 :  114 131 483 545 584 782
374 :  277 315 464 596
375 :  259 417 418 460 614 754
376 :  120 130 164 202 388
377 :  144 368 469 480 546
378 :  222 303 304 310 324 416
379 :  85 458 820 1125
380 :  132 256 282 418 614
381 :  194 230 398 525 938
382 :  229 323 385 396
383 :  178 280 357 401 410 412
384 :  222 304 319 344 416 552 642 802
385 :  258 323 382 763 772
386 :  131 211 268 446 483 836
387 :  282 400 551 614 754
388 :  130 376 402 415 676 851
389 :  342 401 412 516 520 920
390 :  142 492 983 1137
391 :  123 249 332 370 443 447 476 514 681 743 795 796 853 859 889
392 :  269 270 296 339 355 434
393 :  7 14 21 928
394 :  11 29 980 1148
395 :  62 172 205 214 227 301
396 :  278 316 335 382
397 :  32 110
398 :  230 278 322 329 381
399 :  28 1039 1109 1212
400 :  56 387 414 551
401 :  342 357 383 389 410 412
402 :  130 256 388 415 426
403 :  9 51 537 882 1019
404 :  25 488 705
405 :  26 47 736 970
406 :  364 663 667 863 1056
407 :  87 458 590 599 884
408 :  46 61 210 264
409 :  60 104 107 163 207 224 484 519 550 621 698 699 701 800 811 976 978 1095
410 :  280 340 357 383 401
411 :  258 325 365 669
412 :  178 196 383 389 401 920
413 :  590 599 680 751 1032
414 :  400 571 614 754 824
415 :  388 402 426 427 851
416 :  222 303 319 344 378 384 642
417 :  375 460 513 754
418 :  256 259 282 375 380 402 426 614
419 :  96 299 448 527 618
420 :  265 274 301 444
421 :  108 117 129 176 177 231 567 581 633 648 668 738 750 849 867 894 936 1050 1103 1105
422 :  262 450 485 523 649
423 :  218 233 549 575 592
424 :  422 523 619 649
425 :  235 248 362 718 757
426 :  259 402 415 418
427 :  264 415 650
428 :  333 366 432 575 592
429 :  0 14 21 639
430 :  2 20 609
431 :  175 544 604 1059
432 :  271 327 341 366 428 434 509 510
433 :  19
434 :  271 279 327 392 428 432
435 :  8 166 467 723
436 :  314 765 948
437 :  247 318 352 508 672 709 1104
438 :  221 255 345
439 :  42 671
440 :  6 35 284 541
441 :  216 236 304 310 563 578
442 :  94 123 461 499 514 553 583 586 721 743 773 796 805 890 908 918
443 :  123 249 795 1238
444 :  174 235 348 362 420
445 :  282 551 614 645
446 :  386 765 836 948
447 :  14 73 97 391
448 :  299 419 464 527 596
449 :  717 810 878 1023
450 :  184 340 357 422
451 :  235 320 511 561 719 757
452 :  183 245 272 477 478
453 :  0 1 21 457 558
454 :  49 973 1098
455 :  173 244 330 347 350 481
456 :  68 112 349 548
457 :  1 453 896
458 :  85 87 379 407 856 884
459 :  19
460 :  135 259 417
461 :  442 583 721 773 890
462 :  19 32
463 :  152 790 1024
464 :  242 277 299 374 448
465 :  513 560 571 754
466 :  52 321 706 744 924
467 :  180 435 781 930
468 :  32 61 110 1199
469 :  377 480 527 546
470 :  16 22 54
471 :  92 111 244 291 324 350
472 :  542 1089
473 :  85 87 334 676
474 :  1025 1165 1168
475 :  132 645
476 :  100 391 681 791
477 :  227 245 269 313 339 452
478 :  183 252 313 452
479 : 
480 :  144 377 469 527 618
481 :  222 244 344 347 350 455 687
482 :  201 254 333 337 341 361 592
483 :  131 373 386 545 836
484 :  107 409 490 978
485 :  237 340 536 711
486 :  330 359 522 527 632
487 :  112 295 351 548
488 :  186 404 758 885
489 :  18 659 801
490 :  107 117 119 143 484 581 641 647 686 696 699 756 773 844 849 909 978 987 993 994 1060
491 :  49 119 143 454 492 608 644 683 691 696 833 844 983 1098 1101 1135 1136
492 :  390 1009 1101 1137
493 :  182 189 495 799 837
494 :  644 1062 1135 1203
495 :  314 493 675 887
496 :  2 949
497 :  34 39 897
498 :  59 501 602
499 :  123 442 805 1238
500 :  30 125 175 449 533 638 677 703 708 807 809 810 845 870 1023 1041 1059 1150 1174 1179
501 :  498 1200
502 :  325 366 509 600
503 :  543 697 827
504 :  7 58 928
505 :  246 262 523 529 619 739 1219 1220
506 :  18 846 914 981 1054 1097
507 :  142 768 840 1054
508 :  236 318 437 563
509 :  366 432 502 510 574 600
510 :  271 327 432 509 574
511 :  235 271 279 320 348 451
512 :  281 307 489 503 749 769 777 801 827 835 912 971 1063 1146 1151
513 :  349 351 417 465 560 754
514 :  94 442 743 796
515 :  184 342 520 521
516 :  389 412 812 1092
517 :  180 611 781 793
518 :  243 285 321 706 744
519 :  41 163 800 1235
520 :  389 401 515 1090
521 :  343 515 1090
522 :  347 364 455 486 663
523 :  246 262 422 424 505 529
524 :  303 304 317 319 552 798
525 :  228 381 938
526 :  60 766 961
527 :  330 419 448 469 480 486 618
528 :  10 11 81 188
529 :  505 523 619
530 :  228 675 837
531 :  118 125 162 449 637 677 702 724 761 810 839 870 878 951 1023 1113
532 :  13 15 38 253
533 :  30 1121 1174
534 :  32 46 61 588
535 :  620 680 751
536 :  293 485 649
537 :  9 75 403 882 1088
538 :  43 48 99 111
539 :  371 372 1130
540 :  5 22 54
541 :  6 93 440
542 :  472 958 1163
543 :  8 126 503 697
544 :  66 431 604 892
545 :  483 634 682 782
546 :  368 377 469 632
547 :  116 121 245 272
548 :  112 351 456 487 513
549 :  233 254 263 337 423
550 :  60 701
551 :  56 282 387 400 445
552 :  304 319 384 524 802
553 :  94 899 908
554 :  14 97 829
555 :  787 1081 1184 1188
556 :  101 108 141 147 177 298 633 750 774 825 847 852 867 898 922 933 979 1028 1110 1214
557 :  739 1031 1034
558 :  0 1 91 453
559 :  2 16 171 360
560 :  37 349 465 513
561 :  451 757 770
562 :  62 227 245 395
563 :  236 441 508 578 709
564 :  786 998
565 :  3 10 77 81
566 :  3 13 63
567 :  177 933 1050 1103
568 :  15 20 726
569 :  198 718 1052
570 :  823 850 1124 1193
571 :  37 414 465 684 754 824
572 :  17 148 624
573 :  1006 1065
574 :  266 271 320 366 509 510
575 :  218 336 337 366 423 428 592
576 :  768 805 914 965 966 967 973 1238
577 :  34 39 44
578 :  216 317 441 563 709 866
579 :  95 666 926 1026
580 :  191 221 438
581 :  176 421 849 909
582 :  940 1127 1190
583 :  119 442 461 608 683 773
584 :  114 240 328 373
585 :  74 105 302 1096
586 :  721 918
587 :  133 785 996 1213
588 :  19 32 46 534
589 :  932 1198
590 :  87 160 407 413 751
591 :  915 972 1010 1096
592 :  333 337 341 423 428 482 575
593 :  5 54 917
594 :  110 821
595 :  78 196 302
596 :  173 330 374 448
597 :  17 90
598 :  104 904 908
599 :  407 413 590 856 873 884
600 :  266 502 509 654
601 :  3 63 725 834
602 :  498 731 1007
603 :  36 80 635
604 :  66 95 118 175 223 431 544 610 638 712 714 717 775 807 845 878 902 911 939 1049 1059 1106 1107
605 :  69 86 149 158
606 :  129 628 666 670
607 :  186 281 659 794 801
608 :  119 491 583 683
609 :  2 6 430 655
610 :  118 604 717 878
611 :  180 517 625 793 1134
612 :  40 905 1001
613 :  50 64 83 169 622
614 :  282 375 380 387 414 418 754
615 :  674 804 815 852 868 875 880 891 893 1030 1112 1115 1120 1152 1156 1170 1177
616 :  16 22 171 367
617 :  3 13 157
618 :  96 128 419 480 527
619 :  505 529 1220
620 :  240 535 584 682
621 :  104 701
622 :  50 83 154 169 613
623 :  297 372 763 772 992
624 :  17 90 572
625 :  138 611 792 793 1134
626 :  297 322 371 539
627 :  780 806 1039
628 :  223 606 666 670
629 :  100 755 808
630 :  75 758 1088
631 :  140 730 995
632 :  226 368 486 546 660
633 :  108 556 750
634 :  545 682
635 :  50 56 80 603 662 824
636 :  28 780 1039
637 :  162 951
638 :  717 807 810
639 :  0 14 73 429
640 :  736 869 969
641 :  119 773 1060
642 :  344 347 384 416 687
643 :  6 838 929 1061
644 :  143 494 833 1135 1203
645 :  36 282 445 475
646 :  660 663 667 1056
647 :  107 756 890
648 :  129 421 666 894
649 :  340 422 424 485 536
650 :  427
651 :  1002 1017 1038 1042 1069
652 :  11 200 284
653 :  962 1221
654 :  266 561 719
655 :  2 6 239 609
656 :  942 943 1055 1206
657 :  4 42
658 :  1099 1226
659 :  186 281 489 607 801
660 :  226 359 486 632 646
661 :  40 892 905 932
662 :  50 64 80 635
663 :  359 364 406 646
664 :  919 1045 1065
665 :  957 1010 1166
666 :  82 95 117 129 143 223 494 579 606 628 644 648 685 894 902 926 939 993 994 1049 1062 1106 1203
667 :  105 646 974
668 :  176 421
669 :  258 411 763
670 :  108 118 129 147 150 223 606 628 689 738 761 771 775 778 847 911 936 977 1028 1105 1113 1227
671 :  42 439
672 :  88 437 709 925
673 :  13 152 958 1163
674 :  162 891
675 :  495 530
676 :  164 334 473 851 1044
677 :  125 531 724 870
678 :  140 786 995
679 :  189 314
680 :  413 535 751 1032
681 :  97 391 476 872
682 :  328 620 634
683 :  49 491 583 608
684 :  37 465 571 824
685 :  82 926 1203
686 :  176 207 734 909 987
687 :  308 364 642 802 863 1056
688 :  4 22 45
689 :  771 977 1112 1152
690 :  35 1071
691 :  142 973 1098
692 :  705 865 910 966 967 1157
693 :  3 11 200 707
694 :  140 213
695 :  5 22 45
696 :  143 844
697 :  8 234 503 543
698 :  207 699 976
699 :  207 409 698 978 987
700 :  43 92 111 471
701 :  27 409 550 621 904
702 :  150 531 891 1152
703 :  175 500 708 1150
704 :  186 910 1157
705 :  404 692 841 966 1157
706 :  466 518
707 :  3 11 81 693
708 :  30 500 703 1150 1154
709 :  437 563 578 672 866 1104
710 :  103 806 931 1131 1217
711 :  139 280 340 485
712 :  66 1107
713 :  40 779 1109
714 :  95 1107
715 :  34 44 67 99
716 :  61 88 210 219
717 :  449 610 638 810
718 :  248 569 770
719 :  266 320 451 561 654
720 :  10 14 72 747 776
721 :  442 461 586 890
722 :  14 288 829
723 :  166 467 806 930 931
724 :  125 531 940 1190
725 :  3 77 601 834 1084
726 :  15 16 353 568
727 :  93 363
728 :  48 68 112 369
729 :  78 79 102
730 :  231 631 883
731 :  101 1007
732 :  29 300 306
733 :  290 1158
734 :  207 686
735 :  12 58
736 :  26 405 640 832 869 1094
737 :  3 31 284 864
738 :  129 670 1105
739 :  246 505 557 748 1219
740 :  197 803 952
741 :  6 15 20
742 :  792 830 981 1100
743 :  123 391 442 514 796
744 :  52 285 466 518
745 :  48 111 289 369
746 :  5 89
747 :  72 720 879
748 :  246 343 739 1090
749 :  126 307 981 1100 1146
750 :  556 633 867
751 :  159 413 535 590
752 :  759 871 935 1005 1185
753 :  17 197 1149
754 :  375 387 417 465 571 614
755 :  629 790 1024
756 :  484 490 647 890 1060
757 :  235 425 451 561 770
758 :  0 488 630 1088
759 :  752 941 1016
760 :  24 755 790
761 :  118 778 839 1113
762 :  27 94 100 332 808 899
763 :  385 669
764 :  82 1102 1136
765 :  137 268 386 436 446
766 :  41 526 959 961 1162
767 :  1173 1176
768 :  507 576 840 914
769 :  971 975 1063
770 :  561 718 757
771 :  150 977 1112 1152 1227
772 :  323 385 623 992
773 :  461 583 608 641 890 1060
774 :  803 979 1214
775 :  118 604 778
776 :  10 14 720 819
777 :  697 835 1057
778 :  118 670 761 775 1113
779 :  40 1001 1109 1197
780 :  627 636 990 1039
781 :  180 467 517
782 :  328 373 545 584
783 :  10 77 1084
784 :  2 239 929
785 :  138 587 996 1213
786 :  564 678 995 998
787 :  276 555 874 947 953 955 1027 1079 1081 1184 1188
788 :  133 1102 1136
789 :  1035 1122
790 :  63 152 463 755 760
791 :  476 760 855 872
792 :  625 742 1134
793 :  517 611 625 816 930 1001
794 :  186 338 607 1019
795 :  249 391 443 889
796 :  391 514 743
797 :  71
798 :  317 524 1058
799 :  182 217 228 238 493 837
800 :  41 409 519 1159
801 :  281 489 512 607 659
802 :  384 552 687
803 :  141 148 197 251 298 740 753 774 814 852 868 876 880 893 903 921 979 989 1040 1115 1142 1149 1156 1214
804 :  615 852 880 1110
805 :  49 442 499 576
806 :  103 627 710 723 931
807 :  500 604 638 845
808 :  332 629 762 1024
809 :  125 500 940 1127
810 :  449 500 638 717 1023
811 :  60 409 1159
812 :  412 516 920 1092
813 :  354 1047 1048
814 :  572 903 989 1142
815 :  185 1122 1170 1177
816 :  138 793 905 1001
817 :  41 917
818 :  29 161 300 1037 1196
819 :  10 288 776
820 :  379 1005 1044
821 :  594 848 923
822 :  12 115 1068
823 :  570 1126 1193
824 :  56 414 571 684
825 :  101 556 898 1051
826 :  8 126 830 1100
827 :  503 835
828 :  8 166 1131
829 :  24 554 722 855
830 :  8 180 742 826 1100 1134
831 :  986 1167 1237
832 :  736 869 985 1138
833 :  143 491 644 696 1135
834 :  24 601 725 1084
835 :  512 697 777 827 975
836 :  386 446 483
837 :  228 493 530 675 799
838 :  6 239 643 929
839 :  118 531 761 878 1113
840 :  507 768 846 1054
841 :  25 249 705 965 966
842 :  30 1015 1154
843 :  28 1114 1141 1229
844 :  119 490 491 696 1060
845 :  175 500 807 1059
846 :  506 768 840 914
847 :  556 633 1028
848 :  110 821 866
849 :  117 421 581 909
850 :  946 1119 1121 1124 1129 1183 1208
851 :  388 415 427 676
852 :  298 556 804 880 1110
853 :  0 73 859 1086
854 :  273 1116 1117 1169
855 :  24 791 872
856 :  458 599 884 1032
857 :  5 213
858 :  165 1166
859 :  370 391 853 1086
860 :  7 115 944 1064 1223
861 :  93 284 541 727
862 :  984 1145
863 :  308 364 406 687 1056
864 :  3 200 737
865 :  18 692 914 966 967
866 :  578 709 848
867 :  177 421 750
868 :  298 803 1115 1156
869 :  640 736 832 1228
870 :  677 809 1023
871 :  752 935
872 :  97 681 791 855
873 :  599 680 856 884 1032
874 :  955 1021 1027
875 :  162 1120 1177
876 :  251 803 1040
877 :  136 1085 1231
878 :  118 449 531 610 717 839
879 :  14 58 747
880 :  804 852 868 1156
881 :  13 15 157 950
882 :  186 403 537 1019
883 :  730 995 1050
884 :  458 856 935 1032 1125
885 :  0 25 488
886 :  230 371 938
887 :  189 493 495
888 :  255 438 1033
889 :  25 249 370 795 859
890 :  104 107 461 721 756 773
891 :  615 674 702 1152
892 :  40 66 175 399 431 544 589 661 703 713 932 1109 1150 1153 1154 1198 1212 1229
893 :  251 1115
894 :  117 421 648 666
895 :  1077 1215
896 :  7 21 457
897 :  37 68 497
898 :  101 556 922 933 1007
899 :  27 553 762 904 908
900 :  997
901 :  6 93
902 :  95 666 1106
903 :  148 814 921 1142
904 :  27 104 598 701 899 908
905 :  40 66 138 587 589 612 661 712 785 816 932 937 996 1001 1022 1026 1102 1107 1198
906 :  47 290 968
907 :  1 208 1072 1075 1243
908 :  553 598 904 918
909 :  176 490 581 686 849 987
910 :  692 704 1157
911 :  223 604 1106
912 :  281 1093 1151
913 :  1004 1244
914 :  506 576 768 846 865 967
915 :  591 1010 1096
916 :  22 47 187 209
917 :  593 817 1003
918 :  442 586 908
919 :  664 1064 1065 1140 1223
920 :  196 389 412 595 812
921 :  17 148 1142 1149
922 :  177 556 933
923 :  821 985 1228
924 :  225 466
925 :  219 672 1104
926 :  579 685 1022 1026
927 :  1193 1211
928 :  14 393 504
929 :  239 643 784 1046 1061 1191
930 :  467 723 781
931 :  166 710 723 806 1131
932 :  589 661 892 1198
933 :  567 898 922 1050
934 :  1127 1128 1133
935 :  752 871 884 1005 1125
936 :  421 738 1105
937 :  95 905 1026 1107
938 :  230 381 525
939 :  223 1106
940 :  582 724 809
941 :  752 759 1016
942 :  1055 1204
943 :  656 1038 1043 1055 1171 1202
944 :  860 1064 1068 1201
945 :  1012 1066 1171 1186
946 :  850 1172 1208
947 :  2 787 1082
948 :  436 446
949 :  16 20 496
950 :  13 15 532 881
951 :  531 637
952 :  197 740 1036 1040 1118 1181
953 :  787
954 :  1205
955 :  787 874 1027
956 :  35 284 1139 1164
957 :  136 665 1166
958 :  27 542 673 1024
959 :  13 253 766 961 1162
960 :  860 964 1223
961 :  526 766 959
962 :  33 653 1020 1244
963 :  16 41 305 358 1162
964 :  7 208 960 1070 1072
965 :  249 576 841 966 1238
966 :  692 705 841 865 965 967
967 :  576 692 865 914 966
968 :  906 970 1094
969 :  640 736 1094
970 :  47 405 736 968 1094
971 :  512 769
972 :  591 974 1147
973 :  576 1098
974 :  667 972 1096 1147
975 :  769 777 982 1057
976 :  224 409 698
977 :  689 771 1227
978 :  484 490 699 987
979 :  298 556 774
980 :  394 1148
981 :  307 749 1054 1097 1100
982 :  975 1216
983 :  142 390 491 1098
984 :  5 213 862
985 :  331 832 923 1138
986 :  55 831 1237
987 :  207 490 686 699 909 978
988 :  1002 1079 1081
989 :  141 803 814
990 :  103 636 780 1111 1141 1207
991 :  165 1074 1080 1194 1241
992 :  297 323 335 772
993 :  143 490 666 994
994 :  117 993
995 :  631 678 883
996 :  138 587 785 905
997 :  71 900
998 :  59 564 786
999 :  1057 1216
1000 :  1005 1185
1001 :  40 612 779 793 816
1002 :  651 988 1017 1076
1003 :  5 312 917 1235
1004 :  913
1005 :  752 820 935 1000
1006 :  573 1045 1065
1007 :  602 731 898
1008 :  47 187 1158
1009 :  133 492 1137 1213
1010 :  591 665 915
1011 :  1144 1210
1012 :  1066 1186
1013 :  1015 1114 1153 1172
1014 : 
1015 :  842 1013 1153 1172
1016 :  759 941
1017 :  651 1002 1069
1018 :  1072 1243
1019 :  186 794 882
1020 :  33 51 127 962
1021 :  874 1087 1091 1245
1022 :  82 926 1026 1102
1023 :  449 500 531 870
1024 :  27 463 755 958
1025 :  474 1168 1173
1026 :  579 905 926 937 1022
1027 :  23 787 874
1028 :  108 670 847 1105
1029 :  2 23 360
1030 :  251 893 1170
1031 :  557 748 1219
1032 :  680 873 884
1033 :  243 255 888
1034 :  557 1231
1035 :  789 1122 1182
1036 :  952 1118 1181 1230
1037 :  161 818 1196 1218
1038 :  651 943 1002 1042 1171
1039 :  399 627 636 1109 1197
1040 :  185 251 740 803 876 952 1011 1181 1210
1041 :  1121 1123 1179
1042 :  1038 1066 1069 1171
1043 :  656 943 1071 1206
1044 :  85 676 820
1045 :  664 919 1006 1064
1046 :  2 929 1082 1191
1047 :  1 354 813
1048 :  813 1047 1180
1049 :  95 604 902 1106 1107
1050 :  231 567 883 933 1103
1051 :  101 141 825
1052 :  191 569
1053 :  103 1108 1217
1054 :  507 840 846 981 1097 1137
1055 :  942 943 1202
1056 :  406 687 863 1147
1057 :  234 777 975 999
1058 :  798 1143
1059 :  175 431 604 845
1060 :  490 641 773 844
1061 :  643 929 1191
1062 :  82 494 1203
1063 :  512 769 971
1064 :  664 919 944 1045 1068 1201
1065 :  664 919 1006 1240
1066 :  945 1012 1042 1069 1171
1067 :  55 1139 1224
1068 :  822 944 1201
1069 :  1017 1042 1066
1070 :  964 1072 1140 1223
1071 :  6 690 1043 1132 1164
1072 :  907 964 1018 1070 1243
1073 :  1192
1074 :  991 1078
1075 :  907 1195
1076 :  1002 1079
1077 :  895 1073 1192
1078 :  165 1074 1187
1079 :  787 988 1076 1188
1080 :  165 991 1189
1081 :  988 1082 1184 1188 1191
1082 :  947 1046 1081 1184 1191
1083 :  1176 1215
1084 :  24 77 725 783 834
1085 :  136 165 877 1189
1086 :  0 370 853 859
1087 :  1021 1165 1245
1088 :  75 186 537 630 758
1089 :  13 60 472
1090 :  520 521 748
1091 :  290 1021
1092 :  516 812
1093 :  33 912 1242
1094 :  736 968 969 1239
1095 :  104 107 409
1096 :  105 591 972 974
1097 :  307 506 846 981 1054
1098 :  454 691 973 983
1099 :  658
1100 :  742 749 826 830 981
1101 :  133 491 492 1136
1102 :  764 788 905 1022
1103 :  231 421 567 1050
1104 :  247 352 437 672 709 925
1105 :  108 670 738 936
1106 :  604 666 902 911 939 1049
1107 :  712 714 937 1049
1108 :  103 1053 1207
1109 :  399 713 779 1197 1212
1110 :  147 556 804 852
1111 :  843 1141
1112 :  147 689 1152
1113 :  150 531 761 1227
1114 :  843 1013 1153 1229
1115 :  803 868 893 1156
1116 :  854 1169
1117 :  17 273 854 1169
1118 :  17 197 952 1230
1119 :  30 1121 1172
1120 :  875 1122 1177
1121 :  533 850 1041 1119 1123
1122 :  789 815 875 1035 1120 1177
1123 :  1041 1121 1128 1133
1124 :  570 850 927 1193 1211
1125 :  379 820 884 935
1126 :  570 823
1127 :  582 934 940 1133
1128 :  934 1123
1129 :  850
1130 :  371 539
1131 :  166 710 931 1217
1132 :  35 1071 1164
1133 :  934 1123 1128
1134 :  180 611 625 792 830
1135 :  82 491 494 644 833 1136
1136 :  133 764 788 1101 1102 1135
1137 :  390 1009 1054 1213
1138 :  26 331 832 985
1139 :  284 956 1067 1164
1140 :  919 1070 1223 1240
1141 :  28 843 990 1111
1142 :  803 814 921 989
1143 :  1058 1147
1144 :  1011 1160
1145 :  5 346 862
1146 :  307 512 749
1147 :  972 974 1056 1143
1148 :  11 394 980
1149 :  17 753 803 921
1150 :  703 708 892
1151 :  512 912 1242
1152 :  150 615 689 702 891 977 1112
1153 :  1013 1015 1154 1229
1154 :  842 892 1153
1155 :  954 1161 1225
1156 :  615 868 880 1115
1157 :  704 705 865 910
1158 :  23 47 733 1008
1159 :  41 800 811
1160 :  185 1144
1161 :  1155 1225
1162 :  38 41 253 305 959 963
1163 :  13 472 542 673 1089
1164 :  956 1071 1132 1139 1204 1206 1224
1165 :  474 1087 1168
1166 :  165 665 858 957
1167 :  831 1236
1168 :  1025 1165 1173
1169 :  854 1116 1117 1178 1232
1170 :  615 815 1030
1171 :  943 945 1042 1066 1202
1172 :  946 1013 1015 1119
1173 :  767 1025
1174 :  500 533 1121 1179
1175 :  1180 1221
1176 :  767 1083
1177 :  615 815 875
1178 :  1169 1185 1232
1179 :  500 1041 1121 1174
1180 :  127 1048 1175
1181 :  952 1036 1210
1182 :  1035
1183 :  850
1184 :  555 947 1081 1082 1188
1185 :  752 1000 1178 1232
1186 :  945 1012
1187 :  1078
1188 :  555 1079 1081 1184
1189 :  1080 1085 1241
1190 :  582 724
1191 :  929 1046 1061 1081 1082
1192 :  1073 1077 1215
1193 :  823 927 1124
1194 :  991 1205
1195 :  1018 1075 1243
1196 :  818 1037
1197 :  779 1039 1109
1198 :  66 589 905 932 1107
1199 :  32 110 397 468
1200 :  59 501
1201 :  161 1064 1068
1202 :  1055 1171
1203 :  644 666 1062
1204 :  942 1164 1206
1205 :  954 1194 1225 1241
1206 :  656 1043 1204
1207 :  103 1108
1208 :  850 946 1211
1209 :  161 1218
1210 :  1011 1040 1181
1211 :  927 1124 1208
1212 :  399 892 1109 1229
1213 :  587 785 1009 1137
1214 :  141 556 774
1215 :  895 1083 1192
1216 :  975 982 999
1217 :  710 1053
1218 :  1037 1209
1219 :  505 739 1031 1220
1220 :  505 619 1219
1221 :  127 653 1175 1222
1222 :  1175 1221
1223 :  860 919 960 1070 1140
1224 :  1067 1164 1233
1225 :  954 1161 1205
1226 :  658 1228
1227 :  150 670 977 1113
1228 :  869 923 1226
1229 :  28 843 892 1114 1153 1212
1230 :  1036 1118
1231 :  877 1034
1232 :  1169 1185
1233 :  55 1224
1234 : 
1235 :  41 163 312 519 1003
1236 :  55 1167
1237 :  11 986 1167
1238 :  123 443 499 576 965
1239 :  968 1094 1245
1240 :  573 1065 1140
1241 :  991 1189 1205
1242 :  1093 1151 1244
1243 :  907 1018 1072 1195
1244 :  913 962 1242
1245 :  1021 1087 1239
