166 662 26 3 199 255 0
124 700 23 2 181 232 1
152 368 23 10 50 232 2
120 516 26 6 125 254 3
286 360 25 108 109 253 4
268 426 27 108 135 255 5
402 400 27 223 185 120 6
106 406 24 3 80 203 7
88 660 25 2 162 204 8
322 740 19 1 205 206 9
164 722 18 1 182 204 10
96 572 25 0 130 233 11
360 368 25 215 157 205 12
444 308 22 164 115 59 13
64 524 23 1 96 205 14
64 614 24 0 138 205 15
172 492 26 69 139 255 16
400 336 23 200 115 167 17
128 618 26 2 154 232 18
142 446 25 7 92 232 19
188 410 27 26 70 255 20
448 358 24 187 140 42 21
260 692 17 0 208 224 22
328 332 23 146 100 236 23
364 304 21 139 49 192 24
406 292 18 170 86 134 25
146 408 13 10 50 232 26
128 662 11 0 160 221 27
234 380 27 27 25 255 28
198 340 23 3 41 205 29
154 564 11 52 167 254 30
318 402 27 185 168 242 31
206 654 10 3 200 254 32
294 302 22 68 8 200 33
206 538 13 101 188 254 34
426 714 11 0 183 152 35
52 568 15 2 117 204 36
482 656 13 0 164 107 37
118 476 10 17 94 234 38
382 270 14 104 27 149 39
218 746 15 0 183 204 40
362 442 13 220 229 202 41
448 270 16 124 75 67 42
404 126 7 191 191 191 43
76 426 11 1 81 196 44
490 168 9 169 169 169 45
428 146 11 199 199 199 46
180 450 13 28 74 252 47
330 274 21 111 15 163 48
424 124 7 180 180 180 49
396 674 9 7 199 168 50
220 456 24 106 165 255 51
322 364 9 179 141 239 52
370 132 8 198 198 198 53
402 108 8 201 201 201 54
268 390 8 66 74 251 55
418 262 14 112 62 96 56
464 132 10 178 178 178 57
250 324 25 6 6 206 58
386 148 7 188 188 188 59
270 612 14 43 231 255 60
492 124 8 162 162 162 61
190 740 13 0 186 197 62
280 30 8 199 199 199 63
284 86 10 188 188 188 64
228 418 11 75 101 255 65
420 106 9 196 196 196 66
472 158 9 179 179 179 67
530 162 8 138 138 138 68
92 628 7 16 135 214 69
360 404 10 212 198 192 70
214 496 11 105 177 255 71
396 244 12 107 39 110 72
430 92 6 136 136 136 73
154 526 9 78 162 244 74
508 134 9 150 150 150 75
400 92 7 205 205 205 76
412 632 13 9 226 195 77
386 112 6 208 208 208 78
406 146 9 203 203 203 79
384 96 9 196 196 196 80
512 166 9 152 152 152 81
364 334 8 197 129 216 82
162 626 8 1 169 247 83
272 100 7 171 171 171 84
176 698 8 0 163 225 85
476 116 9 174 174 174 86
120 550 7 23 135 255 87
264 82 9 188 188 188 88
280 68 8 199 199 199 89
500 150 8 162 162 162 90
94 538 8 20 118 220 91
346 606 8 46 233 207 92
522 106 8 174 174 174 93
336 60 8 198 198 198 94
524 250 6 156 156 156 95
362 88 7 194 194 194 96
526 234 8 176 176 176 97
378 228 11 87 38 120 98
284 392 7 139 140 254 99
412 366 8 219 172 104 100
154 696 7 8 148 195 101
354 130 7 166 166 166 102
110 442 7 7 79 203 103
214 574 11 92 208 255 104
384 604 12 53 209 155 105
334 76 8 205 205 205 106
158 600 8 10 175 255 107
314 40 7 143 143 143 108
386 130 8 197 197 197 109
188 570 12 100 181 248 110
264 54 8 207 207 207 111
244 542 10 140 217 255 112
272 116 7 161 161 161 113
320 58 8 193 193 193 114
264 542 9 123 213 244 115
298 60 10 194 194 194 116
358 248 16 96 25 135 117
366 148 7 186 186 186 118
396 162 5 155 155 155 119
394 366 7 221 155 150 120
538 174 6 128 128 128 121
60 644 6 24 137 204 122
438 108 9 174 174 174 123
446 562 10 11 182 83 124
502 210 6 126 126 126 125
456 110 9 183 183 183 126
474 98 8 161 161 161 127
280 48 9 199 199 199 128
504 582 6 7 134 59 129
298 722 10 22 195 211 130
318 74 7 206 206 206 131
486 210 6 150 150 150 132
546 160 6 119 119 119 133
482 190 6 120 120 120 134
328 646 11 61 255 255 135
52 492 11 9 79 192 136
420 208 9 74 28 75 137
544 128 7 133 133 133 138
350 680 9 14 195 174 139
266 36 7 188 188 188 140
290 646 9 47 219 247 141
326 576 11 101 254 255 142
302 78 8 194 194 194 143
522 182 9 136 136 136 144
394 40 8 71 71 71 145
376 82 6 200 200 200 146
512 78 7 196 196 196 147
444 128 10 182 182 182 148
490 104 9 159 159 159 149
370 116 7 207 207 207 150
352 64 8 198 198 198 151
138 482 9 18 101 252 152
370 102 6 211 211 211 153
532 196 7 133 133 133 154
524 218 8 176 176 176 155
500 514 15 14 123 20 156
262 462 9 149 195 253 157
350 746 7 9 205 209 158
298 40 8 169 169 169 159
510 94 8 182 182 182 160
366 72 8 201 201 201 161
192 374 9 0 13 205 162
414 92 6 178 178 178 163
344 120 4 141 141 141 164
434 48 5 159 159 159 165
446 626 8 17 189 133 166
318 506 9 122 235 225 167
254 68 8 176 176 176 168
516 200 9 171 171 171 169
336 716 8 8 194 205 170
502 184 10 158 158 158 171
538 98 9 167 167 167 172
470 84 6 180 180 180 173
218 42 4 50 50 50 174
212 698 27 2 205 232 175
538 210 5 136 136 136 176
548 108 5 167 167 167 177
382 68 7 156 156 156 178
384 14 7 37 37 37 179
520 148 9 144 144 144 180
360 52 6 120 120 120 181
546 68 7 167 167 167 182
382 30 7 48 48 48 183
248 80 4 160 160 160 184
474 384 9 146 126 9 185
400 22 8 78 78 78 186
350 80 7 207 207 207 187
486 72 5 58 58 58 188
510 220 6 124 124 124 189
330 44 9 132 132 132 190
392 80 7 174 174 174 191
412 64 7 108 108 108 192
338 30 7 95 95 95 193
296 504 12 140 192 255 194
94 694 6 11 139 214 195
410 226 10 92 43 87 196
538 148 8 125 125 125 197
372 58 7 137 137 137 198
406 80 6 134 134 134 199
406 200 7 65 28 68 200
534 76 7 174 174 174 201
500 30 4 111 111 111 202
394 214 9 65 36 86 203
496 88 7 187 187 187 204
368 22 7 66 66 66 205
274 14 8 183 183 183 206
288 104 7 62 62 62 207
438 74 6 79 79 79 208
558 76 7 166 166 166 209
510 26 4 156 156 156 210
558 42 5 101 101 101 211
494 198 6 122 122 122 212
508 36 5 154 154 154 213
298 752 7 8 195 210 214
436 28 5 215 215 215 215
362 160 5 153 153 153 216
260 22 7 160 160 160 217
524 88 7 175 175 175 218
118 374 10 0 49 192 219
544 188 7 99 99 99 220
510 62 7 174 174 174 221
350 92 4 175 175 175 222
320 12 9 118 118 118 223
338 144 7 154 154 154 224
536 116 7 168 168 168 225
446 86 6 96 96 96 226
200 26 5 52 52 52 227
390 194 5 152 155 153 228
416 20 7 107 107 107 229
530 134 8 132 132 132 230
488 446 9 86 141 14 231
468 68 4 180 180 180 232
496 58 6 98 98 98 233
336 14 7 132 132 132 234
478 202 4 140 140 140 235
324 28 7 127 127 127 236
510 16 5 145 145 145 237
440 204 8 45 22 37 238
380 46 7 67 67 67 239
510 48 5 167 167 167 240
216 24 7 0 0 0 241
428 238 10 88 47 74 242
410 36 8 74 74 74 243
462 10 4 218 218 218 244
482 86 6 179 179 179 245
550 140 6 104 104 104 246
444 64 4 129 129 129 247
446 48 5 181 181 181 248
458 30 4 147 147 147 249
460 94 6 125 125 125 250
406 52 6 91 91 91 251
346 46 6 126 126 126 252
356 104 6 205 205 205 253
532 42 5 109 109 109 254
252 46 6 158 158 158 255
472 184 5 110 110 110 256
392 56 8 92 92 92 257
82 468 26 3 111 229 258
296 26 6 142 142 142 259
308 468 25 177 201 253 260
522 68 6 196 196 196 261
522 52 7 196 196 196 262
372 162 4 167 167 167 263
218 314 8 2 13 217 264
352 158 5 149 149 149 265
498 74 7 138 138 138 266
260 8 6 102 102 102 267
368 38 7 70 70 70 268
390 172 6 156 156 156 269
460 54 5 221 221 221 270
546 20 9 52 52 52 271
340 90 6 163 163 163 272
428 62 9 88 88 88 273
258 98 7 166 166 166 274
332 168 9 144 144 144 275
416 190 7 33 13 42 276
554 120 5 139 139 139 277
356 116 5 185 185 185 278
518 40 5 114 114 114 279
330 186 9 14 14 14 280
454 20 6 126 126 126 281
310 26 7 125 125 125 282
544 36 6 55 55 55 283
342 156 5 162 162 162 284
488 14 6 85 85 85 285
400 68 5 122 122 122 286
462 44 5 219 219 219 287
556 184 4 77 77 77 288
534 58 6 166 166 166 289
326 116 8 224 224 224 290
472 42 4 234 234 234 291
514 230 4 172 172 172 292
534 30 5 77 77 77 293
488 50 5 46 46 46 294
454 62 4 199 199 199 295
238 28 4 61 61 61 296
470 50 4 213 213 213 297
224 52 6 42 42 42 298
204 38 5 44 44 44 299
324 150 6 150 150 150 300
352 34 7 94 94 94 301
318 138 4 126 126 126 302
440 40 4 173 173 173 303
416 160 5 174 174 174 304
342 132 5 113 113 113 305
400 186 7 130 133 131 306
380 178 5 146 146 146 307
440 56 4 148 148 148 308
230 40 5 38 38 38 309
298 120 4 118 118 118 310
470 60 4 196 196 196 311
424 30 5 156 156 156 312
306 136 6 29 29 29 313
500 18 5 119 119 119 314
482 24 5 174 174 174 315
296 96 4 58 58 58 316
562 28 8 45 45 45 317
548 4 7 70 70 70 318
552 172 5 86 86 86 319
444 188 6 33 20 34 320
494 218 5 137 137 137 321
306 92 4 63 63 63 322
472 194 4 133 133 133 323
554 56 7 131 131 131 324
520 26 6 100 100 100 325
244 58 5 116 116 116 326
520 14 5 94 94 94 327
556 152 6 86 86 86 328
462 178 4 123 123 123 329
482 222 6 64 64 64 330
226 66 7 11 11 11 331
196 608 26 45 188 255 332
420 78 8 120 120 120 333
526 34 4 0 0 0 334
358 272 7 107 25 144 335
544 48 5 111 111 111 336
234 58 4 40 40 40 337
472 210 6 106 106 106 338
540 236 6 145 145 145 339
414 242 4 103 46 115 340
256 502 24 142 210 255 341
240 40 5 86 86 86 342
498 8 5 135 135 135 343
452 224 7 74 28 41 344
240 70 6 92 92 92 345
552 224 4 62 62 62 346
466 224 6 139 139 139 347
434 182 5 25 16 29 348
456 196 6 37 18 35 349
420 48 7 73 73 73 350
354 508 27 162 228 179 351
228 24 4 0 0 0 352
498 38 4 104 104 104 353
222 4 7 79 79 79 354
428 18 4 129 129 129 355
454 208 6 50 20 39 356
450 242 11 77 51 44 357
478 36 4 192 192 192 358
472 30 4 185 185 185 359
560 130 6 105 105 105 360
372 186 6 163 163 163 361
352 18 8 84 84 84 362
244 586 21 88 219 255 363
428 40 4 152 152 152 364
562 142 4 69 69 69 365
336 102 4 0 0 0 366
230 32 4 4 4 4 367
458 82 5 97 97 97 368
332 128 5 40 40 40 369
406 160 4 160 160 160 370
536 246 4 125 125 125 371
428 192 5 54 22 53 372
344 100 4 124 124 124 373
436 162 6 144 144 144 374
288 12 6 126 126 126 375
352 148 4 175 175 175 376
514 242 4 141 141 141 377
452 74 5 104 104 104 378
314 88 4 91 91 91 379
326 140 4 146 146 146 380
482 58 4 17 17 17 381
560 164 6 71 71 71 382
248 18 5 93 93 93 383
312 116 6 57 57 57 384
302 546 27 130 253 255 385
306 608 19 42 254 254 386
554 98 5 174 174 174 387
560 106 4 157 157 157 388
414 132 5 0 0 0 389
480 616 27 0 149 56 390
478 8 5 164 164 164 391
198 16 5 68 68 68 392
444 32 4 0 0 0 393
262 732 19 1 205 206 394
424 172 9 88 88 88 395
216 50 4 0 0 0 396
306 8 5 103 103 103 397
214 58 4 32 32 32 398
208 48 4 44 44 44 399
316 128 6 80 80 80 400
564 64 5 161 161 161 401
322 94 5 137 137 137 402
208 6 5 72 72 72 403
566 88 6 203 203 203 404
484 552 26 1 166 68 405
560 206 5 47 47 47 406
246 4 7 77 77 77 407
560 14 6 38 38 38 408
564 174 4 62 62 62 409
450 98 4 122 122 122 410
498 48 4 92 92 92 411
412 470 24 176 217 108 412
438 2 6 154 154 154 413
436 84 4 0 0 0 414
358 178 6 146 146 146 415
400 6 7 58 58 58 416
448 162 4 21 21 21 417
466 18 4 167 167 167 418
492 32 4 56 56 56 419
252 644 22 41 232 255 420
368 6 8 76 76 76 421
264 108 4 186 186 186 422
540 222 7 154 154 154 423
338 112 5 169 169 169 424
550 232 4 51 51 51 425
424 592 27 2 200 142 426
510 114 4 164 164 164 427
476 482 24 94 165 1 428
322 84 4 139 139 139 429
198 4 5 70 70 70 430
560 196 4 66 66 66 431
504 108 4 163 163 163 432
538 8 4 5 5 5 433
396 732 9 1 181 152 434
302 106 7 120 120 120 435
482 142 10 164 164 164 436
234 8 5 101 101 101 437
456 2 4 222 222 222 438
294 128 4 7 7 7 439
366 568 29 81 237 212 440
416 534 25 74 209 123 441
370 208 9 0 0 0 442
564 98 4 3 3 3 443
498 242 12 0 0 0 444
562 220 6 43 43 43 445
564 188 4 0 0 0 446
446 154 4 199 199 199 447
312 152 6 87 87 87 448
230 520 7 132 161 165 449
294 4 4 0 0 0 450
360 194 8 0 0 0 451
374 762 13 0 0 0 452
394 118 4 219 219 219 453
394 228 4 93 30 92 454
414 4 7 113 113 113 455
450 8 4 5 5 5 456
364 732 8 0 182 152 457
268 70 4 16 16 16 458
272 280 9 1 0 2 459
186 28 6 0 0 0 460
316 700 13 0 230 231 461
380 158 4 164 164 164 462
194 36 5 0 0 0 463
568 116 8 104 104 104 464
446 172 6 138 138 138 465
180 552 7 50 74 86 466
434 12 4 32 32 32 467
206 558 6 101 188 254 468
520 2 6 109 109 109 469
530 12 4 71 71 71 470
270 570 8 86 219 253 471
390 690 8 1 181 152 472
412 732 6 0 0 0 473
166 548 7 52 163 255 474
570 74 5 176 176 176 475
358 698 10 0 184 154 476
316 192 9 0 0 0 477
542 84 4 172 172 172 478
460 424 26 198 162 2 479
378 740 8 1 181 152 480
512 592 7 0 1 0 481
230 486 7 60 84 114 482
230 86 6 0 0 0 483
134 742 18 0 0 0 484
508 468 10 2 0 3 485
36 584 7 7 0 0 486
526 270 10 0 0 0 487
326 244 6 0 0 1 488
146 582 8 42 165 255 489
280 750 6 0 201 202 490
446 716 9 0 0 0 491
332 228 11 0 0 0 492
476 234 7 64 64 64 493
52 658 10 0 0 0 494
348 206 5 1 1 1 495
558 234 4 33 33 33 496
552 252 11 0 0 0 497
202 640 6 0 6 0 498
260 560 6 85 218 255 499
430 664 23 0 181 126 500
392 446 7 211 213 184 501
218 554 6 108 195 255 502
226 544 7 96 191 254 503
374 648 24 1 229 192 504
92 708 8 0 0 0 505
232 558 8 0 1 0 506
240 84 4 11 11 11 507
300 246 20 0 0 0 508
556 272 9 0 0 0 509
568 50 7 116 116 116 510
146 338 8 0 0 4 511
570 136 5 0 0 0 512
496 382 12 0 0 0 513
62 440 8 11 0 3 514
254 292 7 0 0 6 515
270 134 8 0 0 0 516
280 774 17 0 0 0 517
282 484 6 117 132 134 518
290 694 13 0 230 231 519
100 144 12 0 0 0 520
342 442 6 218 221 199 521
348 196 4 6 6 6 522
308 766 10 0 0 1 523
194 296 21 0 0 0 524
176 320 7 0 6 0 525
568 234 6 0 0 0 526
332 2 5 121 121 121 527
404 708 11 1 181 152 528
506 414 21 0 0 0 529
46 300 11 0 0 0 530
514 258 6 0 0 0 531
126 354 6 0 0 1 532
356 462 8 218 227 200 533
388 2 6 10 10 10 534
294 668 13 0 233 226 535
8 346 24 0 0 0 536
296 144 6 0 0 0 537
24 694 22 0 0 0 538
38 466 10 0 0 0 539
70 398 13 0 0 0 540
102 304 12 0 0 0 541
108 276 16 0 0 0 542
114 132 6 0 0 0 543
116 330 17 0 0 0 544
136 248 16 0 0 0 545
202 60 8 0 0 0 546
218 84 6 1 1 1 547
256 126 8 0 0 0 548
316 632 7 48 255 255 549
348 630 7 0 226 188 550
382 200 4 0 0 0 551
392 514 6 12 0 4 552
402 790 26 0 0 0 553
452 532 11 0 25 0 554
468 708 14 0 0 0 555
480 368 9 0 0 3 556
526 488 16 0 0 0 557
534 634 11 0 0 0 558
538 718 23 0 0 0 559
558 634 12 0 0 0 560
570 16 4 0 0 0 561
354 760 7 0 0 0 562
332 604 7 40 247 249 563
328 626 6 35 255 252 564
50 452 8 2 0 1 565
552 418 24 0 0 0 566
454 646 6 0 179 119 567
460 686 6 0 181 126 568
462 670 10 0 181 126 569
32 144 7 6 6 6 570
24 308 12 0 0 0 571
494 692 16 0 0 0 572
164 268 18 0 0 0 573
158 790 10 1 1 1 574
30 630 13 1 1 1 575
16 386 16 0 0 0 576
64 136 8 0 0 0 577
422 442 6 179 210 131 578
174 784 7 0 0 0 579
46 136 9 0 0 0 580
444 696 11 2 178 124 581
164 84 20 0 0 0 582
36 516 6 0 0 3 583
382 534 8 115 228 195 584
388 497 8 5 0 0 585
440 502 15 15 80 25 586
414 433 6 9 8 12 587
399 435 6 220 213 156 588
377 459 9 213 221 198 589
369 476 8 3 4 0 590
445 459 10 160 205 84 591
441 393 10 5 15 3 592
327 673 14 0 230 231 593
282 586 11 76 152 148 594
181 531 12 0 1 16 595
203 513 9 38 65 85 596
234 617 10 0 4 11 597
221 639 9 0 3 0 598
235 729 8 0 6 21 599
227 664 10 8 85 87 600
341 474 8 194 206 186 601
325 439 8 164 194 253 602
351 423 8 231 237 202 603
461 583 11 2 170 64 604
469 516 10 0 67 1 605
458 391 7 3 1 7 606
364 615 10 0 233 194 607
374 683 9 11 187 158 608
381 714 12 3 183 154 609
357 717 8 3 183 154 610
341 698 6 17 0 2 611
345 661 7 73 217 199 612
272 669 8 0 0 8 613
288 626 6 55 255 255 614
303 634 6 34 255 251 615
307 654 6 14 231 226 616
327 303 6 73 33 164 617
452 147 5 190 190 190 618
456 158 4 73 73 73 619
462 147 4 40 40 40 620
459 168 6 151 151 151 621
474 173 6 116 116 116 622
520 123 6 150 150 150 623
443 20 4 73 73 73 624
317 104 6 133 133 133 625
346 176 6 232 232 232 626
370 176 4 25 25 25 627
428 429 6 16 5 0 628
131 570 10 49 163 247 629
141 547 10 39 159 255 630
171 582 8 78 174 240 631
339 544 7 96 143 141 632
304 582 7 0 59 63 633
406 503 7 0 12 0 634
95 434 6 0 0 6 635
88 502 8 6 82 178 636
96 605 7 8 137 230 637
288 739 7 2 207 212 638
417 693 8 23 183 137 639
430 283 6 139 58 83 640
Neighbours
0 : 
1 :  101
2 :  511 532
3 :  74 91 636
4 :  31 58 99
5 :  157
6 :  12 100 120
7 :  219 540 635
8 :  69
9 :  170 214 523
10 :  62 85 484
11 :  87 629
12 :  6 23
13 :  42 640
14 :  136 583
15 :  69 122 575
16 :  152
17 :  120
18 :  83 107
19 :  26 47 103
20 :  28 47 162
21 :  556
22 :  519 613
23 :  12 33 52 617
24 : 
25 :  39 56
26 :  19
27 : 
28 :  20 55 65
29 :  524 525
30 :  489 630
31 :  4
32 :  498
33 :  23 459
34 :  503 595
35 :  491 528
36 :  486
37 :  390
38 :  258
39 :  25
40 :  62
41 :  533 589 603
42 :  13 640
43 :  389
44 :  514
45 : 
46 :  374
47 :  19 20
48 :  335 508
49 :  389
50 :  472
51 :  482
52 :  23
53 :  109
54 :  453
55 :  28
56 :  25
57 :  148 436
58 :  4 264 515
59 :  462
60 :  420
61 :  86
62 :  10 40
63 :  140
64 :  89
65 :  28
66 :  123 163
67 :  436 622
68 :  121 180 197
69 :  8 15
70 : 
71 :  482 596
72 :  196 454
73 :  414
74 :  3
75 :  90 180
76 :  80 191 199
77 :  500
78 :  453
79 : 
80 :  76 153
81 :  144
82 : 
83 :  18
84 :  274 422
85 :  10
86 :  61 149
87 :  11
88 :  168 458
89 :  64 458
90 :  75
91 :  3
92 :  563
93 :  160 172
94 :  106 114 151 190
95 :  531
96 :  187
97 :  155 292 339
98 : 
99 :  4
100 :  6
101 :  1
102 :  305
103 :  19
104 :  363 468
105 :  440 607
106 :  94
107 :  18
108 :  190 282
109 :  53
110 :  332 466 631
111 :  128 255
112 : 
113 :  422
114 :  94 190
115 : 
116 :  143
117 : 
118 :  216
119 :  269
120 :  6 17
121 :  68
122 :  15 494
123 :  66 126
124 :  426
125 :  189 321
126 :  123 410
127 :  149 173 245 250
128 :  111
129 :  481
130 : 
131 :  429
132 :  321 330
133 :  197 328
134 :  256 323
135 :  549
136 :  14
137 :  200
138 :  225 230 246 277
139 :  476
140 :  63
141 :  535
142 :  385 440
143 :  116
144 :  81 169
145 :  183 239 243 257
146 :  161
147 :  266
148 :  57
149 :  86 127
150 : 
151 :  94 161 181
152 :  16
153 :  80
154 :  169 220
155 :  97 189
156 :  405
157 :  5
158 :  562
159 :  259
160 :  93 204 218
161 :  146 151 198
162 :  20
163 :  66
164 : 
165 : 
166 :  390
167 :  351
168 :  88 345
169 :  144 154
170 :  9
171 :  212
172 :  93 177
173 :  127 245
174 :  396
175 :  600
176 :  423
177 :  172
178 :  198 257
179 :  534
180 :  68 75 230
181 :  151 198
182 :  201 209 324
183 :  145
184 :  507
185 :  556
186 : 
187 :  96
188 :  266
189 :  125 155 292
190 :  94 108 114 193
191 :  76
192 :  251 273 286
193 :  190 236 301
194 :  260
195 :  505
196 :  72
197 :  68 133 230 246
198 :  161 178 181 239
199 :  76 333
200 :  137 276
201 :  182 478
202 :  353 419
203 : 
204 :  160 266
205 : 
206 :  375
207 :  316 435
208 :  273 414
209 :  182 475
210 :  325
211 :  510
212 :  171
213 :  279
214 :  9 523
215 :  393
216 :  118 265
217 :  383
218 :  160
219 :  7
220 :  154
221 :  261
222 :  272
223 :  234 236 397
224 :  284 305
225 :  138
226 :  414
227 :  392
228 :  306
229 :  312
230 :  138 180 197 623
231 :  479
232 :  311
233 :  294 411
234 :  223 527
235 :  338
236 :  193 223 282
237 :  314 327
238 :  356
239 :  145 198 268
240 :  262
241 : 
242 :  340
243 :  145 350
244 :  418
245 :  127 173
246 :  138 197
247 :  308
248 : 
249 :  281
250 :  127 410
251 :  192 257
252 :  301
253 : 
254 : 
255 :  111
256 :  134 622
257 :  145 178 239 251
258 :  38 514 636
259 :  159
260 :  194 518 601 602
261 :  221
262 :  240 279 289
263 :  462
264 :  58
265 :  216 284
266 :  147 188 204
267 : 
268 :  239
269 :  119 307
270 :  287
271 :  317 318 408
272 :  222 373
273 :  192 208 308 333 350
274 :  84 422
275 :  280
276 :  200 372
277 :  138 360
278 : 
279 :  213 262
280 :  275 477
281 :  249
282 :  108 236
283 :  293
284 :  224 265
285 :  315 343 391
286 :  192
287 :  270
288 :  446
289 :  262
290 :  369 384 424
291 :  297 358
292 :  97 189
293 :  283 334
294 :  233
295 : 
296 :  367
297 :  291
298 :  396
299 :  463
300 :  380 448
301 :  193 252
302 :  380 400
303 :  393
304 :  395
305 :  102 224 369
306 :  228
307 :  269 361
308 :  247 273
309 :  342 367
310 :  439
311 :  232
312 :  229
313 :  400 537
314 :  237 343
315 :  285
316 :  207
317 :  408
318 :  271 433
319 :  382
320 :  348
321 :  125 132
322 :  379
323 :  134
324 :  182 336 401
325 :  210 334
326 : 
327 :  237
328 :  133 382
329 :  621
330 :  132 493
331 :  337
332 :  110 498
333 :  199 273
334 :  293 325
335 :  48
336 :  324
337 :  331
338 :  235
339 :  97 371 425
340 :  242
341 :  449 482
342 :  309
343 :  285 314
344 :  357
345 :  168
346 :  425 445
347 : 
348 :  320 395
349 :  356
350 :  243 273 364
351 :  167 585 590
352 :  367
353 :  202 419
354 :  437
355 :  467
356 :  238 349
357 :  344
358 :  291 359
359 :  358
360 :  277 512
361 :  307 451 627
362 : 
363 :  104
364 :  350
365 : 
366 :  373
367 :  296 309 352
368 :  378
369 :  290 305
370 : 
371 :  339
372 :  276
373 :  272 366
374 :  46 395
375 :  206 450
376 : 
377 :  444
378 :  368
379 :  322 429
380 :  300 302
381 : 
382 :  319 328 409
383 :  217
384 :  290 400
385 :  142
386 :  549 563 614 633
387 : 
388 :  443 464
389 :  43 49
390 :  37 166 604
391 :  285
392 :  227
393 :  215 303
394 :  490 599 638
395 :  304 348 374
396 :  174 298 398 399
397 :  223
398 :  396 546
399 :  396
400 :  302 313 384
401 :  324
402 :  625
403 :  430
404 :  443
405 :  156 554
406 : 
407 :  437
408 :  271 317 561
409 :  382
410 :  126 250
411 :  233
412 :  501 578 591
413 :  467
414 :  73 208 226
415 :  626
416 :  455 534
417 :  447 465 619
418 :  244
419 :  202 353
420 :  60 597 598 600
421 : 
422 :  84 113
423 :  176
424 :  290
425 :  339 346 496
426 :  124 604
427 :  432
428 :  485 605
429 :  131 379
430 :  403
431 :  446
432 :  427
433 :  318 470
434 : 
435 :  207 316
436 :  57 67
437 :  354 407
438 :  456
439 :  310
440 :  105 142 584 632
441 :  552 554 586 634
442 :  451
443 :  388 404
444 :  377
445 :  346
446 :  288 431
447 :  417 618
448 :  300
449 :  341
450 :  375
451 :  361 442 522
452 :  553 562
453 :  54 78
454 :  72
455 :  416
456 :  438
457 :  480 610
458 :  88 89
459 :  33
460 :  463
461 :  519
462 :  59 263
463 :  299 460
464 :  388
465 :  417
466 :  110 474
467 :  355 413
468 :  104 502
469 : 
470 :  433
471 :  499
472 :  50 608
473 : 
474 :  466
475 :  209
476 :  139
477 :  280
478 :  201
479 :  231 529 592 606 628
480 :  457
481 :  129
482 :  51 71 341
483 :  507 547
484 :  10
485 :  428 557
486 :  36
487 :  531
488 :  492 508
489 :  30
490 :  394 638
491 :  35 555 581
492 :  488
493 :  330
494 :  122
495 : 
496 :  425 526
497 :  509
498 :  32 332
499 :  471
500 :  77 569 581 639
501 :  412 588
502 :  468 503
503 :  34 502 506
504 :  550 607 612
505 :  195
506 :  502 503
507 :  184 483
508 :  48 488
509 :  497
510 :  211
511 :  2
512 :  360
513 :  529 556
514 :  44 258 565
515 :  58
516 :  548
517 : 
518 :  260
519 :  22 461 535
520 :  543
521 : 
522 :  451
523 :  9 214
524 :  29
525 :  29
526 :  496
527 :  234
528 :  35 609 639
529 :  479 513
530 :  571
531 :  95 487
532 :  2
533 :  41
534 :  179 416
535 :  141 519 616
536 :  576
537 :  313
538 : 
539 :  565
540 :  7
541 :  542 544
542 :  541
543 :  520
544 :  541
545 :  573
546 :  398
547 :  483
548 :  516
549 :  135 386 564 615
550 :  504
551 : 
552 :  441
553 :  452
554 :  405 441
555 :  491 572
556 :  21 185 513
557 :  485
558 : 
559 : 
560 : 
561 :  408
562 :  158 452
563 :  92 386
564 :  549
565 :  514 539
566 : 
567 : 
568 :  569
569 :  500 568
570 :  580
571 :  530
572 :  555
573 :  545
574 :  579
575 :  15
576 :  536
577 : 
578 :  412 587
579 :  574
580 :  570
581 :  491 500
582 : 
583 :  14
584 :  440
585 :  351
586 :  441
587 :  578
588 :  501
589 :  41
590 :  351
591 :  412
592 :  606
593 :  612
594 : 
595 :  34
596 :  71
597 :  420
598 :  420
599 :  394
600 :  175 420
601 :  260
602 :  260
603 :  41
604 :  390 426
605 :  428
606 :  479 592
607 :  105 504
608 :  472
609 :  528
610 :  457
611 : 
612 :  504 593
613 :  22
614 :  386
615 :  549
616 :  535
617 :  23
618 :  447
619 :  417 621
620 : 
621 :  329 619
622 :  67 256
623 :  230
624 : 
625 :  402
626 :  415
627 :  361
628 :  479
629 :  11
630 :  30
631 :  110
632 :  440
633 :  386
634 :  441
635 :  7
636 :  3 258
637 : 
638 :  490
639 :  500 528
640 :  42
