BoardStartEnd
4 199
94 312 15 0 225 250 0
208 68 12 0 225 250 1
282 226 10 217 159 54 2
132 438 16 56 190 172 3
212 308 11 0 225 250 4
136 238 12 29 152 248 5
114 224 12 0 225 250 6
102 94 15 57 191 173 7
210 100 15 56 190 172 8
336 180 15 140 27 191 9
138 150 15 0 225 250 10
290 320 11 29 152 248 11
370 294 11 29 152 248 12
156 120 11 56 190 172 13
226 184 14 56 190 172 14
138 58 10 0 225 250 15
216 336 11 155 71 143 16
154 414 10 29 152 248 17
90 138 12 0 225 250 18
328 226 11 217 159 54 19
134 206 15 217 159 54 20
174 58 16 140 27 191 21
234 80 11 22 114 185 22
320 256 15 29 152 248 23
336 276 9 0 225 250 24
200 162 15 217 159 54 25
322 156 11 81 27 224 26
172 168 10 29 152 248 27
148 306 8 29 152 248 28
196 394 15 155 71 143 29
132 86 11 155 71 143 30
304 232 8 0 225 250 31
224 212 10 155 71 143 32
192 250 9 0 225 250 33
352 216 11 155 71 143 34
106 422 11 0 225 250 35
304 346 14 155 71 143 36
164 144 10 155 71 143 37
398 262 10 0 225 250 38
214 280 14 29 152 248 39
114 156 8 56 190 172 40
320 204 10 29 152 248 41
170 236 15 155 71 143 42
178 418 8 217 159 54 43
90 162 11 140 27 191 44
370 266 11 217 159 54 45
156 186 9 0 225 250 46
246 284 10 0 169 187 47
318 318 10 12 182 200 48
184 216 7 0 225 250 49
346 302 11 140 27 191 50
284 124 16 217 159 54 51
174 360 12 0 225 250 52
246 380 15 0 169 187 53
166 90 12 29 152 248 54
296 158 10 29 152 248 55
120 262 8 140 27 191 56
118 124 12 29 152 248 57
212 128 10 217 159 54 58
164 208 10 81 27 224 59
140 364 8 55 189 171 60
204 228 11 29 152 248 61
360 192 8 81 26 225 62
346 244 9 140 27 191 63
230 154 11 81 27 224 64
88 182 6 0 225 250 65
140 332 11 81 27 224 66
94 368 8 0 225 250 67
372 246 6 1 226 251 68
236 324 8 25 228 249 69
170 394 9 0 225 250 70
256 420 9 0 0 0 71
126 300 6 54 190 172 72
220 382 7 217 159 54 73
224 414 15 29 152 248 74
86 340 9 29 152 248 75
160 286 8 140 27 191 76
166 438 9 141 28 192 77
140 290 6 217 159 53 78
180 192 8 56 190 172 79
312 292 16 81 27 224 80
258 220 10 42 143 128 81
252 84 3 139 26 190 82
242 232 8 155 71 143 83
120 390 15 81 27 224 84
226 360 10 140 27 191 85
388 232 10 81 27 224 86
284 296 9 29 152 248 87
96 286 7 56 190 172 88
122 318 6 217 159 54 89
116 286 9 29 152 248 90
192 320 11 56 190 172 91
186 118 13 140 27 191 92
270 204 9 0 224 249 93
110 194 11 81 27 224 94
270 176 11 29 152 248 95
290 364 8 81 27 224 96
388 280 7 56 190 172 97
260 244 8 23 115 186 98
144 266 14 81 27 224 99
270 368 9 27 153 248 100
148 394 6 155 71 143 101
202 202 11 130 46 170 102
254 152 7 0 225 250 103
174 266 13 217 159 54 104
346 326 11 81 27 224 105
94 398 8 217 159 54 106
308 138 7 57 191 173 107
292 246 8 81 27 224 108
240 254 10 163 120 41 109
230 134 6 0 225 250 110
276 254 8 56 190 172 111
402 246 6 55 189 171 112
210 436 7 141 28 192 113
328 336 8 56 190 172 114
286 382 6 216 158 53 115
270 328 8 56 190 172 116
292 192 15 140 27 191 117
312 178 6 217 159 54 118
238 344 6 140 27 191 119
192 344 7 155 71 143 120
78 360 6 140 27 191 121
184 142 8 27 153 248 122
112 366 9 29 152 248 123
140 406 5 56 190 172 124
220 246 10 140 27 191 125
234 114 10 29 152 248 126
176 292 5 0 224 252 127
88 114 6 81 27 224 128
352 262 5 27 153 248 129
360 232 5 0 225 250 130
98 352 5 217 158 55 131
270 388 9 155 71 143 132
304 212 4 0 224 252 133
290 276 8 217 159 54 134
200 364 12 81 27 224 135
262 348 12 217 159 54 136
252 102 11 0 225 250 137
192 294 8 140 28 190 138
208 258 4 28 151 247 139
112 330 7 140 27 191 140
252 194 6 0 169 187 141
372 206 4 157 71 143 142
262 298 8 163 120 41 143
378 216 5 29 152 250 144
274 150 9 155 71 143 145
84 384 6 29 152 248 146
120 174 5 217 159 54 147
130 350 7 217 159 54 148
154 168 4 217 159 54 149
170 310 10 155 71 143 150
264 404 4 35 127 198 151
194 270 4 56 190 172 152
234 300 7 140 27 191 153
158 322 5 0 225 250 154
98 210 5 140 27 191 155
154 348 8 29 152 248 156
196 430 6 155 71 143 157
330 308 4 219 158 54 158
270 104 7 155 70 144 159
138 176 10 140 27 191 160
254 318 7 116 54 108 161
260 138 5 42 143 128 162
194 184 5 28 151 247 163
152 48 5 27 153 248 164
150 84 3 2 221 247 165
308 372 5 217 159 54 166
156 364 4 155 70 144 167
126 414 7 140 27 191 168
154 70 4 142 27 191 169
366 312 4 217 159 54 170
246 332 3 71 169 155 171
114 348 8 155 71 143 172
90 414 3 30 154 248 173
182 98 5 219 158 54 174
152 452 4 0 225 250 175
416 256 3 155 71 143 176
76 372 3 0 221 245 177
216 144 4 140 27 191 178
244 356 4 155 71 143 179
282 350 3 29 152 248 180
284 340 5 81 27 224 181
270 310 3 136 26 186 182
138 128 4 155 70 144 183
250 130 5 170 97 159 184
326 354 3 0 220 244 185
336 208 5 82 28 225 186
264 118 3 1 225 250 187
114 302 3 0 223 247 188
144 72 3 80 27 221 189
372 228 6 140 27 191 190
74 348 4 155 71 143 191
124 186 4 56 190 172 192
156 222 4 27 153 248 193
162 452 3 214 156 53 194
242 206 5 80 26 223 195
246 168 7 219 158 54 196
340 260 3 56 188 171 197
122 58 3 217 159 54 198
100 384 6 155 71 143 199
220 230 3 1 226 251 200
174 378 4 157 71 143 201
280 284 4 0 1 0 202
286 172 3 56 190 172 203
168 108 4 29 152 248 204
270 86 5 0 0 0 205
200 138 5 140 27 191 206
186 304 4 29 153 247 207
294 144 3 28 147 240 208
334 348 4 142 27 191 209
Neighbours
0 :  72 75 88 89 90 140 188
1 :  8 21 22
2 :  31 81 93 98 108 111 117 133
3 :  17 35 77 124 168 175 194
4 :  16 39 69 91 138 153 207
5 :  6 20 42 56 99 193
6 :  5 20 94 155
7 :  30 57 128
8 :  1 22 58 92 126 174
9 :  26 34 41 62 118 186
10 :  13 27 37 40 57 147 149 160 183
11 :  36 48 80 87 116 181 182
12 :  45 50 97 170
13 :  10 37 54 92 183 204
14 :  25 32 64 102 141 163 195 196
15 :  21 30 164 169 189 198
16 :  4 69 85 91 119 120 135
17 :  3 43 70 77 101 124 168
18 :  40 44 57 128
19 :  23 31 34 41 63 133 186
20 :  5 6 46 59 94 147 160 192 193
21 :  1 15 54 164 169 189
22 :  1 8 82 126 137
23 :  19 24 31 63 80 108 129 134 197
24 :  23 50 80 129 197
25 :  14 27 58 64 79 102 122 163 178 206
26 :  9 55 107 118
27 :  10 25 37 46 79 122 149 160 163
28 :  66 72 76 78 89 150 154
29 :  43 52 70 73 74 135 201
30 :  7 15 54 165 169 189
31 :  2 19 23 41 108 133
32 :  14 61 81 83 102 125 195 200
33 :  39 42 61 104 125 139 152
34 :  9 19 41 62 63 130 142 144 186 190
35 :  3 84 106 168 173
36 :  11 48 96 114 166 180 181 185 209
37 :  10 13 27 92 122 149
38 :  45 68 86 97 112 176
39 :  4 33 47 109 125 138 139 152 153
40 :  10 18 44 57 147 160
41 :  9 19 31 34 117 118 133 186
42 :  5 33 49 59 61 99 104 193
43 :  17 29 70 77 157
44 :  18 40 65
45 :  12 38 63 68 97 129
46 :  20 27 59 79 149 160
47 :  39 109 143 153
48 :  11 36 50 80 105 114 158
49 :  42 59 61 79 102
50 :  12 24 48 80 105 158 170
51 :  55 107 137 145 159 162 184 187 208
52 :  29 60 70 120 135 156 167 201
53 :  73 74 85 100 132 136 151 179
54 :  13 21 30 92 165 169 174 189 204
55 :  26 51 95 107 117 118 145 203 208
56 :  5 90 99
57 :  7 10 18 40 128 183
58 :  8 25 64 92 110 122 126 178 206
59 :  20 42 46 49 79 193
60 :  52 66 84 123 148 156 167 172
61 :  32 33 42 49 102 125 200
62 :  9 34 142
63 :  19 23 34 45 68 129 130 197
64 :  14 25 58 103 110 178 196
65 :  44 94
66 :  28 60 89 140 148 154 156 172
67 :  75 84 106 121 123 131 146 172 177 199
68 :  38 45 63 86 129 130 190
69 :  4 16 119 153 161 171
70 :  17 29 43 52 101 201
71 :  74 151
72 :  0 28 78 89 90 188
73 :  29 53 74 85 135
74 :  29 53 71 73 113 157
75 :  0 67 121 131 140 172 191
76 :  28 78 99 104 127 150
77 :  3 17 43 175 194
78 :  28 72 76 90 99
79 :  25 27 46 49 59 102 163
80 :  11 23 24 48 50 87 134 158 202
81 :  2 32 83 93 98 141 195
82 :  22 137 205
83 :  32 81 98 109 125 195 200
84 :  35 60 67 101 106 123 124 168 199
85 :  16 53 73 119 135 179
86 :  38 68 112 130 144 190
87 :  11 80 134 143 182 202
88 :  0 90 188
89 :  0 28 66 72 140 188
90 :  0 56 72 78 88 99 188
91 :  4 16 120 138 150 207
92 :  8 13 37 54 58 122 174 204 206
93 :  2 81 95 117 141 195
94 :  6 20 65 147 155 160 192
95 :  55 93 103 117 141 145 196 203
96 :  36 100 115 132 136 166 180 181
97 :  12 38 45
98 :  2 81 83 109 111
99 :  5 42 56 76 78 90 104
100 :  53 96 115 132 136 180
101 :  17 70 84 124
102 :  14 25 32 49 61 79 163
103 :  64 95 145 162 184 196
104 :  33 42 76 99 127 138 152
105 :  48 50 114 158 170 209
106 :  35 67 84 146 173 199
107 :  26 51 55 208
108 :  2 23 31 111 134
109 :  39 47 83 98 125
110 :  58 64 126 178 184
111 :  2 98 108 134
112 :  38 86 176
113 :  74 157
114 :  36 48 105 185 209
115 :  96 100 132 166
116 :  11 136 161 171 180 181 182
117 :  2 41 55 93 95 118 133 203
118 :  9 26 41 55 117
119 :  16 69 85 136 171 179
120 :  16 52 91 135
121 :  67 75 131 146 177 191
122 :  25 27 37 58 92 206
123 :  60 67 84 131 148 172 199
124 :  3 17 84 101 168
125 :  32 33 39 61 83 109 139 200
126 :  8 22 58 110 137 184
127 :  76 104 138 150 207
128 :  7 18 57
129 :  23 24 45 63 68 197
130 :  34 63 68 86 144 190
131 :  67 75 121 123 140 172
132 :  53 96 100 115 151
133 :  2 19 31 41 117
134 :  23 80 87 108 111 202
135 :  16 29 52 73 85 120 201
136 :  53 96 100 116 119 161 171 179 180 181
137 :  22 51 82 126 159 184 187 205
138 :  4 39 91 104 127 150 152 207
139 :  33 39 125 152
140 :  0 66 75 89 131 148 172
141 :  14 81 93 95 195 196
142 :  34 62 144 190
143 :  47 87 153 161 182 202
144 :  34 86 130 142 190
145 :  51 55 95 103 162 203 208
146 :  67 106 121 177 199
147 :  10 20 40 94 160 192
148 :  60 66 123 140 156 172
149 :  10 27 37 46 160
150 :  28 76 91 127 138 154 207
151 :  53 71 132
152 :  33 39 104 138 139
153 :  4 39 47 69 143 161
154 :  28 66 150 156
155 :  6 94
156 :  52 60 66 148 154 167
157 :  43 74 113
158 :  48 50 80 105
159 :  51 137 187 205
160 :  10 20 27 40 46 94 147 149 192
161 :  69 116 136 143 153 171 182
162 :  51 103 145 184 187
163 :  14 25 27 79 102
164 :  15 21 169
165 :  30 54 169 189
166 :  36 96 115
167 :  52 60 156 201
168 :  3 17 35 84 124
169 :  15 21 30 54 164 165 189
170 :  12 50 105
171 :  69 116 119 136 161
172 :  60 66 67 75 123 131 140 148
173 :  35 106
174 :  8 54 92 204
175 :  3 77 194
176 :  38 112
177 :  67 121 146
178 :  25 58 64 110 206
179 :  53 85 119 136
180 :  36 96 100 116 136 181
181 :  11 36 96 116 136 180
182 :  11 87 116 143 161
183 :  10 13 57
184 :  51 103 110 126 137 162 187
185 :  36 114 209
186 :  9 19 34 41
187 :  51 137 159 162 184
188 :  0 72 88 89 90
189 :  15 21 30 54 165 169
190 :  34 68 86 130 142 144
191 :  75 121
192 :  20 94 147 160
193 :  5 20 42 59
194 :  3 77 175
195 :  14 32 81 83 93 141
196 :  14 64 95 103 141
197 :  23 24 63 129
198 :  15
199 :  67 84 106 123 146
200 :  32 61 83 125
201 :  29 52 70 135 167
202 :  80 87 134 143
203 :  55 95 117 145
204 :  13 54 92 174
205 :  82 137 159
206 :  25 58 92 122 178
207 :  4 91 127 138 150
208 :  51 55 107 145
209 :  36 105 114 185
