 536 536 
392 403 14 35 55 140 0
453 168 13 34 54 139 1
313 226 24 255 255 254 2
489 308 14 34 54 139 3
324 392 14 32 56 140 4
481 375 14 34 54 139 5
313 310 23 255 255 254 6
392 350 13 34 54 139 7
355 406 11 36 53 140 8
461 140 10 33 53 138 9
495 257 10 36 55 142 10
417 179 14 34 55 140 11
518 296 10 33 52 139 12
501 229 13 34 54 139 13
347 260 10 33 54 139 14
355 355 9 38 52 141 15
478 333 9 30 53 139 16
215 308 10 34 56 138 17
520 260 12 34 54 139 18
266 212 14 33 53 140 19
140 117 12 34 54 139 20
277 162 13 34 54 141 21
489 182 9 33 53 138 22
369 196 14 34 54 139 23
420 394 10 34 54 139 24
327 140 13 34 54 139 25
43 109 10 38 53 139 26
215 420 9 34 54 139 27
243 435 10 33 55 137 28
364 221 10 35 52 139 29
173 137 10 34 55 140 30
464 204 10 34 55 140 31
417 375 9 34 56 138 32
249 182 9 35 54 141 33
42 425 10 33 54 139 34
442 338 10 33 53 140 35
512 327 11 34 53 140 36
443 369 9 34 54 141 37
322 277 11 36 53 139 38
210 243 9 34 55 140 39
333 182 11 33 53 141 40
210 347 9 34 54 139 41
383 140 13 34 54 139 42
316 358 10 31 55 139 43
394 372 7 35 52 139 44
142 411 11 38 53 139 45
308 168 10 34 54 139 46
475 221 7 34 55 137 47
372 322 11 36 55 142 48
173 397 9 34 54 139 49
495 280 12 31 54 140 50
232 196 9 36 52 141 51
280 249 10 36 53 140 52
364 154 10 34 54 139 53
352 327 8 34 54 139 54
170 182 9 31 54 140 55
260 333 9 34 53 140 56
263 271 11 34 54 139 57
501 355 10 32 55 141 58
431 263 9 38 31 228 59
375 372 9 33 53 140 60
422 350 5 32 54 142 61
291 187 6 34 54 141 62
217 226 7 33 54 139 63
249 420 6 31 55 139 64
235 240 7 34 55 137 65
372 394 7 35 54 141 66
434 134 14 34 54 139 67
406 257 8 37 30 229 68
112 425 8 166 174 211 69
445 201 6 33 52 139 70
355 176 10 33 53 140 71
204 378 8 34 55 137 72
436 187 6 35 56 138 73
237 263 14 34 54 139 74
470 352 5 34 50 139 75
221 282 8 34 54 139 76
218 394 8 33 53 138 77
280 366 7 165 175 209 78
266 355 6 31 54 140 79
492 338 5 34 56 138 80
212 101 12 35 55 142 81
411 336 10 34 54 139 82
389 182 10 35 54 135 83
481 352 5 34 53 140 84
212 366 6 35 52 139 85
352 125 6 31 52 137 86
350 229 6 32 54 136 87
221 140 8 35 56 138 88
386 274 10 36 29 228 89
358 294 6 36 53 139 90
358 383 9 35 56 138 91
330 350 6 34 54 142 92
394 123 7 34 54 141 93
509 187 6 34 53 140 94
403 288 12 36 32 227 95
461 324 6 36 52 141 96
243 98 12 31 55 137 97
414 123 8 33 54 139 98
403 154 9 38 53 139 99
218 270 5 34 54 139 100
266 237 6 34 52 141 101
266 302 9 36 53 139 102
156 131 8 36 53 139 103
224 235 5 32 53 138 104
434 355 7 34 54 139 105
350 310 9 32 52 139 106
461 341 9 32 55 141 107
249 240 5 37 51 140 108
310 257 7 33 52 143 109
207 156 9 36 53 140 110
456 358 8 34 56 138 111
207 190 6 34 55 137 112
257 372 5 29 49 136 113
495 165 9 31 54 140 114
478 145 6 34 52 141 115
187 151 6 34 55 140 116
72 103 10 32 54 136 117
154 327 10 34 54 141 118
254 128 8 37 54 140 119
350 207 7 33 53 140 120
436 392 5 36 53 139 121
478 165 7 37 54 141 122
83 388 9 34 55 137 123
72 428 11 34 54 139 124
235 81 6 34 55 137 125
411 137 6 36 53 140 126
229 151 5 36 57 139 127
380 165 9 37 53 142 128
389 251 10 38 31 230 129
240 221 7 34 54 139 130
249 358 7 34 54 141 131
257 251 8 29 55 139 132
467 187 6 33 54 139 133
56 100 6 34 55 137 134
218 118 5 33 54 139 135
487 243 6 33 54 136 136
89 158 5 34 54 139 137
92 145 9 35 54 141 138
56 434 6 33 54 139 139
198 358 7 32 56 138 140
291 145 6 33 54 139 141
185 361 6 37 54 141 142
241 350 5 34 53 140 143
523 280 6 38 52 141 144
495 196 6 39 53 141 145
344 389 6 34 54 139 146
330 372 6 34 53 140 147
408 240 7 40 31 228 148
95 114 6 34 56 138 149
266 179 6 35 55 140 150
436 154 6 33 54 139 151
422 361 5 27 50 136 152
302 394 6 35 54 141 153
75 170 9 33 55 137 154
361 369 5 31 52 137 155
422 156 8 24 44 131 156
109 408 6 34 55 137 157
364 123 6 30 53 139 158
428 285 7 36 32 228 159
95 397 6 32 52 139 160
231 347 6 31 54 140 161
288 263 6 31 55 137 162
299 380 6 36 54 137 163
406 198 7 35 55 140 164
294 280 9 33 54 139 165
185 380 7 34 53 140 166
246 338 5 34 53 140 167
509 310 6 33 57 139 168
389 207 8 34 54 139 169
341 154 6 33 54 139 170
249 400 6 32 52 140 171
305 140 8 35 54 141 172
123 406 8 35 52 138 173
481 210 5 32 52 139 174
246 207 6 33 55 137 175
159 414 6 33 54 139 176
277 184 6 25 46 137 177
193 368 5 32 54 142 178
282 291 6 22 49 136 179
156 403 5 33 54 139 180
492 212 6 25 49 137 181
361 134 5 34 54 139 182
422 240 6 36 27 231 183
255 410 6 36 53 139 184
431 198 5 34 56 138 185
523 232 5 33 54 136 186
271 288 5 155 167 203 187
193 162 6 33 54 139 188
190 394 8 36 53 140 189
98 131 6 255 254 253 190
330 263 5 34 55 140 191
224 450 11 30 51 136 192
260 156 5 255 255 255 193
420 198 5 38 57 138 194
237 330 7 33 55 137 195
226 322 6 33 53 138 196
226 434 6 33 53 141 197
251 168 5 253 255 254 198
224 77 6 33 53 140 199
414 410 8 36 54 137 200
109 125 6 38 53 139 201
495 327 5 34 54 139 202
235 210 5 255 255 254 203
475 179 5 36 53 140 204
223 358 7 33 54 139 205
378 120 7 32 52 139 206
162 117 7 35 55 140 207
208 282 5 27 47 134 208
89 407 6 37 54 140 209
355 277 7 33 53 140 210
291 389 6 37 54 140 211
434 168 5 35 55 140 212
277 232 6 165 174 208 213
187 173 6 34 54 142 214
248 369 5 49 63 145 215
372 411 6 33 54 139 216
302 268 5 34 54 139 217
341 280 7 255 255 254 218
338 406 5 35 52 139 219
420 274 6 39 30 227 220
237 380 7 253 255 255 221
235 170 9 252 254 254 222
232 408 9 255 255 255 223
470 154 6 31 52 137 224
84 375 5 255 255 255 225
470 392 6 33 54 139 226
453 193 5 33 55 137 227
442 405 6 36 53 139 228
403 383 7 154 162 202 229
162 341 6 253 255 254 230
170 411 5 33 55 137 231
347 291 5 255 255 255 232
322 254 5 34 54 139 233
190 140 5 34 53 140 234
277 352 5 33 50 137 235
277 280 5 33 53 141 236
210 260 8 19 40 131 237
207 294 6 31 55 137 238
258 394 5 35 53 142 239
481 196 7 36 53 140 240
254 383 7 23 45 133 241
219 201 5 33 54 139 242
246 280 5 33 54 139 243
173 358 6 33 54 139 244
221 127 5 107 120 176 245
512 344 5 36 55 142 246
280 380 5 34 54 139 247
176 344 8 34 55 137 248
299 352 8 31 55 139 249
218 407 5 111 122 182 250
364 341 6 34 54 139 251
470 316 6 33 55 137 252
294 176 5 40 58 141 253
389 327 6 36 52 141 254
400 134 5 36 52 141 255
431 408 7 56 75 150 256
506 176 5 29 48 135 257
282 196 6 128 142 190 258
215 324 5 33 52 139 259
520 218 8 28 54 138 260
198 176 5 22 39 132 261
397 168 6 34 53 140 262
148 198 5 36 54 137 263
378 338 5 21 40 131 264
341 341 5 33 55 137 265
274 322 6 162 175 207 266
271 375 5 49 69 147 267
260 114 7 35 54 141 268
324 168 5 33 54 139 269
225 384 5 33 54 136 270
509 246 5 34 53 140 271
123 112 5 254 254 254 272
154 187 7 30 49 136 273
366 305 7 34 53 140 274
523 243 5 34 55 137 275
243 120 5 252 254 254 276
344 134 5 255 253 255 277
98 417 8 23 48 134 278
512 201 8 34 54 139 279
196 187 5 160 166 203 280
280 333 6 23 44 135 281
445 386 5 255 255 251 282
207 137 6 253 255 254 283
89 170 5 34 53 140 284
196 347 5 44 67 147 285
203 397 6 252 254 255 286
217 214 5 17 38 130 287
237 422 5 253 254 250 288
294 156 5 254 254 254 289
383 386 5 38 52 140 290
338 243 6 191 197 220 291
481 232 5 35 54 141 292
184 187 5 33 54 139 293
302 369 5 30 51 136 294
78 148 5 33 53 140 295
260 142 7 33 55 137 296
358 249 5 22 40 131 297
78 367 5 33 53 138 298
336 330 7 253 255 255 299
352 341 5 255 255 254 300
453 378 5 20 41 133 301
168 204 13 153 159 200 302
106 92 18 255 255 254 303
214 84 5 35 55 142 304
244 310 14 36 53 139 305
236 287 8 36 53 139 306
205 205 9 36 53 139 307
456 399 9 36 53 139 308
Neighbours
0 :  66 200 216 229 290
1 :  151 212 224
2 :  109 233 291
3 :  50 168 202 252
4 :  146 147 153 219
5 :  226
6 :  38 299
7 :  44 82 264
8 :  66 91 146 216 219
9 :  115 224
10 :  18 50 136 271
11 :  73 156 164 194 212 262
12 :  144 168
13 :  136 181 260 271 292
14 :  191 210 291 297
15 :  155 251 300
16 :  80 107
17 :  196 238 259
18 :  10 144 271 275
19 :  175 213 258
20 :  103 207 272
21 :  141 150 177 193 289
22 :  114 145 204 240
23 :  29 71 83 120 169
24 :  32 121 200 229 256
25 :  170 172 277
26 :  134
27 :  197 223 250
28 :  64 192 197 288
29 :  23 87 120
30 :  103 234
31 :  47 70 133 174 227 240
32 :  24 152 229
33 :  150 198 222
34 :  139
35 :  105 107
36 :  168 202 246
37 :  105 111 282 301
38 :  6 191 218
39 :  63 104 237
40 :  71 269
41 :  140 205 285
42 :  53 93 99 128 206 255
43 :  92 249 294
44 :  7 60 229
45 :  173 176 180
46 :  253 269 289
47 :  31 174 292
48 :  54 254 264 274
49 :  189 231
50 :  3 10
51 :  175 203 242
52 :  101 162 213
53 :  42 128
54 :  48 106 299 300
55 :  273 293 302
56 :  167 266
57 :  74 132 187 236 243
58 :  246
59 :  220
60 :  44 91 155 290
61 :  82 105 152
62 :  177 253 258
63 :  39 104 287
64 :  28 184 288
65 :  74 104 108
66 :  0 8 91 290
67 :  98 126 151 156
68 :  129 148
69 :  157 278
70 :  31 185 227
71 :  23 40
72 :  85 178
73 :  11 185
74 :  57 65 76 100 132 243 306
75 :  84 107 111
76 :  74 100 208 306
77 :  223 250 270 286
78 :  235 247 267
79 :  235
80 :  16 202
81 :  135 304
82 :  7 61
83 :  23 128 262
84 :  75
85 :  72 140 205
86 :  158 182 277
87 :  29
88 :  127 245 283
89 :  95 129
90 :  106 232 274
91 :  8 60 66 146 155
92 :  43 265
93 :  42 206 255
94 :  257 279
95 :  89
96 :  107 252
97 :  125
98 :  67 126
99 :  42 156 262
100 :  74 76 237
101 :  52 132 213
102 :  187 305
103 :  20 30 207
104 :  39 63 65
105 :  35 37 61 152
106 :  54 90 274
107 :  16 35 75 96 111
108 :  65 132
109 :  2 217 233
110 :  188
111 :  37 75 107
112 :  280 307
113 :  215 241
114 :  22 122 257
115 :  9 224
116 :  188 234
117 :  134
118 :  230
119 :  268 276 296
120 :  23 29
121 :  24 228 282
122 :  114 204 224
123 :  160 225
124 :  139
125 :  97 199
126 :  67 98 255
127 :  88
128 :  42 53 83 262
129 :  68 89
130 :  175 203
131 :  143 215
132 :  57 74 101 108
133 :  31 204
134 :  26 117
135 :  81 245
136 :  10 13 292
137 :  138 284
138 :  137 190 295
139 :  34 124
140 :  41 85 142 178 285
141 :  21 172 289
142 :  140 178 244
143 :  131 161 167
144 :  12 18
145 :  22 240
146 :  4 8 91
147 :  4
148 :  68 183
149 :  303
150 :  21 33 177
151 :  1 67 156 212
152 :  32 61 105
153 :  4 163 211
154 :  284
155 :  15 60 91
156 :  11 67 99 151
157 :  69 173 278
158 :  86 182 206
159 :  220
160 :  123 209
161 :  143 205
162 :  52 165
163 :  153 211 294
164 :  11 194
165 :  162 179 217 236
166 :  178 189
167 :  56 143 195
168 :  3 12 36
169 :  23
170 :  25
171 :  184 239
172 :  25 141
173 :  45 157
174 :  31 47 181 240
175 :  19 51 130 203
176 :  45 180 231
177 :  21 62 150 258
178 :  72 140 142 166
179 :  165 187 236
180 :  45 176
181 :  13 174
182 :  86 158
183 :  148
184 :  64 171
185 :  70 73 194
186 :  260 275
187 :  57 102 179 236
188 :  110 116 214
189 :  49 166 286
190 :  138 201
191 :  14 38 233
192 :  28 197
193 :  21 296
194 :  11 164 185
195 :  167 196 305
196 :  17 195 259 305
197 :  27 28 192
198 :  33 222
199 :  125 304
200 :  0 24 256
201 :  190
202 :  3 36 80
203 :  51 130 175
204 :  22 122 133
205 :  41 85 161
206 :  42 93 158
207 :  20 103
208 :  76 238
209 :  160 278
210 :  14 218
211 :  153 163 247
212 :  1 11 151
213 :  19 52 101
214 :  188 261 293
215 :  113 131 241
216 :  0 8
217 :  109 165
218 :  38 210 232
219 :  4 8
220 :  59 159
221 :  241 270
222 :  33 198
223 :  27 77 250 288
224 :  1 9 115 122
225 :  123 298
226 :  5 308
227 :  31 70
228 :  121 256 308
229 :  0 24 32 44
230 :  118 248
231 :  49 176
232 :  90 218
233 :  2 109 191
234 :  30 116
235 :  78 79
236 :  57 165 179 187
237 :  39 100
238 :  17 208
239 :  171 241
240 :  22 31 145 174
241 :  113 215 221 239
242 :  51 287 307
243 :  57 74 306
244 :  142 248
245 :  88 135
246 :  36 58
247 :  78 211 267
248 :  230 244
249 :  43
250 :  27 77 223
251 :  15 264 300
252 :  3 96
253 :  46 62
254 :  48
255 :  42 93 126
256 :  24 200 228
257 :  94 114
258 :  19 62 177
259 :  17 196
260 :  13 186 279
261 :  214 280
262 :  11 83 99 128
263 :  273 302
264 :  7 48 251
265 :  92 299 300
266 :  56 281
267 :  78 247
268 :  119
269 :  40 46
270 :  77 221
271 :  10 13 18
272 :  20 303
273 :  55 263 302
274 :  48 90 106
275 :  18 186
276 :  119
277 :  25 86
278 :  69 157 209
279 :  94 260
280 :  112 261 293
281 :  266
282 :  37 121 301 308
283 :  88
284 :  137 154
285 :  41 140
286 :  77 189
287 :  63 242 307
288 :  28 64 223
289 :  21 46 141
290 :  0 60 66
291 :  2 14
292 :  13 47 136
293 :  55 214 280
294 :  43 163
295 :  138
296 :  119 193
297 :  14
298 :  225
299 :  6 54 265
300 :  15 54 251 265
301 :  37 282
302 :  55 263 273
303 :  149 272
304 :  81 199
305 :  102 195 196 306
306 :  74 76 243 305
307 :  112 242 287
308 :  226 228 282
RecommendedStartEnd
s 18
e  191 2
d r l
s 118
e  303 2
d r l
