94 312 17 0 225 250 0
208 68 15 0 225 250 1
282 226 13 217 159 54 2
132 438 17 56 190 172 3
212 308 12 0 225 250 4
136 238 14 29 152 248 5
114 224 12 0 225 250 6
102 94 17 57 191 173 7
210 100 16 56 190 172 8
336 180 16 140 27 191 9
138 150 15 0 225 250 10
290 320 12 29 152 248 11
370 294 13 29 152 248 12
156 120 14 56 190 172 13
226 184 16 56 190 172 14
138 58 11 0 225 250 15
216 336 13 155 71 143 16
154 414 11 29 152 248 17
90 138 12 0 225 250 18
328 226 12 217 159 54 19
134 206 15 217 159 54 20
174 58 18 140 27 191 21
234 80 13 22 114 185 22
320 256 16 29 152 248 23
336 276 9 0 225 250 24
200 162 16 217 159 54 25
322 156 11 81 27 224 26
172 168 12 29 152 248 27
148 306 10 29 152 248 28
196 394 16 155 71 143 29
132 86 14 155 71 143 30
304 232 9 0 225 250 31
224 212 12 155 71 143 32
192 250 10 0 225 250 33
352 216 12 155 71 143 34
106 422 13 0 225 250 35
304 346 14 155 71 143 36
164 144 11 155 71 143 37
398 262 10 0 225 250 38
214 280 16 29 152 248 39
114 156 9 56 190 172 40
320 204 11 29 152 248 41
170 236 16 155 71 143 42
178 418 11 217 159 54 43
90 162 11 140 27 191 44
370 266 12 217 159 54 45
156 186 10 0 225 250 46
246 284 11 0 169 187 47
184 216 8 0 225 250 48
284 124 17 217 159 54 49
174 360 13 0 225 250 50
246 380 16 0 169 187 51
166 90 12 29 152 248 52
296 158 13 29 152 248 53
120 262 9 140 27 191 54
118 124 16 29 152 248 55
164 208 12 81 27 224 56
140 364 9 55 189 171 57
204 228 13 29 152 248 58
360 192 10 81 26 225 59
346 244 12 140 27 191 60
88 182 9 0 225 250 61
140 332 12 81 27 224 62
94 368 9 0 225 250 63
372 246 8 1 226 251 64
236 324 10 25 228 249 65
170 394 9 0 225 250 66
220 382 10 217 159 54 67
224 414 18 29 152 248 68
86 340 10 29 152 248 69
160 286 10 140 27 191 70
166 438 12 141 28 192 71
140 290 7 217 159 53 72
180 192 10 56 190 172 73
312 292 16 81 27 224 74
258 220 10 42 143 128 75
242 232 9 155 71 143 76
120 390 15 81 27 224 77
226 360 12 140 27 191 78
388 232 10 81 27 224 79
284 296 11 29 152 248 80
96 286 9 56 190 172 81
122 318 7 217 159 54 82
116 286 10 29 152 248 83
192 320 11 56 190 172 84
186 118 13 140 27 191 85
270 204 9 0 224 249 86
110 194 11 81 27 224 87
290 364 8 81 27 224 88
388 280 9 56 190 172 89
260 244 10 23 115 186 90
144 266 15 81 27 224 91
270 368 9 27 153 248 92
148 394 9 155 71 143 93
202 202 12 130 46 170 94
254 152 9 0 225 250 95
174 266 14 217 159 54 96
346 326 11 81 27 224 97
94 398 9 217 159 54 98
308 138 10 57 191 173 99
292 246 9 81 27 224 100
240 254 11 163 120 41 101
276 254 8 56 190 172 102
402 246 6 55 189 171 103
328 336 9 56 190 172 104
270 328 9 56 190 172 105
292 192 15 140 27 191 106
312 178 8 217 159 54 107
238 344 7 140 27 191 108
192 344 8 155 71 143 109
78 360 8 140 27 191 110
184 142 9 27 153 248 111
112 366 9 29 152 248 112
140 406 5 56 190 172 113
220 246 10 140 27 191 114
234 114 10 29 152 248 115
176 292 7 0 224 252 116
88 114 7 81 27 224 117
360 232 5 0 225 250 118
98 352 6 217 158 55 119
270 388 9 155 71 143 120
290 276 9 217 159 54 121
200 364 13 81 27 224 122
262 348 12 217 159 54 123
252 102 11 0 225 250 124
192 294 9 140 28 190 125
112 330 8 140 27 191 126
262 298 10 163 120 41 127
378 216 7 29 152 250 128
274 150 10 155 71 143 129
84 384 8 29 152 248 130
120 174 8 217 159 54 131
130 350 8 217 159 54 132
170 310 11 155 71 143 133
234 300 8 140 27 191 134
158 322 5 0 225 250 135
98 210 8 140 27 191 136
154 348 9 29 152 248 137
196 430 10 155 71 143 138
270 104 7 155 70 144 139
138 176 10 140 27 191 140
254 318 8 116 54 108 141
194 184 6 28 151 247 142
152 48 6 27 153 248 143
126 414 7 140 27 191 144
114 348 8 155 71 143 145
182 98 5 219 158 54 146
284 340 6 81 27 224 147
336 208 5 82 28 225 148
372 228 6 140 27 191 149
100 384 6 155 71 143 150
270 86 10 0 0 0 151
173 335 12 217 159 53 152
267 275 11 140 27 191 153
157 375 9 26 146 235 154
88 198 6 0 225 250 155
103 175 7 25 131 214 156
152 74 9 117 22 160 157
189 84 9 155 71 143 158
260 120 7 0 225 250 159
302 213 8 0 225 250 160
246 203 10 82 27 226 161
259 187 11 155 71 143 162
274 172 10 29 152 248 163
248 169 9 221 170 74 164
249 134 9 158 96 150 165
228 158 11 81 27 224 166
228 136 10 0 225 250 167
207 135 11 27 153 248 168
136 107 7 217 159 54 169
151 99 5 27 153 248 170
244 357 6 169 99 160 171
196 267 6 58 196 178 172
207 259 6 29 152 248 173
350 264 8 29 152 248 174
236 271 5 70 31 63 175
257 261 6 0 224 249 176
296 262 6 55 187 170 177
353 281 8 93 43 85 178
386 249 6 140 27 191 179
370 205 6 158 73 147 180
347 199 4 27 153 248 181
314 319 11 0 225 250 182
335 309 9 27 153 248 183
353 308 8 137 27 187 184
345 295 7 140 27 191 185
249 335 6 0 1 1 186
178 379 6 27 153 248 187
152 222 6 18 88 147 188
154 168 5 217 159 54 189
129 304 8 55 187 170 190
219 122 6 222 163 54 191
233 99 5 237 183 88 192
Neighbours
0 :  69 81 126
1 :  8 21 22 158
2 :  31 75 86 100 160
3 :  35 144
4 :  16 39 84 125 134
5 :  6 20 91 188
6 :  5 20 136
7 :  30 55 117
8 :  1 22 85 115 158 191 192
9 :  26 41 59 107 181
10 :  37 40 55 140
11 :  80 105 147 182
12 :  45 89 178 184
13 :  37 85 169 170
14 :  25 32 94 161 164 166
15 :  143 157
16 :  4 65 78 108
17 :  43 93 113
18 :  44 55
19 :  23 34 41 60 148
20 :  5 6 56 87 188
21 :  1 52 143 157 158
22 :  1 8 192
23 :  19 24 60 177
24 :  23 174 178
25 :  14 27 111 142 166 168
26 :  9 53 99
27 :  25 37 46 73 189
28 :  70 72 133 190
29 :  43 66 67 68 122 187
30 :  7 157 169
31 :  2 100 160
32 :  14 58 94 161
33 :  42 58 96 172 173
34 :  19 59 118 148 180 181
35 :  3 144
36 :  88 104 147
37 :  10 13 27 111
38 :  89 103 179
39 :  4 125 172 173 175
40 :  10 131
41 :  9 19 148 160
42 :  33 48 56 96 188
43 :  17 29 71 138
44 :  18 61 156
45 :  12 64 89 174 178
46 :  27 56 140 189
47 :  127 134 153 175
48 :  42 56 58 94
49 :  99 129 139 159
50 :  109 122 137 152 154 187
51 :  67 78 92 120 171
52 :  21 146 157 158 170
53 :  26 99 129 163
54 :  91
55 :  7 10 18 169
56 :  20 42 46 48 73 188
57 :  132 137 154
58 :  32 33 48 94 114
59 :  9 34 180 181
60 :  19 23 118 174
61 :  44 155 156
62 :  132 137
63 :  110 112 119 130 150
64 :  45 79 179
65 :  16 108 141 186
66 :  29 187
67 :  29 51 78
68 :  29
69 :  0 119
70 :  28 72 91 96 116
71 :  43
72 :  28 70 91 190
73 :  27 56 94 142
74 :  80 121 182
75 :  2 76 86 161
76 :  75 90 101
77 :  98 112 144 150
78 :  16 51 67 108 122 171
79 :  64 128 149 179
80 :  11 74 121 127
81 :  0 83
82 :  126 190
83 :  81
84 :  4 133 152
85 :  8 13 111 146 168
86 :  2 75 106 162
87 :  20 131 136 156
88 :  36 92
89 :  12 38 45
90 :  76 101 102 176
91 :  5 54 70 72 96
92 :  51 88 120 123
93 :  17 113 154
94 :  14 32 48 58 73 142
95 :  129 164 165
96 :  33 42 70 91 172
97 :  104 183 184
98 :  77 130 150
99 :  26 49 53
100 :  2 31 102 177
101 :  76 90 114 175 176
102 :  90 100
103 :  38
104 :  36 97 182
105 :  11 123 141 147
106 :  86 107 160 163
107 :  9 106
108 :  16 65 78 171 186
109 :  50 122 152
110 :  63
111 :  25 37 85
112 :  63 77 145
113 :  17 93
114 :  58 101 173
115 :  8 124 167 191 192
116 :  70 125 133
117 :  7
118 :  34 60 149
119 :  63 69 145
120 :  51 92
121 :  74 80 153 177
122 :  29 50 78 109
123 :  92 105 171 186
124 :  115 139 151 159 192
125 :  4 39 116
126 :  0 82 145
127 :  47 80 153
128 :  79 149 180
129 :  49 53 95 163
130 :  63 98 150
131 :  40 87 140 156
132 :  57 62 145
133 :  28 84 116 135 152
134 :  4 47
135 :  133 152
136 :  6 87 155
137 :  50 57 62 152
138 :  43
139 :  49 124 151
140 :  10 46 131 189
141 :  65 105
142 :  25 73 94
143 :  15 21
144 :  3 35 77
145 :  112 119 126 132
146 :  52 85 158
147 :  11 36 105
148 :  19 34 41
149 :  79 118 128
150 :  63 77 98 130
151 :  124 139
152 :  50 84 109 133 135 137
153 :  47 121 127 176
154 :  50 57 93
155 :  61 136
156 :  44 61 87 131
157 :  15 21 30 52
158 :  1 8 21 52 146
159 :  49 124 165
160 :  2 31 41 106
161 :  14 32 75 162
162 :  86 161 163 164
163 :  53 106 129 162
164 :  14 95 162 166
165 :  95 159 167
166 :  14 25 164 167
167 :  115 165 166 168 191
168 :  25 85 167 191
169 :  13 30 55
170 :  13 52
171 :  51 78 108 123
172 :  33 39 96 173
173 :  33 39 114 172
174 :  24 45 60 178
175 :  39 47 101
176 :  90 101 153
177 :  23 100 121
178 :  12 24 45 174 185
179 :  38 64 79
180 :  34 59 128
181 :  9 34 59
182 :  11 74 104 183
183 :  97 182 184 185
184 :  12 97 183 185
185 :  178 183 184
186 :  65 108 123
187 :  29 50 66
188 :  5 20 42 56
189 :  27 46 140
190 :  28 72 82
191 :  8 115 167 168
192 :  8 22 115 124
