 720 720 
706 472 15 144 144 144 0
682 514 18 196 196 196 1
712 330 7 68 68 68 2
146 160 12 211 211 211 3
120 138 11 235 235 235 4
98 188 11 201 201 201 5
392 52 11 147 147 147 6
222 104 9 139 139 139 7
712 290 10 60 60 60 8
314 114 13 221 221 221 9
190 156 8 145 145 145 10
58 380 9 204 204 204 11
240 114 10 115 115 115 12
90 238 15 253 253 253 13
336 102 12 206 206 206 14
80 302 14 246 246 246 15
316 90 10 169 169 169 16
142 134 11 237 237 237 17
182 96 9 158 158 158 18
78 198 10 197 197 197 19
370 60 12 162 162 162 20
692 420 14 169 168 170 21
630 408 10 72 72 72 22
398 74 10 200 200 200 23
176 478 9 254 254 254 24
434 94 8 218 218 218 25
122 162 11 239 239 239 26
104 212 13 236 236 236 27
650 448 12 178 178 178 28
270 558 11 214 214 214 29
128 426 10 249 249 249 30
350 76 13 163 163 163 31
418 228 9 195 195 195 32
108 446 10 228 228 228 33
610 460 8 111 111 111 34
378 82 11 197 197 197 35
708 394 15 130 131 129 36
74 392 10 234 234 234 37
210 154 7 130 130 130 38
456 246 9 181 181 181 39
326 570 11 209 209 209 40
334 126 10 143 143 143 41
474 552 9 239 239 239 42
686 308 21 67 67 67 43
672 402 12 90 90 90 44
642 384 10 64 64 64 45
240 366 10 253 253 253 46
248 384 8 245 245 245 47
556 348 8 251 251 251 48
232 536 10 156 156 156 49
362 96 10 167 167 167 50
68 214 8 173 173 173 51
78 346 12 235 235 235 52
82 270 16 246 246 246 53
454 284 8 230 230 230 54
484 84 9 162 162 162 55
472 258 8 192 192 192 56
138 114 8 221 221 221 57
354 546 8 165 165 165 58
412 50 9 148 148 148 59
100 166 10 201 201 201 60
196 410 7 235 235 235 61
122 194 11 223 223 223 62
388 406 7 237 237 237 63
678 448 15 190 190 190 64
194 116 9 202 202 202 65
228 384 11 248 248 248 66
122 118 8 231 231 231 67
250 568 8 153 153 153 68
568 390 8 234 234 234 69
210 400 9 242 242 242 70
344 578 8 174 174 174 71
630 460 11 173 173 173 72
104 278 7 239 239 239 73
170 156 11 171 171 171 74
192 376 7 239 239 239 75
276 364 9 251 251 251 76
656 494 9 207 207 207 77
62 326 12 253 253 253 78
106 424 9 245 245 245 79
286 348 7 255 255 255 80
212 416 7 241 241 241 81
222 328 9 248 248 248 82
660 472 13 211 211 211 83
614 478 10 190 190 190 84
162 98 7 163 163 163 85
396 436 9 242 242 242 86
390 304 5 190 190 190 87
194 394 8 237 237 237 88
688 276 11 63 63 63 89
458 546 8 190 190 190 90
242 328 9 255 255 255 91
630 268 8 54 54 54 92
94 326 12 240 240 240 93
86 156 7 176 176 176 94
414 408 8 230 230 230 95
240 188 12 222 222 222 96
276 158 10 171 171 171 97
176 114 9 225 225 225 98
196 274 7 230 230 230 99
430 50 8 126 126 126 100
240 276 7 223 223 223 101
254 104 7 110 110 110 102
446 54 8 126 126 126 103
258 314 8 254 254 254 104
552 286 6 153 153 153 105
118 406 11 235 235 235 106
326 72 10 129 129 129 107
322 146 11 93 93 93 108
400 478 6 234 234 234 109
140 184 9 199 199 199 110
262 176 12 187 187 187 111
132 450 12 248 248 248 112
436 236 8 186 186 186 113
252 348 10 254 254 254 114
48 266 7 228 228 228 115
200 194 7 238 238 238 116
100 146 9 194 194 194 117
248 132 9 93 93 93 118
308 72 7 175 175 175 119
264 510 8 242 242 242 120
242 166 10 118 118 118 121
178 498 9 209 209 209 122
428 566 7 165 165 165 123
186 134 10 196 196 196 124
54 302 11 252 252 252 125
662 424 12 129 129 129 126
616 258 8 49 49 49 127
258 366 7 253 253 253 128
180 176 8 141 141 141 129
202 98 10 137 137 137 130
134 268 8 172 172 172 131
192 346 8 247 247 247 132
438 114 8 148 148 148 133
420 70 10 175 175 175 134
82 172 8 180 180 180 135
452 230 7 141 141 141 136
206 136 7 156 156 156 137
524 146 7 114 114 114 138
96 400 11 233 233 233 139
376 114 8 105 105 105 140
542 420 6 218 218 218 141
114 342 11 217 217 217 142
644 254 11 51 51 51 143
160 464 9 249 249 249 144
116 386 8 216 216 216 145
460 60 7 101 101 101 146
254 282 6 237 237 237 147
666 264 12 52 52 52 148
200 258 7 223 223 223 149
182 194 8 217 217 217 150
224 276 7 235 235 235 151
572 356 8 237 237 237 152
652 366 9 60 60 60 153
292 112 8 185 185 185 154
610 234 9 47 47 47 155
164 364 5 197 197 197 156
288 144 8 154 154 154 157
136 370 9 251 251 251 158
98 358 11 220 220 220 159
238 96 8 91 91 91 160
418 470 8 221 221 221 161
354 530 7 161 161 161 162
280 518 9 203 203 203 163
422 246 9 222 222 222 164
46 366 7 203 203 203 165
528 108 8 153 153 153 166
50 282 9 247 247 247 167
636 484 12 220 220 220 168
622 442 8 92 92 92 169
586 360 5 171 171 171 170
158 482 9 226 226 226 171
68 366 8 212 212 212 172
556 366 9 249 249 249 173
430 128 7 169 169 169 174
554 332 6 238 238 238 175
460 460 5 196 196 196 176
222 172 10 114 114 114 177
38 352 9 186 186 186 178
538 264 6 157 157 157 179
672 586 13 95 95 95 180
254 268 7 209 209 209 181
270 348 7 255 255 255 182
214 266 7 232 232 232 183
488 256 7 176 176 176 184
164 134 9 218 218 218 185
640 322 6 54 54 54 186
224 310 9 244 244 244 187
448 84 8 144 144 144 188
536 122 8 148 148 148 189
444 296 7 225 225 225 190
136 208 8 247 247 247 191
244 400 8 239 239 239 192
394 218 6 194 194 194 193
154 444 8 247 247 247 194
430 456 7 238 238 238 195
582 388 6 204 204 204 196
208 380 9 247 247 247 197
256 584 9 115 115 115 198
438 220 6 139 139 139 199
310 582 7 181 181 181 200
304 238 5 154 154 154 201
502 260 6 184 184 184 202
402 462 9 235 235 235 203
142 470 9 224 224 224 204
180 514 7 186 186 186 205
404 516 5 199 199 199 206
212 120 9 174 174 174 207
654 510 7 216 216 216 208
198 424 7 240 240 240 209
476 138 8 171 171 171 210
200 174 12 128 128 128 211
190 318 6 247 247 247 212
274 500 5 232 232 232 213
400 128 7 177 177 177 214
270 536 10 231 231 231 215
156 114 9 214 214 214 216
210 280 7 237 237 237 217
400 416 8 238 238 238 218
238 292 9 242 242 242 219
200 474 6 248 248 248 220
306 548 8 203 203 203 221
340 56 9 113 113 113 222
182 276 6 230 230 230 223
568 324 7 216 216 216 224
150 200 8 248 248 248 225
414 576 9 167 167 167 226
684 374 14 68 68 68 227
132 352 9 221 221 221 228
220 194 8 245 245 245 229
116 368 9 229 229 229 230
412 428 8 250 250 250 231
494 158 7 66 66 66 232
402 230 7 230 230 230 233
514 98 9 179 179 179 234
112 314 9 248 248 248 235
324 548 9 214 214 214 236
554 382 7 245 245 245 237
620 372 8 51 51 51 238
596 226 7 48 48 48 239
156 394 6 212 212 212 240
662 382 9 67 67 67 241
388 102 7 157 157 157 242
562 404 7 230 230 230 243
606 432 6 63 63 63 244
296 524 7 222 222 222 245
398 490 5 212 212 212 246
226 420 6 238 238 238 247
668 356 8 56 56 56 248
250 548 11 185 185 185 249
486 524 7 209 209 209 250
500 106 7 221 221 221 251
212 346 9 250 250 250 252
254 526 8 217 217 217 253
428 436 7 241 241 241 254
224 502 7 227 227 227 255
340 536 7 158 158 158 256
404 264 8 241 241 241 257
382 148 6 97 97 97 258
170 396 6 217 217 217 259
408 116 7 218 218 218 260
402 162 6 85 85 85 261
572 374 8 245 245 245 262
72 412 8 179 179 179 263
646 278 10 52 52 52 264
240 416 8 238 238 238 265
238 430 6 235 235 235 266
202 330 8 246 246 246 267
272 320 7 254 254 254 268
470 432 6 212 212 212 269
572 340 7 226 226 226 270
586 348 6 163 163 163 271
694 600 11 222 222 222 272
518 158 6 104 104 104 273
192 302 7 240 240 240 274
166 196 8 235 235 235 275
442 408 5 235 235 235 276
388 254 7 240 240 240 277
708 356 8 62 62 62 278
472 242 7 160 160 160 279
270 142 7 144 144 144 280
168 236 5 179 179 179 281
148 422 10 249 249 249 282
158 228 5 143 143 143 283
700 556 11 221 221 221 284
130 252 7 153 153 153 285
582 480 6 139 139 139 286
160 180 9 183 183 183 287
142 402 10 244 244 244 288
694 578 10 225 225 225 289
214 432 5 238 238 238 290
192 484 6 238 238 238 291
466 230 6 123 123 123 292
206 296 7 247 247 247 293
508 250 5 154 154 154 294
702 618 8 231 231 231 295
148 100 7 179 179 179 296
254 254 6 195 195 195 297
406 216 6 193 193 193 298
440 274 9 234 234 234 299
578 400 6 206 206 206 300
262 380 6 255 255 255 301
300 98 7 204 204 204 302
220 364 10 251 251 251 303
284 504 5 203 203 203 304
412 282 9 246 246 246 305
556 416 6 213 213 213 306
196 520 8 168 168 168 307
546 408 6 232 232 232 308
458 448 7 219 219 219 309
138 312 9 198 198 198 310
552 320 6 224 224 224 311
508 454 6 205 205 205 312
118 262 6 223 223 223 313
212 82 6 115 115 115 314
388 472 7 230 230 230 315
196 502 9 186 186 186 316
618 424 8 68 68 68 317
490 556 7 242 242 242 318
398 574 7 177 177 177 319
308 532 7 207 207 207 320
50 394 5 155 155 155 321
552 428 6 201 201 201 322
494 540 6 219 219 219 323
254 296 7 247 247 247 324
334 588 6 174 174 174 325
492 142 8 131 131 131 326
126 296 10 240 240 240 327
486 448 6 203 203 203 328
472 472 6 171 171 171 329
568 292 6 153 153 153 330
400 294 7 222 222 222 331
206 446 5 222 222 222 332
290 572 7 175 175 175 333
440 252 8 217 217 217 334
290 540 9 239 239 239 335
438 68 6 165 165 165 336
460 94 7 83 83 83 337
190 208 8 169 169 169 338
92 438 7 204 204 204 339
638 426 9 84 84 84 340
442 444 9 232 232 232 341
488 128 6 188 188 188 342
636 368 7 57 57 57 343
150 266 6 178 178 178 344
448 474 5 172 172 172 345
256 242 6 202 202 202 346
372 586 7 170 170 170 347
300 220 5 140 140 140 348
492 232 6 131 131 131 349
232 346 10 253 253 253 350
228 156 7 111 111 111 351
226 128 7 143 143 143 352
524 184 5 51 51 51 353
518 256 5 170 170 170 354
290 558 6 210 210 210 355
652 310 10 53 53 53 356
276 334 7 254 254 254 357
388 238 8 215 215 215 358
228 404 8 246 246 246 359
626 284 8 65 65 65 360
428 518 6 195 195 195 361
202 362 8 248 248 248 362
544 254 5 135 135 135 363
474 520 5 172 172 172 364
388 452 7 238 238 238 365
286 590 6 123 123 123 366
530 170 6 107 107 107 367
124 216 6 242 242 242 368
532 274 5 160 160 160 369
204 314 8 244 244 244 370
34 290 8 216 216 216 371
384 126 6 143 143 143 372
504 550 7 213 213 213 373
258 154 8 136 136 136 374
474 96 5 154 154 154 375
56 202 6 144 144 144 376
612 398 10 64 64 64 377
364 158 6 93 93 93 378
60 402 7 163 163 163 379
464 148 7 52 52 52 380
88 420 9 213 213 213 381
68 248 9 239 239 239 382
242 310 8 249 249 249 383
548 306 7 205 205 205 384
558 274 5 138 138 138 385
300 174 6 107 107 107 386
100 380 8 201 201 201 387
688 346 14 60 62 62 388
376 300 6 210 210 210 389
106 264 6 220 220 220 390
468 276 7 209 209 209 391
354 46 8 107 107 107 392
294 264 5 193 193 193 393
260 394 7 241 241 241 394
128 236 9 125 125 125 395
354 114 9 118 118 118 396
104 296 10 249 249 249 397
40 322 10 203 203 203 398
308 134 7 174 174 174 399
372 352 5 224 224 224 400
146 296 8 165 165 165 401
430 290 8 239 239 239 402
306 566 9 198 198 198 403
650 402 9 75 75 75 404
482 538 6 230 230 230 405
318 360 6 236 236 236 406
416 516 6 200 200 200 407
486 220 6 106 106 106 408
370 362 5 214 214 214 409
566 422 5 194 194 194 410
154 280 5 168 168 168 411
376 136 6 90 90 90 412
324 350 5 250 250 250 413
596 240 5 50 50 50 414
250 440 5 217 217 217 415
524 470 6 188 188 188 416
412 446 9 242 242 242 417
556 442 5 190 190 190 418
480 270 6 185 185 185 419
502 126 8 183 183 183 420
198 232 5 207 207 207 421
514 136 6 125 125 125 422
544 294 5 168 168 168 423
442 428 6 242 242 242 424
84 374 9 198 198 198 425
388 486 5 217 217 217 426
558 298 5 167 167 167 427
388 562 7 159 159 159 428
272 390 5 243 243 243 429
630 356 6 44 44 44 430
188 452 5 238 238 238 431
352 156 6 76 76 76 432
168 508 5 181 181 181 433
256 406 5 243 243 243 434
648 334 7 57 57 57 435
424 484 6 176 176 176 436
644 352 6 49 49 49 437
124 326 6 238 238 238 438
498 528 5 194 194 194 439
302 456 6 221 221 221 440
194 288 7 240 240 240 441
712 538 10 204 204 204 442
218 442 5 220 220 220 443
452 140 7 101 101 101 444
254 88 7 102 102 102 445
34 306 7 220 220 220 446
512 240 5 142 142 142 447
486 244 5 168 168 168 448
274 108 9 142 142 142 449
420 212 5 163 163 163 450
168 302 7 208 208 208 451
528 456 5 187 187 187 452
46 338 7 206 206 206 453
318 216 5 124 124 124 454
294 252 5 204 204 204 455
384 424 7 248 248 248 456
278 128 7 138 138 138 457
154 310 7 210 210 210 458
304 388 5 160 160 160 459
226 260 6 226 226 226 460
440 556 8 115 115 115 461
444 128 6 105 105 105 462
428 416 6 244 244 244 463
538 232 5 101 101 101 464
202 436 5 232 232 232 465
548 148 8 72 72 72 466
392 200 5 187 187 187 467
48 408 6 145 145 145 468
340 522 6 141 141 141 469
302 350 6 244 244 244 470
232 142 7 113 113 113 471
380 438 7 244 244 244 472
614 348 5 45 45 45 473
526 264 5 183 183 183 474
232 560 9 111 111 111 475
172 442 6 192 192 192 476
448 154 6 82 82 82 477
138 224 6 85 85 85 478
180 310 6 248 248 248 479
180 298 5 229 229 229 480
116 228 5 239 239 239 481
562 310 7 193 193 193 482
434 152 6 86 86 86 483
384 290 6 229 229 229 484
420 104 9 248 248 248 485
596 478 7 170 170 170 486
512 114 7 164 164 164 487
350 562 8 166 166 166 488
132 386 7 209 209 209 489
114 178 6 173 173 173 490
368 540 7 108 108 108 491
368 526 6 127 127 127 492
508 466 5 174 174 174 493
162 266 5 203 203 203 494
112 464 6 170 170 170 495
498 222 5 126 126 126 496
606 248 5 48 48 48 497
586 374 5 197 197 197 498
422 264 8 241 241 241 499
222 240 6 193 193 193 500
394 278 9 251 251 251 501
506 518 5 171 171 171 502
294 128 8 180 180 180 503
360 580 6 152 152 152 504
456 264 8 208 208 208 505
338 156 7 69 69 69 506
544 170 7 93 93 93 507
294 402 6 185 185 185 508
508 442 5 204 204 204 509
536 244 6 138 138 138 510
386 550 5 183 183 183 511
450 416 5 247 247 247 512
150 326 8 203 203 203 513
278 308 5 228 228 228 514
450 522 5 176 176 176 515
120 276 8 235 235 235 516
186 264 6 215 215 215 517
546 438 5 194 194 194 518
558 256 5 123 123 123 519
538 284 6 164 164 164 520
452 308 7 228 225 227 521
462 516 7 191 191 191 522
368 308 5 215 215 215 523
242 262 6 200 200 200 524
234 218 6 181 181 181 525
374 412 8 255 255 255 526
318 518 6 173 173 173 527
480 232 5 128 128 128 528
214 540 6 173 173 173 529
406 552 5 109 109 109 530
616 274 6 56 56 56 531
258 194 5 180 180 180 532
622 332 6 52 52 52 533
536 430 5 200 200 200 534
458 424 6 230 230 230 535
452 434 5 218 218 218 536
354 144 6 61 61 61 537
508 226 5 116 116 116 538
144 252 6 136 136 136 539
638 296 8 55 55 55 540
506 146 6 110 110 110 541
460 474 6 169 169 169 542
294 162 7 141 141 141 543
522 124 6 112 112 112 544
482 436 6 212 212 212 545
258 76 5 209 209 209 546
210 506 5 166 166 166 547
484 460 6 176 176 176 548
706 270 7 43 43 43 549
238 498 6 220 220 220 550
482 208 5 91 91 91 551
412 484 5 195 195 195 552
152 368 7 236 236 236 553
616 322 5 65 65 65 554
378 480 5 212 212 212 555
216 252 5 214 214 214 556
498 446 5 227 227 227 557
376 450 5 227 227 227 558
546 274 6 147 147 147 559
626 244 9 47 47 47 560
626 344 6 43 43 43 561
376 396 8 230 230 230 562
354 130 6 83 83 83 563
656 346 7 58 58 58 564
378 280 5 237 237 237 565
230 248 5 201 201 201 566
410 136 5 102 102 102 567
54 226 6 180 180 180 568
310 226 6 152 152 152 569
220 140 5 145 145 145 570
492 210 5 93 93 93 571
472 420 6 219 219 219 572
308 596 6 125 125 125 573
492 170 5 66 66 66 574
444 542 6 147 147 147 575
474 66 8 100 100 100 576
444 372 11 230 230 230 577
186 360 6 241 241 241 578
306 514 6 179 179 179 579
420 534 6 107 107 107 580
680 482 7 53 53 53 581
528 134 5 89 89 89 582
188 252 6 223 223 223 583
400 146 6 76 76 76 584
176 210 6 163 163 163 585
170 224 7 143 143 143 586
438 140 6 111 111 111 587
440 520 5 187 187 187 588
426 192 5 193 193 193 589
360 186 6 90 90 90 590
298 338 5 230 230 230 591
70 182 7 162 162 162 592
424 202 5 138 138 138 593
296 596 5 110 110 110 594
416 560 6 121 121 121 595
370 148 5 84 84 84 596
634 312 5 45 45 45 597
294 510 6 191 191 191 598
140 282 7 184 184 184 599
462 76 7 106 106 106 600
384 524 6 154 154 154 601
150 216 7 93 93 93 602
532 158 6 119 119 119 603
210 480 5 239 239 239 604
550 394 5 236 236 236 605
146 384 7 204 204 204 606
296 584 5 155 155 155 607
198 80 8 109 109 109 608
510 538 6 193 193 193 609
296 274 5 167 167 167 610
174 360 5 244 244 244 611
212 456 5 230 230 230 612
254 418 6 235 235 235 613
164 276 5 231 231 231 614
226 228 5 193 193 193 615
232 76 6 104 104 104 616
168 374 5 213 213 213 617
326 530 8 198 198 198 618
422 142 6 123 123 123 619
446 102 6 85 85 85 620
304 148 7 130 130 130 621
366 386 6 217 217 217 622
584 218 7 54 54 54 623
314 180 7 56 56 56 624
228 462 6 226 226 226 625
336 204 8 77 77 77 626
436 352 10 238 238 238 627
166 330 8 190 190 190 628
234 236 6 187 187 187 629
514 266 5 171 171 171 630
364 568 6 137 137 137 631
216 224 5 203 203 203 632
364 136 5 88 88 88 633
408 530 6 117 117 117 634
526 440 6 213 213 213 635
590 276 6 65 65 65 636
124 470 7 196 196 196 637
62 192 5 137 137 137 638
164 212 6 146 146 146 639
62 234 5 239 239 239 640
154 88 5 126 126 126 641
470 86 5 181 181 181 642
380 312 6 191 191 191 643
522 246 5 146 146 146 644
58 418 6 146 146 146 645
338 464 6 156 156 156 646
432 538 6 113 113 113 647
472 460 5 187 187 187 648
210 70 6 113 113 113 649
44 384 5 167 167 167 650
278 184 5 154 154 154 651
250 504 7 241 241 241 652
472 448 6 207 207 207 653
160 290 6 213 213 213 654
500 90 7 158 158 158 655
340 550 6 187 187 187 656
392 114 5 156 156 156 657
294 230 6 155 155 155 658
268 234 8 173 173 173 659
308 466 5 184 184 184 660
386 172 6 66 66 66 661
376 258 5 223 223 223 662
368 554 6 114 114 114 663
594 310 5 65 65 65 664
520 276 6 164 164 164 665
286 456 9 215 215 215 666
412 150 6 75 75 75 667
606 444 5 69 69 69 668
54 214 5 156 156 156 669
78 432 6 168 168 168 670
260 330 8 253 253 253 671
462 218 6 112 112 112 672
428 404 5 229 229 229 673
488 116 5 159 159 159 674
642 502 6 215 215 215 675
560 452 5 174 174 174 676
256 118 6 102 102 102 677
284 174 6 135 135 135 678
542 136 5 96 96 96 679
384 588 5 146 146 146 680
618 358 5 51 51 51 681
522 220 5 101 101 101 682
168 316 6 191 191 191 683
382 226 5 199 199 199 684
308 340 5 233 233 233 685
186 234 6 195 195 195 686
462 110 9 91 91 91 687
436 486 6 174 174 174 688
518 448 5 208 208 208 689
496 470 5 179 179 179 690
478 496 7 139 139 139 691
204 532 6 156 156 156 692
180 388 6 223 223 223 693
474 218 5 111 111 111 694
468 290 6 191 194 178 695
344 492 8 241 241 241 696
268 302 6 244 244 244 697
470 532 7 237 237 237 698
368 126 5 75 75 75 699
226 432 5 235 235 235 700
212 214 5 201 201 201 701
432 210 5 128 128 128 702
396 526 6 131 131 131 703
114 250 6 226 226 226 704
496 516 5 171 171 171 705
300 84 6 204 204 204 706
216 528 6 185 185 185 707
516 524 6 169 169 169 708
210 234 6 196 196 196 709
266 266 5 218 218 218 710
530 254 5 159 159 159 711
478 152 6 61 61 61 712
222 452 5 225 225 225 713
712 636 12 219 219 219 714
504 168 7 61 61 61 715
158 380 5 224 224 224 716
328 486 5 130 130 130 717
382 512 5 196 196 196 718
584 468 6 96 96 96 719
288 336 5 242 242 242 720
676 552 5 52 52 52 721
148 340 6 218 218 218 722
66 286 6 226 226 226 723
390 138 6 118 118 118 724
684 622 9 58 58 58 725
572 412 5 213 213 213 726
566 248 6 75 75 75 727
554 246 5 94 94 94 728
452 404 5 236 237 233 729
206 246 6 218 218 218 730
528 236 5 118 118 118 731
66 426 5 162 162 162 732
240 452 5 210 210 210 733
252 480 8 241 241 241 734
338 254 12 77 77 77 735
286 200 7 115 115 115 736
414 162 5 103 103 103 737
390 160 6 87 87 87 738
386 536 6 172 172 172 739
350 178 6 82 82 82 740
264 128 6 141 141 141 741
496 458 6 185 185 185 742
708 372 6 81 81 81 743
410 94 5 128 128 128 744
314 384 5 169 169 169 745
380 40 5 116 116 116 746
280 258 10 84 84 84 747
316 288 5 139 139 139 748
224 88 7 128 128 128 749
476 122 7 208 208 208 750
536 448 6 197 197 197 751
462 130 7 98 98 98 752
396 364 9 123 123 123 753
194 242 5 208 208 208 754
322 170 5 107 107 107 755
52 254 5 232 232 232 756
290 360 5 234 234 234 757
438 310 6 198 198 198 758
302 412 6 203 203 203 759
396 548 5 128 128 128 760
322 496 6 241 241 241 761
126 178 5 209 209 209 762
376 160 6 80 80 80 763
108 124 7 224 224 224 764
252 430 5 242 242 242 765
162 408 8 217 217 217 766
362 398 6 235 235 235 767
498 246 5 155 155 155 768
458 160 5 71 71 71 769
238 442 5 223 223 223 770
500 424 5 230 230 230 771
638 342 5 49 49 49 772
658 522 5 201 201 201 773
446 320 6 206 206 206 774
412 204 6 172 172 172 775
180 340 5 221 221 221 776
518 460 5 198 198 198 777
446 166 6 65 65 65 778
478 510 5 179 179 179 779
268 290 5 221 221 221 780
350 402 6 85 85 85 781
580 260 9 38 38 38 782
160 342 5 207 207 207 783
286 98 6 200 200 200 784
564 462 5 169 169 169 785
162 352 5 200 200 200 786
188 332 6 239 239 239 787
242 82 5 92 92 92 788
348 346 9 202 202 202 789
468 484 6 152 152 152 790
316 318 8 143 143 143 791
530 204 5 63 63 63 792
574 282 5 115 115 115 793
520 196 7 56 56 56 794
364 374 6 93 93 93 795
594 250 5 65 65 65 796
180 432 5 180 180 180 797
176 456 7 200 200 200 798
688 396 5 111 111 111 799
254 222 5 176 176 176 800
422 500 10 96 96 96 801
268 82 6 205 205 205 802
202 458 5 229 229 229 803
340 142 7 74 74 74 804
462 412 6 235 239 234 805
444 208 7 193 193 193 806
280 296 7 141 141 141 807
218 562 5 118 118 118 808
460 298 5 217 217 217 809
268 192 5 168 168 168 810
276 596 5 74 74 74 811
408 494 5 193 193 193 812
596 336 9 104 104 104 813
402 104 6 129 129 129 814
296 188 8 87 87 87 815
676 608 7 81 81 81 816
36 276 6 208 208 208 817
382 372 5 193 193 193 818
372 180 7 90 90 90 819
700 442 7 66 66 66 820
580 244 6 59 59 59 821
522 294 9 102 102 102 822
328 218 5 77 77 77 823
600 300 6 65 65 65 824
158 254 7 161 161 161 825
596 464 6 103 103 103 826
214 552 5 125 125 125 827
352 286 6 217 217 217 828
416 126 5 87 87 87 829
450 68 5 164 164 164 830
380 328 9 90 90 90 831
482 164 6 74 74 74 832
604 312 5 65 65 65 833
386 578 5 163 163 163 834
576 314 5 174 174 174 835
62 262 5 224 224 224 836
478 284 5 169 169 169 837
398 92 6 150 150 150 838
300 308 6 87 87 87 839
178 370 5 242 242 242 840
322 304 7 72 72 72 841
544 374 5 249 249 249 842
286 276 5 117 117 117 843
292 494 7 203 203 203 844
486 100 7 162 162 162 845
338 478 7 88 88 88 846
244 148 6 92 92 92 847
374 504 6 241 241 241 848
354 274 6 86 86 86 849
400 180 9 77 77 77 850
518 230 5 120 120 120 851
380 202 7 126 126 126 852
308 300 5 40 40 40 853
436 176 8 57 57 57 854
184 442 5 186 186 186 855
348 310 9 82 82 82 856
510 428 5 241 241 241 857
290 214 6 100 100 100 858
316 506 5 90 90 90 859
348 328 6 162 162 162 860
268 410 7 221 221 221 861
366 200 6 147 147 147 862
464 496 6 141 141 141 863
496 390 5 36 36 82 864
352 518 5 241 241 241 865
184 406 5 248 248 248 866
694 540 6 77 77 77 867
548 486 6 152 152 152 868
538 334 10 169 169 169 869
680 468 5 94 94 94 870
580 436 7 138 138 138 871
716 554 5 205 205 205 872
382 344 7 191 191 191 873
310 278 6 138 138 138 874
498 506 5 202 202 202 875
476 108 5 157 157 157 876
114 238 5 245 245 245 877
584 286 5 74 74 74 878
410 394 6 154 154 154 879
572 212 6 49 49 49 880
508 504 5 181 181 181 881
494 180 5 51 51 51 882
368 42 6 124 124 124 883
662 246 6 45 45 45 884
408 338 17 90 90 90 885
586 408 5 164 164 164 886
444 332 6 219 219 219 887
590 444 5 99 99 99 888
148 456 5 247 247 247 889
420 86 5 124 124 124 890
332 450 6 185 185 185 891
418 546 6 86 86 86 892
418 176 9 43 43 43 893
338 416 7 41 41 41 894
606 370 6 59 59 59 895
358 228 18 77 77 77 896
710 596 5 234 234 234 897
356 360 7 243 243 243 898
552 214 12 56 56 56 899
642 238 5 37 37 37 900
348 446 6 73 73 73 901
470 380 12 24 24 84 902
518 368 7 51 51 127 903
360 334 7 182 182 182 904
328 396 6 107 107 107 905
684 258 6 42 42 42 906
470 304 6 90 90 90 907
658 288 5 54 54 54 908
400 386 6 189 189 189 909
280 402 7 157 157 157 910
396 316 8 121 121 121 911
606 324 5 65 65 65 912
292 288 7 123 123 123 913
366 464 5 221 221 221 914
502 306 12 36 36 82 915
534 194 5 56 56 56 916
498 338 7 58 46 146 917
482 318 6 24 24 84 918
156 146 5 229 229 229 919
210 202 5 57 57 57 920
316 264 9 56 56 56 921
382 268 6 228 228 228 922
488 382 6 24 24 84 923
444 462 7 217 217 217 924
460 328 7 20 35 81 925
508 288 6 36 36 82 926
514 400 6 31 21 51 927
494 406 8 36 36 82 928
354 380 6 232 232 232 929
320 202 8 86 86 86 930
428 324 7 45 45 45 931
364 496 6 241 241 241 932
564 200 6 56 56 56 933
410 372 7 241 241 241 934
506 354 10 36 36 82 935
498 376 5 101 110 154 936
270 424 7 137 137 137 937
212 494 7 240 240 240 938
480 398 8 29 24 85 939
342 296 6 48 48 48 940
624 230 5 42 42 42 941
596 266 5 55 55 55 942
710 512 10 196 196 196 943
414 316 5 90 90 90 944
560 482 6 124 124 124 945
468 184 6 193 193 193 946
456 342 7 200 198 255 947
338 402 6 43 43 43 948
142 436 5 254 254 254 949
200 146 5 145 145 145 950
662 562 7 72 72 72 951
522 390 6 54 57 55 952
528 358 7 36 36 82 953
346 388 5 241 241 241 954
134 334 7 231 231 231 955
692 490 7 37 37 37 956
388 382 6 143 143 143 957
330 290 5 121 121 121 958
714 318 5 41 41 41 959
308 440 6 181 181 181 960
268 456 5 167 167 167 961
320 454 6 221 221 221 962
358 260 8 36 36 36 963
164 496 5 175 175 175 964
316 240 7 87 87 87 965
324 436 10 70 70 70 966
480 180 6 40 40 40 967
676 542 5 46 46 46 968
674 566 5 70 70 70 969
424 380 9 99 99 99 970
404 242 5 228 228 228 971
362 450 8 195 195 195 972
484 332 8 24 24 84 973
712 446 5 43 43 43 974
660 544 11 77 77 77 975
556 164 6 89 89 89 976
334 232 6 40 40 40 977
322 410 9 133 133 133 978
304 492 5 203 203 203 979
273 487 8 215 215 215 980
331 510 8 150 150 150 981
394 502 7 197 197 197 982
269 213 12 79 79 79 983
608 282 5 65 65 65 984
220 291 7 234 234 234 985
243 250 5 204 204 204 986
285 238 6 241 241 241 987
296 324 9 216 216 216 988
233 515 8 199 199 199 989
53 352 5 196 196 196 990
337 277 9 36 36 36 991
363 299 5 236 236 236 992
355 198 5 34 34 34 993
283 416 7 144 144 144 994
377 465 6 250 250 250 995
454 176 6 56 56 56 996
310 163 8 107 107 107 997
330 383 7 42 42 42 998
326 335 8 196 196 196 999
354 504 6 241 241 241 1000
456 505 5 57 57 57 1001
360 474 6 176 176 176 1002
170 420 6 234 234 234 1003
516 330 12 36 36 82 1004
254 464 8 167 167 167 1005
269 470 8 216 216 216 1006
267 445 6 63 63 63 1007
281 438 5 71 71 71 1008
290 383 9 147 147 147 1009
304 368 10 213 213 213 1010
335 368 8 134 134 134 1011
355 429 12 132 132 132 1012
349 466 5 221 221 221 1013
335 325 5 90 90 90 1014
332 185 11 63 63 63 1015
247 211 8 222 222 222 1016
246 230 6 182 182 182 1017
174 248 8 169 169 169 1018
143 237 6 96 96 96 1019
442 501 9 141 141 141 1020
499 492 9 48 48 48 1021
467 349 6 24 24 84 1022
308 423 6 125 125 125 1023
314 398 5 91 91 91 1024
226 209 6 135 135 135 1025
184 223 5 158 158 158 1026
175 287 7 47 47 47 1027
174 265 6 187 187 187 1028
317 478 8 203 203 203 1029
520 410 5 198 199 197 1030
448 195 6 193 193 193 1031
460 203 8 193 193 193 1032
493 190 5 56 56 56 1033
504 192 6 56 56 56 1034
324 467 5 102 102 102 1035
149 351 5 237 237 237 1036
156 241 6 169 169 169 1037
165 430 5 225 225 225 1038
189 467 7 254 254 254 1039
558 187 8 40 40 40 1040
545 185 5 75 75 75 1041
577 233 5 47 47 47 1042
566 234 6 47 47 47 1043
596 321 5 101 101 101 1044
582 328 7 195 195 195 1045
601 381 6 81 81 81 1046
596 354 5 171 171 171 1047
616 299 10 54 54 54 1048
662 329 7 56 56 56 1049
594 418 7 56 56 56 1050
568 440 5 116 116 116 1051
550 465 9 130 130 130 1052
525 482 5 159 159 159 1053
515 480 5 86 86 86 1054
516 493 8 61 61 61 1055
447 484 5 146 146 146 1056
181 418 5 234 234 234 1057
197 219 5 204 204 204 1058
522 510 9 171 171 171 1059
530 497 6 171 171 171 1060
573 487 5 124 124 124 1061
717 431 8 106 106 106 1062
719 416 7 63 63 63 1063
481 196 7 56 56 56 1064
268 575 5 155 155 155 1065
387 191 5 44 44 44 1066
509 382 7 24 21 100 1067
479 345 5 24 24 84 1068
496 325 5 94 95 145 1069
520 312 6 24 24 84 1070
490 423 5 77 79 80 1071
463 363 6 24 24 84 1072
541 351 7 228 228 228 1073
268 278 6 212 212 212 1074
301 204 8 73 73 73 1075
217 467 6 163 163 163 1076
275 94 5 90 90 90 1077
169 85 7 56 56 56 1078
489 295 5 36 36 82 1079
510 413 5 24 24 84 1080
539 316 6 160 160 160 1081
438 390 7 249 249 249 1082
412 360 5 105 105 105 1083
362 512 5 134 134 134 1084
426 306 6 47 47 47 1085
595 399 7 134 134 134 1086
510 179 5 51 51 51 1087
361 169 5 63 63 63 1088
719 489 6 196 196 196 1089
533 221 6 101 101 101 1090
502 277 6 36 36 82 1091
535 380 5 209 209 209 1092
534 410 6 70 70 70 1093
528 422 6 205 205 205 1094
455 394 5 235 235 235 1095
469 317 7 50 36 137 1096
540 396 5 194 194 194 1097
393 395 5 171 171 171 1098
364 322 5 167 167 167 1099
370 289 6 255 255 255 1100
365 271 5 210 210 210 1101
374 247 6 222 222 222 1102
308 250 5 86 86 86 1103
374 490 5 241 241 241 1104
255 493 5 238 238 238 1105
262 434 5 237 237 237 1106
72 228 5 219 219 219 1107
82 214 5 124 124 124 1108
555 236 5 138 138 138 1109
583 302 8 174 174 174 1110
625 385 5 59 59 59 1111
579 452 8 40 40 40 1112
675 332 5 50 50 50 1113
405 194 5 109 109 109 1114
339 169 6 63 63 63 1115
322 277 5 238 238 238 1116
535 476 6 203 203 203 1117
504 478 5 173 173 173 1118
565 266 5 124 124 124 1119
621 493 5 131 131 131 1120
406 504 5 197 197 197 1121
365 485 5 131 131 131 1122
627 322 5 41 41 41 1123
435 474 6 202 202 202 1124
485 479 8 87 87 87 1125
466 170 7 62 62 62 1126
288 305 5 192 192 192 1127
412 302 7 244 244 244 1128
490 285 5 169 169 169 1129
579 421 6 175 175 175 1130
606 415 5 56 56 56 1131
611 337 6 35 35 35 1132
669 284 6 52 52 52 1133
594 289 5 56 56 56 1134
176 350 5 109 109 109 1135
178 323 5 77 77 77 1136
229 480 11 215 215 215 1137
239 465 5 201 201 201 1138
257 450 5 128 128 128 1139
291 476 11 215 215 215 1140
293 431 8 218 218 218 1141
296 446 5 118 118 118 1142
274 380 5 233 233 233 1143
509 210 10 59 59 59 1144
593 433 6 49 49 49 1145
568 474 5 60 60 60 1146
547 451 5 185 185 185 1147
339 438 5 34 34 34 1148
377 569 6 150 150 150 1149
455 533 5 151 151 151 1150
401 561 5 40 40 40 1151
219 515 5 196 196 196 1152
59 343 5 222 222 222 1153
280 228 5 222 222 222 1154
346 193 5 222 222 222 1155
379 215 6 222 222 222 1156
426 164 5 78 78 78 1157
433 81 5 147 147 147 1158
427 553 5 104 104 104 1159
442 531 5 107 107 107 1160
488 504 5 90 90 90 1161
470 337 6 17 17 81 1162
530 371 5 196 196 196 1163
486 361 11 24 24 84 1164
531 306 5 110 110 110 1165
380 361 5 234 234 234 1166
333 314 6 143 143 143 1167
357 412 5 64 64 64 1168
479 411 5 219 219 219 1169
322 229 5 45 45 45 1170
309 191 5 39 39 39 1171
265 96 5 89 89 89 1172
266 250 6 194 194 194 1173
304 290 5 63 63 63 1174
194 443 5 221 221 221 1175
435 197 5 98 98 98 1176
519 171 5 71 71 71 1177
536 180 5 67 67 67 1178
594 367 5 197 197 197 1179
605 272 5 53 53 53 1180
710 573 6 205 205 205 1181
715 607 7 222 222 222 1182
716 585 7 214 214 214 1183
708 494 6 144 144 144 1184
714 343 6 51 51 51 1185
717 307 6 67 67 67 1186
573 223 5 56 56 56 1187
304 503 5 185 185 185 1188
321 371 5 167 167 167 1189
362 348 5 171 171 171 1190
422 366 5 138 138 138 1191
432 336 5 62 62 62 1192
314 349 5 249 249 249 1193
458 190 5 34 34 34 1194
423 118 5 103 103 103 1195
60 272 5 221 221 221 1196
53 244 5 119 119 119 1197
495 437 4 208 208 208 1198
454 490 4 141 141 141 1199
180 78 6 56 56 56 1200
229 444 4 235 235 235 1201
168 385 5 212 212 212 1202
427 278 4 230 230 230 1203
408 251 4 245 245 245 1204
449 219 4 119 119 119 1205
540 202 4 60 60 60 1206
550 197 4 22 22 22 1207
537 489 4 73 73 73 1208
536 464 5 189 189 189 1209
335 352 5 248 248 248 1210
345 509 4 30 30 30 1211
352 482 4 241 241 241 1212
269 588 4 33 33 33 1213
279 579 6 155 155 155 1214
322 587 5 241 241 241 1215
Neighbours
0 :  956 1089 1184
1 :  208 773 943 956
2 :  959 1185
3 :  17 26 74 287 919
4 :  17 26 67 117 764
5 :  19 27 60 62 490
6 :  20 23 59 746
7 :  12 130 160 207 749
8 :  43 1186
9 :  14 16 41 154 302 399 503
10 :  74 211 950
11 :  37 165 172 321 650
12 :  7 102 118 160 352 677
13 :  27 53 382 1107
14 :  9 16 41 396
15 :  53 93 125 397 723
16 :  9 14 107 119 302 706
17 :  3 4 57 185 919
18 :  98 130 1078 1200
19 :  5 51 592 638 1108
20 :  6 31 35 392 883
21 :  36 44 64 820
22 :  317 340 377 404
23 :  6 35 134 838
24 :  122 144 171 291 1039
25 :  188 485 620 890 1158
26 :  3 4 60 490 762
27 :  5 13 62 368 481
28 :  64 72 83 126
29 :  68 215 249 355 1065
30 :  79 106 112 282 949
31 :  20 50 107 222
32 :  113 164 233 298 450
33 :  79 112 339 495
34 :  72 84 668 826
35 :  20 23 50
36 :  21 227 743 799 1063
37 :  11 139 263 379 425
38 :  211 950
39 :  56 136 279 334 505
40 :  71 200 236 325 403 1215
41 :  9 14 108 804
42 :  90 318 405
43 :  8 89 356 388 1113 1133
44 :  21 126 241 404 799
45 :  153 241 343 404 1111
46 :  47 66 114 128 303 350
47 :  46 66 192 301 394
48 :  152 173 175 270 1073
49 :  249 529 707 989
50 :  31 35 396
51 :  19 376 669 1107 1108
52 :  78 93 159 172 1153
53 :  13 15 73 382 390 723 836 1196
54 :  190 299 391 695 809
55 :  375 642 655 845
56 :  39 184 279 391 419 505
57 :  17 67 216 296
58 :  162 256 488 491 656 663
59 :  6 100 134
60 :  5 26 94 117 135 490
61 :  70 81 88 209 866
62 :  5 27 110 191 490 762
63 :  218 526 562 1098
64 :  21 28 83 126 820 870
65 :  98 124 130 207
66 :  46 47 197 303 359
67 :  4 57 764
68 :  29 198 249 475
69 :  196 237 243 262 300
70 :  61 81 88 197 359
71 :  40 325 488 504
72 :  28 34 84 168 169
73 :  53 390 397 516
74 :  3 10 129 185 919
75 :  88 197 362 840
76 :  80 128 182 757 1143
77 :  83 168 208 675
78 :  52 125 398 453 1153
79 :  30 33 106 381
80 :  76 182 357 470 720 757
81 :  61 70 209 247
82 :  91 187 252 267 350
83 :  28 64 77 168 581 870
84 :  34 72 168 486 1120
85 :  216 296 641 1078
86 :  218 231 365 417 456 472
87 :  331 643 911
88 :  61 70 75 197 693 866
89 :  43 148 549 906
90 :  42 575 698 1150
91 :  82 114 350 383 671
92 :  127 143 264 360 531
93 :  15 52 142 235
94 :  60 117 135
95 :  218 463 673 879
96 :  111 121 177 229 532
97 :  111 157 280 374 543 678
98 :  18 65 124 216
99 :  149 217 223 441 517
100 :  59 103
101 :  147 151 181 219 524
102 :  12 160 445 677 1172
103 :  100 146 336 830
104 :  268 324 383 671 697
105 :  385 423 427 520 559
106 :  30 79 139 145 288
107 :  16 31 119 222
108 :  41 399 506 621 804 997
109 :  203 246 315 426 552
110 :  62 225 287 762
111 :  96 97 121 374 532 651 810
112 :  30 33 194 204 637 889 949
113 :  32 136 164 199 334
114 :  46 91 128 182 350 671
115 :  167 756 817 836 1196
116 :  150 211 338 920
117 :  4 60 94
118 :  12 471 677 741 847
119 :  16 107 706
120 :  163 213 253 652
121 :  96 111 177 351 374 847
122 :  24 205 316 433 964
123 :  226 461 595 1159
124 :  65 98 137 185 950
125 :  15 78 167 398 446 723
126 :  28 44 64 340
127 :  92 497 531 560
128 :  46 76 114 301
129 :  74 150 211 287
130 :  7 18 65 314 608
131 :  285 313 344 516 599
132 :  252 267 362 578 776 787 1135
133 :  174 462 620 1195
134 :  23 59 336 890 1158
135 :  60 94 592
136 :  39 113 292 672 1205
137 :  124 207 570 950
138 :  273 422 582 603
139 :  37 106 381 387
140 :  242 372 657 699
141 :  306 308 322 534 1093 1094
142 :  93 159 228 438
143 :  92 148 264 560 884 900
144 :  24 171 204 798 889
145 :  106 230 387 489
146 :  103 576 600 830
147 :  101 181 324 1074
148 :  89 143 264 884 906 1133
149 :  99 183 517 583 730
150 :  116 129 275 338 585
151 :  101 183 217 460 985
152 :  48 170 173 262 270 271
153 :  45 241 248 343 437
154 :  9 302 449 503 784
155 :  239 414 497 560 941
156 :  553 611 617 786
157 :  97 280 503 621
158 :  228 230 489 553 606
159 :  52 142 230 387 425
160 :  7 12 102 445 749 788
161 :  195 203 436 552 1124
162 :  58 256 469 491 492 865
163 :  120 215 245 304 598
164 :  32 113 334 499 1204
165 :  11 178
166 :  189 234 487 544
167 :  115 125 371 723 817 1196
168 :  72 77 83 84 675 1120
169 :  72 317 668
170 :  152 271 1047 1179
171 :  24 144 204 964
172 :  11 52 425
173 :  48 152 237 262 842
174 :  133 462 587 619 829 1195
175 :  48 224 311 869
176 :  309 542 648
177 :  96 121 211 351
178 :  165 453 990
179 :  363 369 474 559 711
180 :  272 289 816 969
181 :  101 147 297 524 710
182 :  76 80 114 357
183 :  149 151 217 460 556
184 :  56 202 419 448 768
185 :  17 74 124 919
186 :  356 435 597 1123
187 :  82 370 383 985
188 :  25 337 600 830 1158
189 :  166 544 582 679
190 :  54 402 521 758
191 :  62 225 368 478 602
192 :  47 265 359 394 434
193 :  233 298 684 1156
194 :  112 889 949
195 :  161 341 924
196 :  69 262 300
197 :  66 70 75 88 303 362
198 :  68 1065 1213
199 :  113 702 806 1205
200 :  40 403 573 607 1215
201 :  569 658 965 1103
202 :  184 294 630
203 :  109 161 315 365 417
204 :  112 144 171 637 889
205 :  122 307 433
206 :  407 703 1121
207 :  7 65 137 352
208 :  1 77 675 773
209 :  61 81 465
210 :  326 342 380 712 750 752
211 :  10 38 116 129 177
212 :  267 274 370 479 787 1136
213 :  120 304 980
214 :  260 372 567 724
215 :  29 163 249 253 335
216 :  57 85 98 296
217 :  99 151 183 293 985
218 :  63 86 95 231 456
219 :  101 324 383 985
220 :  291 604 1039
221 :  236 320 335 403
222 :  31 107 392
223 :  99 517 1027 1028
224 :  175 270 311 482 835 1045
225 :  110 191 275 602
226 :  123 319 595
227 :  36 241 248 388 799
228 :  142 158 955 1036
229 :  96 920 1025
230 :  145 158 159 387
231 :  86 218 254 417
232 :  326 574 715 832
233 :  32 193 298 358 971
234 :  166 251 487 655
235 :  93 397 438
236 :  40 221 618 656
237 :  69 173 605 842
238 :  343 681 895 1111
239 :  155 414 623
240 :  259 288 606 716 766
241 :  44 45 153 227
242 :  140 657 814 838
243 :  69 300 306 308 726
244 :  317 668 1145
245 :  163 320 335 579 598
246 :  109 426 812 982
247 :  81 265 359 700
248 :  153 227 388 564
249 :  29 49 68 215 253 475
250 :  364 405 439 705
251 :  234 487 655 845
252 :  82 132 267 303 350 362
253 :  120 215 249
254 :  231 341 417 424
255 :  547 550 938 989 1152
256 :  58 162 469 618 656
257 :  305 499 501 1204
258 :  412 596 724 738 763
259 :  240 693 766 1202
260 :  214 485 814 829 1195
261 :  737 738 850
262 :  69 152 173 196 498
263 :  37 379 381 645 732
264 :  92 143 148 360 540 908
265 :  192 247 266 359 613
266 :  265 700 765 770
267 :  82 132 212 252 370 787
268 :  104 357 514 671
269 :  535 545 572
270 :  48 152 224 271 1045
271 :  152 170 270 813 1047
272 :  180 289 295 816 897
273 :  138 603 1177
274 :  212 293 370 441 479 480
275 :  150 225 287 585 639
276 :  512 729
277 :  358 662 922 1102
278 :  388 743 1185
279 :  39 56 292 448 528
280 :  97 157 374 457 741
281 :  283 586 1018 1037
282 :  30 288 766 949
283 :  281 586 602 1037
284 :  289 442 867 872 1181
285 :  131 313 395 539 704
286 :  486 719 1061
287 :  3 110 129 275
288 :  106 240 282 489 606 766
289 :  180 272 284 1181
290 :  443 465 700
291 :  24 220 316
292 :  136 279 528 672 694
293 :  217 274 370 441 985
294 :  202 354 447 768
295 :  272 714 725 1182
296 :  57 85 216 641
297 :  181 346 524 986 1173
298 :  32 193 233 775
299 :  54 402 505 1203
300 :  69 196 243 726 886
301 :  47 128 394 429 1143
302 :  9 16 154 706 784
303 :  46 66 197 252 350 362
304 :  163 213 598 844
305 :  257 331 402 501 1203
306 :  141 243 308 322 410
307 :  205 316 692
308 :  141 243 306 1093 1097
309 :  176 341 536 653
310 :  327 401 458 513
311 :  175 224 384 482 1081
312 :  493 509 557 689 742 777
313 :  131 285 390 516 704
314 :  130 608 649 749
315 :  109 203 426 555 995
316 :  122 291 307 547 938
317 :  22 169 244 340 1131
318 :  42 323 373
319 :  226 428 834 1151
320 :  221 245 618
321 :  11 379 468 650
322 :  141 306 518
323 :  318 373 405 439
324 :  104 147 219 383 697 780
325 :  40 71 1215
326 :  210 232 342 420 541 712
327 :  310 397 401 516 599
328 :  545 548 557 653 742
329 :  542 648 790 1125
330 :  427 793
331 :  87 305 484 501 1128
332 :  443 465 612 803 1175
333 :  355 403 607 1214
334 :  39 113 164
335 :  215 221 245 355
336 :  103 134 830 1158
337 :  188 375 620 642 687
338 :  116 150 585 1026 1058
339 :  33 381 670
340 :  22 126 317
341 :  195 254 309 424 536 924
342 :  210 326 420 674 750
343 :  45 153 238 430
344 :  131 494 539 825
345 :  542 924 1056 1124
346 :  297 659 1173
347 :  504 680
348 :  569 658 858 1075
349 :  408 448 496 528
350 :  46 82 91 114 252 303
351 :  121 177 471
352 :  12 207 471 570
353 :  794 1178
354 :  294 474 630 644 711
355 :  29 333 335 403
356 :  43 186 540 597
357 :  80 182 268 671 720
358 :  233 277 684 971 1102
359 :  66 70 192 247 265
360 :  92 264 531 540 1048
361 :  407 588 801
362 :  75 132 197 252 303 578
363 :  179 510 728
364 :  250 522 698 779
365 :  86 203 472 558
366 :  594 607 811 1214
367 :  507 603 1177 1178
368 :  27 191 481
369 :  179 474 520 559 665
370 :  187 212 267 274 293
371 :  167 446 817
372 :  140 214 412 657 724
373 :  318 323 609
374 :  97 111 121 280 847
375 :  55 337 642 845 876
376 :  51 638 669
377 :  22 1086 1111 1131
378 :  432 596 763 1088
379 :  37 263 321 468 645
380 :  210 444 712 769
381 :  79 139 263 339 670
382 :  13 53 640 756 836 1197
383 :  91 104 187 219 324
384 :  311 423 427 482 1081
385 :  105 559 1119
386 :  543 624 815 997
387 :  139 145 159 230 425
388 :  43 227 248 278 1113
389 :  484 523 643 992 1100
390 :  53 73 313
391 :  54 56 419 505 695 837
392 :  20 222 883
393 :  455 610 747
394 :  47 192 301 429 434
395 :  285 478 481 877 1019
396 :  14 50 563
397 :  15 73 235 327
398 :  78 125 446 453
399 :  9 108 503 621
400 :  409 873 1166 1190
401 :  310 327 458 599 654
402 :  190 299 305 1085 1203
403 :  40 200 221 333 355
404 :  22 44 45
405 :  42 250 323 698
406 :  413 1010 1189 1193
407 :  206 361 801
408 :  349 496 528 551 571 694
409 :  400 795 898 1166
410 :  306 726 1130
411 :  599 614 654
412 :  258 372 596 633 699 724
413 :  406 999 1193 1210
414 :  155 239 497 796
415 :  765 770 1106 1139
416 :  777 1053 1054 1117 1209
417 :  86 203 231 254
418 :  518 676 1051 1147
419 :  56 184 391 837
420 :  326 342 422 487
421 :  686 709 754 1058
422 :  138 420 541 544 582
423 :  105 384 520
424 :  254 341 512 536
425 :  37 159 172 387
426 :  109 246 315 555
427 :  105 330 384 482
428 :  319 511 1149 1151
429 :  301 394 910 1143
430 :  343 437 561 681
431 :  798 855 1039 1175
432 :  378 506 537
433 :  122 205 964
434 :  192 394 613 861
435 :  186 564 772 1049
436 :  161 552 688 801 1124
437 :  153 430 564 772
438 :  142 235 955
439 :  250 323 502 705
440 :  660 666 1142
441 :  99 274 293
442 :  284 867 872
443 :  290 332 700 713 1201
444 :  380 462 477 587 752
445 :  102 160 546 788 802 1172
446 :  125 371 398
447 :  294 644 851
448 :  184 279 349 528 768
449 :  154 784 1077 1172
450 :  32 593 702 775
451 :  458 479 480 654 683 1027
452 :  689 751 777 1209
453 :  78 178 398 1153
454 :  569 823 930
455 :  393 747
456 :  86 218 472 526
457 :  280 503 741
458 :  310 401 451 513 683
459 :  745 1009
460 :  151 183 556 566
461 :  123 575 1159
462 :  133 174 444 587
463 :  95 673
464 :  510 731 1090
465 :  209 290 332 1175
466 :  679
467 :  852 1066
468 :  321 379 645
469 :  162 256 618 865 981
470 :  80 591 685 1010 1193
471 :  118 351 352 570 847
472 :  86 365 456 558
473 :  561 681 1132
474 :  179 354 369 630 665 711
475 :  68 249 808
476 :  797 798 855 1038
477 :  444 483 769 778
478 :  191 395 602 1019
479 :  212 274 451 480 683 1136
480 :  274 451 479 1027
481 :  27 368 395 877
482 :  224 311 384 427 835
483 :  477 587 1157
484 :  331 389 501 565 1100
485 :  25 260 744 814 1195
486 :  84 286 719 826
487 :  166 234 251 420 544
488 :  58 71 631 656
489 :  145 158 288 606
490 :  5 26 60 62 762
491 :  58 162 492 663
492 :  162 491
493 :  312 690 742 777 1118
494 :  344 614 825 1028
495 :  33 637
496 :  349 408 538 571 1144
497 :  127 155 414 796
498 :  262 1179
499 :  164 257 1203
500 :  556 566 615 629 709
501 :  257 305 331 484 565 922
502 :  439 705 708
503 :  9 154 157 399 457
504 :  71 347 631
505 :  39 56 299 391
506 :  108 432 804 1115
507 :  367 976 1041 1178
508 :  759 910
509 :  312 557 689
510 :  363 464 644 711 731
511 :  428 739 760
512 :  276 424 535 729 805
513 :  310 458 628 722 955
514 :  268 697 807 1127
515 :  522 588 1150 1160
516 :  73 131 313 327
517 :  99 149 223 583 1028
518 :  322 418 534 751 1147
519 :  727 728 1119
520 :  105 369 423 559
521 :  190 758 774 809
522 :  364 515 1001
523 :  389 643 992
524 :  101 181 297 986
525 :  615 1016 1025
526 :  63 456 562
527 :  579 618 859 981
528 :  279 292 349 408 448
529 :  49 692 707 827
530 :  595 760 892 1151
531 :  92 127 360 984 1180
532 :  96 111 810
533 :  554 561 1123 1132
534 :  141 518 635 1094
535 :  269 512 536 572 805
536 :  309 341 424 535
537 :  432 563 633 804
538 :  496 851 1144
539 :  285 344 825 1019
540 :  264 356 360 597
541 :  326 422
542 :  176 329 345 790
543 :  97 386 621 678 997
544 :  166 189 422 487 582
545 :  269 328 1198
546 :  445 802
547 :  255 316 938 1152
548 :  328 648 742
549 :  89
550 :  255 652 1137
551 :  408 571 694 1064
552 :  109 161 436 812
553 :  156 158 606 716
554 :  533 912 1123
555 :  315 426 1104
556 :  183 460 500 730
557 :  312 328 509 742 1198
558 :  365 472 972
559 :  105 179 369 385 520
560 :  127 143 155 900 941
561 :  430 473 533 772
562 :  63 526 622 767
563 :  396 537 633
564 :  248 435 437
565 :  484 501 922 1100
566 :  460 500 629 986
567 :  214 584 619 667 829
568 :  640 669
569 :  201 348 454 965 1170
570 :  137 352 471
571 :  408 496 551 1144
572 :  269 535 805 1169
573 :  200 594
574 :  232 715 832 882
575 :  90 461 647 1150 1160
576 :  146 600
577 :  627 970 1082
578 :  132 362 611 840 1135
579 :  245 527 598 859 1188
580 :  634 647 892
581 :  83 870 956
582 :  138 189 422 544
583 :  149 517 754 1018
584 :  567 667 724
585 :  150 275 338 586 639
586 :  281 283 585 639 1026
587 :  174 444 462 483
588 :  361 515 1160
589 :  593 1176
590 :  740 819 862 993
591 :  470 685 720 988
592 :  19 135 638
593 :  450 589 702 775 1176
594 :  366 573 607
595 :  123 226 530 892 1159
596 :  258 378 412 633 763
597 :  186 356 540 1123
598 :  163 245 304 579 844 1188
599 :  131 327 401 411
600 :  146 188 576 642 830
601 :  703 718 739
602 :  191 225 283 478 639
603 :  138 273 367
604 :  220 938 1137
605 :  237 1097
606 :  158 240 288 489 553 716
607 :  200 333 366 594
608 :  130 314 649
609 :  373 708
610 :  393 843 913
611 :  156 578 840 1135
612 :  332 713 803 1076
613 :  265 434 765 861
614 :  411 494
615 :  500 525 629 632
616 :  749 788
617 :  156 716 840 1202
618 :  236 256 320 469 527
619 :  174 567 667
620 :  25 133 337 687
621 :  108 157 399 543 997
622 :  562 767 795 929
623 :  239 880 1187
624 :  386 755 997 1015 1171
625 :  713 1076 1137 1138
626 :  823 930 1015 1155
627 :  577 1192
628 :  513 683 783 1136
629 :  500 566 615 1017
630 :  202 354 474 665
631 :  488 504 663 1149
632 :  615 701 709
633 :  412 537 563 596 699
634 :  580 703
635 :  534 689 751
636 :  878 942 1134
637 :  112 204 495
638 :  19 376 592
639 :  275 585 586 602
640 :  382 568 1107 1197
641 :  85 296 1078
642 :  55 337 375 600
643 :  87 389 523 831 911
644 :  354 447 510 711 731
645 :  263 379 468 732
646 :  846 891 1013 1035
647 :  575 580 1160
648 :  176 329 548 653
649 :  314 608
650 :  11 321
651 :  111 678 810
652 :  120 550 1105
653 :  309 328 648
654 :  401 411 451 1027
655 :  55 234 251 845
656 :  58 236 256 488
657 :  140 242 372 814
658 :  201 348 987 1154
659 :  346 983 987 1154 1173
660 :  440 1029
661 :  738 819 850
662 :  277 922 1102
663 :  58 491 631
664 :  824 833 1044 1110
665 :  369 474 630 822
666 :  440 1140 1142
667 :  567 584 619 737
668 :  34 169 244
669 :  51 376 568
670 :  339 381 732
671 :  91 104 114 268 357
672 :  136 292 694 1032 1205
673 :  95 463
674 :  342 750
675 :  77 168 208
676 :  418 785 1052 1147
677 :  12 102 118 741
678 :  97 543 651
679 :  189 466
680 :  347 834
681 :  238 430 473
682 :  851 1090 1144
683 :  451 458 479 628 1136
684 :  193 358 896 1156
685 :  470 591 1193
686 :  421 754 1026
687 :  337 620 750 876
688 :  436 1020 1056 1124
689 :  312 452 509 635 777
690 :  493 742 1118 1125
691 :  779 790 863 1125 1161
692 :  307 529 707
693 :  88 259 1202
694 :  292 408 551 672
695 :  54 391 809 837 907
696 :  846 1000 1212
697 :  104 324 514 780 807
698 :  90 364 405 1150
699 :  140 412 633
700 :  247 266 290 443 1201
701 :  632 920
702 :  199 450 593 806 1176
703 :  206 601 634 739
704 :  285 313 877
705 :  250 439 502 875
706 :  16 119 302
707 :  49 529 692 1152
708 :  502 609 1059
709 :  421 500 632 730
710 :  181 747 1074
711 :  179 354 474 510 644
712 :  210 326 380 832
713 :  443 612 625 1201
714 :  295
715 :  232 574 1087 1177
716 :  240 553 606 617 1202
717 :  761 846 1029
718 :  601 848
719 :  286 486 826 1112
720 :  80 357 591 988
721 :  968 975
722 :  513 783 955 1036
723 :  15 53 125 167
724 :  214 258 372 412 584
725 :  295 816
726 :  243 300 410 1130
727 :  519 728 782 821 1043
728 :  363 519 727 1109
729 :  276 512 805 1095
730 :  149 556 709 754
731 :  464 510 644 851
732 :  263 645 670
733 :  770 1138
734 :  1005 1105
735 :  896 921 963 991
736 :  815 858 983 1075
737 :  261 667 893 1157
738 :  258 261 661 763
739 :  511 601 703
740 :  590 1015 1088 1115
741 :  118 280 457 677
742 :  312 328 493 548 557 690
743 :  36 278
744 :  485 814 838 890
745 :  459
746 :  6 883
747 :  393 455 710 1173
748 :  874 1116 1174
749 :  7 160 314 616
750 :  210 342 674 687 752 876
751 :  452 518 635 1147
752 :  210 444 750
753 :  818 885 934 1083 1166
754 :  421 583 686 730
755 :  624 997 1015
756 :  115 382 836 1197
757 :  76 80 1010
758 :  190 521 774 1085
759 :  508 1023
760 :  511 530
761 :  717 859 981
762 :  26 62 110 490
763 :  258 378 596 738
764 :  4 67
765 :  266 415 613 1106
766 :  240 259 282 288 1003
767 :  562 622 781
768 :  184 294 448
769 :  380 477 778 1126
770 :  266 415 733 1201
771 :  857 1071
772 :  435 437 561
773 :  1 208
774 :  521 758 887 925
775 :  298 450 593 1114
776 :  132 787 1135
777 :  312 416 452 493 689
778 :  477 769 854 996
779 :  364 691 1161
780 :  324 697 807 1074
781 :  767 948 1168
782 :  727 796 821 942 1119
783 :  628 722 786
784 :  154 302 449 1077
785 :  676 1052 1146
786 :  156 783 1036
787 :  132 212 267 776 1136
788 :  160 445 616
789 :  860 898 904 1190 1210
790 :  329 542 691 863
791 :  841 1167
792 :  794 916 1206
793 :  330 878
794 :  353 792 916 1034 1144
795 :  409 622 898 929
796 :  414 497 782
797 :  476 855
798 :  144 431 476 1039
799 :  36 44 227
800 :  983 1016 1017
801 :  361 407 436 812 1020 1121
802 :  445 546 1077 1172
803 :  332 612
804 :  41 108 506 537
805 :  512 535 572 729
806 :  199 702 1031 1032 1176 1205
807 :  514 697 780 913 1127
808 :  475 827
809 :  54 521 695 907
810 :  111 532 651
811 :  366 1213
812 :  246 552 801 1121
813 :  271 912 1044 1045 1132
814 :  242 260 485 657 744 838
815 :  386 736 1075 1171
816 :  180 272 725
817 :  115 167 371
818 :  753 957 1166
819 :  590 661
820 :  21 64 974
821 :  727 782 1042
822 :  665 915 926 1070 1165
823 :  454 626 1170
824 :  664 833 1048 1110 1134
825 :  344 494 539 1018 1037
826 :  34 486 719
827 :  529 808
828 :  849 940 991
829 :  174 260 567 1195
830 :  103 146 188 336 600
831 :  643 873 911 1099
832 :  232 574 712
833 :  664 824 912 1044 1048
834 :  319 680 1149
835 :  224 482 1045 1110
836 :  53 115 382 756 1196
837 :  391 419 695 1129
838 :  23 242 744 814
839 :  853 988 1127
840 :  75 578 611 617
841 :  791 853 1167
842 :  173 237 1092
843 :  610 913
844 :  304 598 979 1140 1188
845 :  55 251 375 655 876
846 :  646 696 717
847 :  118 121 374 471
848 :  718 932 1084 1104
849 :  828 963 991 1101
850 :  261 661 893 1066 1114
851 :  447 538 682 731
852 :  467 862 1066 1156
853 :  839 841 1174
854 :  778 893 1157
855 :  431 476 797 1175
856 :  860 940 1167
857 :  771
858 :  348 736 983 1075
859 :  527 579 761 981 1188
860 :  789 856 904 1014
861 :  434 613 910 937 994
862 :  590 852 993
863 :  691 790 1001 1199
864 :  923 928 1067
865 :  162 469 1000 1084 1211
866 :  61 88 1057
867 :  284 442
868 :  945 1208
869 :  175 1004 1073 1081
870 :  64 83 581
871 :  888 1051 1112 1130 1145
872 :  284 442
873 :  400 831 885
874 :  748 921 1116 1174
875 :  705 881 1021 1161
876 :  375 687 750 845
877 :  395 481 704
878 :  636 793 1110 1134
879 :  95 909
880 :  623 899 933 1187
881 :  875 1021 1055 1059
882 :  574 967 1033
883 :  20 392 746
884 :  143 148
885 :  753 873 911 931 944 1083 1192
886 :  300 1050 1086
887 :  774 925 947 1192
888 :  871 1112 1145
889 :  112 144 194 204
890 :  25 134 744
891 :  646 962 966 1148
892 :  530 580 595 1159
893 :  737 850 854 1157
894 :  948 978 1012
895 :  238 1046 1179
896 :  684 735 977 1102 1156
897 :  272 1182 1183
898 :  409 789 795 1190
899 :  880 933 1090 1206 1207
900 :  143 560
901 :  972 1012 1148
902 :  923 939 1072 1164
903 :  935 953 1067 1163
904 :  789 860 1099 1190
905 :  948 978 998 1024
906 :  89 148
907 :  695 809 1096
908 :  264 1133
909 :  879 957 1098
910 :  429 508 861 994
911 :  87 643 831 885
912 :  554 813 833 1044 1132
913 :  610 807 843 1174
914 :  972 995 1002
915 :  822 926 1069 1070 1079
916 :  792 794 1206
917 :  935 973 1004 1069
918 :  973 1096
919 :  3 17 74 185
920 :  116 229 701
921 :  735 874 1103 1116
922 :  277 501 565 662
923 :  864 902 936
924 :  195 341 345 1124
925 :  774 887 947 1096 1162
926 :  822 915 1091
927 :  952 1030 1080
928 :  864 939 1169
929 :  622 795 954
930 :  454 626 1015 1075 1171
931 :  885 1192
932 :  848 1000 1104 1122
933 :  880 899 1040
934 :  753 970 1083 1191
935 :  903 917 1164
936 :  923 1067 1164
937 :  861 994 1106
938 :  255 316 547 604
939 :  902 928 1169
940 :  828 856 958
941 :  155 560
942 :  636 782 1180
943 :  1 1184
944 :  885 1128
945 :  868 1061 1146
946 :  967 1126 1194
947 :  887 925 1022 1162
948 :  781 894 905 978
949 :  30 112 194 282
950 :  10 38 124 137
951 :  969 975
952 :  927 1067
953 :  903 1073 1163
954 :  929
955 :  228 438 513 722
956 :  0 1 581 1184
957 :  818 909 1098
958 :  940 991
959 :  2 1186
960 :  966 1141 1142
961 :  1005 1006 1007 1139
962 :  891 966 1035
963 :  735 849 1101
964 :  122 171 433
965 :  201 569 1103 1170
966 :  891 960 962 1148
967 :  882 946 1064
968 :  721 975
969 :  180 951
970 :  577 934 1082 1191
971 :  233 358 1204
972 :  558 901 914 1012
973 :  917 918 1068 1069 1162
974 :  820 1062
975 :  721 951 968
976 :  507
977 :  896 1170
978 :  894 905 948 1024
979 :  844 1188
980 :  213 1006 1140
981 :  469 527 761 859 1211
982 :  246 1121
983 :  659 736 800 858 1016 1154
984 :  531 1180
985 :  151 187 217 219 293
986 :  297 524 566
987 :  658 659 1154
988 :  591 720 839
989 :  49 255 1152
990 :  178 1153
991 :  735 828 849 958 1116
992 :  389 523 1100
993 :  590 862 1155
994 :  861 910 937 1141
995 :  315 914
996 :  778 1126
997 :  108 386 543 621 624 755
998 :  905 1011 1189
999 :  413 1014
1000 :  696 865 932 1084 1211
1001 :  522 863 1020
1002 :  914 1013 1122 1212
1003 :  766 1038 1057
1004 :  869 917 1070
1005 :  734 961 1006 1138 1139
1006 :  961 980 1005
1007 :  961 1106 1139
1008 :  1141
1009 :  459 1010 1143
1010 :  406 470 757 1009 1189
1011 :  998 1189 1210
1012 :  894 901 972 1148 1168
1013 :  646 1002
1014 :  860 999 1167
1015 :  624 626 740 755 930 1115 1155
1016 :  525 800 983
1017 :  629 800
1018 :  281 583 825 1028
1019 :  395 478 539 1037
1020 :  688 801 1001 1199
1021 :  875 881 1055 1118 1125 1161
1022 :  947 1068 1072 1162
1023 :  759 1141
1024 :  905 978
1025 :  229 525
1026 :  338 586 686
1027 :  223 451 480 654
1028 :  223 494 517 1018
1029 :  660 717 1035
1030 :  927 1080 1093 1094
1031 :  806 1032 1176 1194
1032 :  672 806 1031 1194
1033 :  882 1034 1064
1034 :  794 1033 1087 1144
1035 :  646 962 1029
1036 :  228 722 786
1037 :  281 283 825 1019
1038 :  476 1003
1039 :  24 220 431 798
1040 :  933 1041 1207
1041 :  507 1040 1178
1042 :  821 1043 1187
1043 :  727 1042 1109 1187
1044 :  664 813 833 912
1045 :  224 270 813 835
1046 :  895
1047 :  170 271 1179
1048 :  360 824 833
1049 :  435 1113
1050 :  886 1130 1131 1145
1051 :  418 871 1112
1052 :  676 785 1147 1209
1053 :  416 1054 1055 1117
1054 :  416 1053 1055 1118
1055 :  881 1021 1053 1054 1059 1060
1056 :  345 688 1199
1057 :  866 1003
1058 :  338 421
1059 :  708 881 1055 1060
1060 :  1055 1059 1208
1061 :  286 945
1062 :  974 1063
1063 :  36 1062
1064 :  551 967 1033
1065 :  29 198 1214
1066 :  467 850 852
1067 :  864 903 936 952
1068 :  973 1022 1162 1164
1069 :  915 917 973
1070 :  822 915 1004 1165
1071 :  771
1072 :  902 1022
1073 :  48 869 953
1074 :  147 710 780
1075 :  348 736 815 858 930 1171
1076 :  612 625 1137
1077 :  449 784 802 1172
1078 :  18 85 641 1200
1079 :  915 1129
1080 :  927 1030
1081 :  311 384 869 1165
1082 :  577 970
1083 :  753 885 934 1191
1084 :  848 865 1000
1085 :  402 758 1128
1086 :  377 886
1087 :  715 1034 1177
1088 :  378 740
1089 :  0 1184
1090 :  464 682 899
1091 :  926 1129
1092 :  842 1163
1093 :  141 308 1030 1094
1094 :  141 534 1030 1093
1095 :  729
1096 :  907 918 925
1097 :  308 605
1098 :  63 909 957
1099 :  831 904
1100 :  389 484 565 992
1101 :  849 963
1102 :  277 358 662 896
1103 :  201 921 965
1104 :  555 848 932 1122
1105 :  652 734
1106 :  415 765 937 1007
1107 :  13 51 640
1108 :  19 51
1109 :  728 1043
1110 :  664 824 835 878
1111 :  45 238 377
1112 :  719 871 888 1051
1113 :  43 388 1049
1114 :  775 850
1115 :  506 740 1015
1116 :  748 874 921 991
1117 :  416 1053 1208 1209
1118 :  493 690 1021 1054
1119 :  385 519 782
1120 :  84 168
1121 :  206 801 812 982
1122 :  932 1002 1104
1123 :  186 533 554 597
1124 :  161 345 436 688 924
1125 :  329 690 691 1021
1126 :  769 946 996
1127 :  514 807 839
1128 :  331 944 1085
1129 :  837 1079 1091
1130 :  410 726 871 1050
1131 :  317 377 1050
1132 :  473 533 813 912
1133 :  43 148 908
1134 :  636 824 878
1135 :  132 578 611 776
1136 :  212 479 628 683 787
1137 :  550 604 625 1076 1138
1138 :  625 733 1005 1137
1139 :  415 961 1005 1007
1140 :  666 844 980
1141 :  960 994 1008 1023 1142
1142 :  440 666 960 1141
1143 :  76 301 429 1009
1144 :  496 538 571 682 794 1034
1145 :  244 871 888 1050
1146 :  785 945
1147 :  418 518 676 751 1052
1148 :  891 901 966 1012
1149 :  428 631 834
1150 :  90 515 575 698 1160
1151 :  319 428 530
1152 :  255 547 707 989
1153 :  52 78 453 990
1154 :  658 659 983 987
1155 :  626 993 1015
1156 :  193 684 852 896
1157 :  483 737 854 893
1158 :  25 134 188 336
1159 :  123 461 595 892
1160 :  515 575 588 647 1150
1161 :  691 779 875 1021
1162 :  925 947 973 1022 1068
1163 :  903 953 1092
1164 :  902 935 936 1068
1165 :  822 1070 1081
1166 :  400 409 753 818
1167 :  791 841 856 1014
1168 :  781 1012
1169 :  572 928 939
1170 :  569 823 965 977
1171 :  624 815 930 1075
1172 :  102 445 449 802 1077
1173 :  297 346 659 747
1174 :  748 853 874 913
1175 :  332 431 465 855
1176 :  589 593 702 806 1031
1177 :  273 367 715 1087
1178 :  353 367 507 1041
1179 :  170 498 895 1047
1180 :  531 942 984
1181 :  284 289 1183
1182 :  295 897
1183 :  897 1181
1184 :  0 943 956 1089
1185 :  2 278
1186 :  8 959
1187 :  623 880 1042 1043
1188 :  579 598 844 859 979
1189 :  406 998 1010 1011
1190 :  400 789 898 904
1191 :  934 970 1083
1192 :  627 885 887 931
1193 :  406 413 470 685
1194 :  946 1031 1032
1195 :  133 174 260 485 829
1196 :  53 115 167 836
1197 :  382 640 756
1198 :  545 557
1199 :  863 1020 1056
1200 :  18 1078
1201 :  443 700 713 770
1202 :  259 617 693 716
1203 :  299 305 402 499
1204 :  164 257 971
1205 :  136 199 672 806
1206 :  792 899 916 1207
1207 :  899 1040 1206
1208 :  868 1060 1117
1209 :  416 452 1052 1117
1210 :  413 789 1011
1211 :  865 981 1000
1212 :  696 1002
1213 :  198 811 1214
1214 :  333 366 1065 1213
1215 :  40 200 325
RecommendedStartEnd
s 38
e  49 36
d l l
s 398
e  1004 9
d l l
