 800 800 
164 662 26 3 199 255 0
125 700 23 2 181 232 1
152 368 24 10 50 232 2
120 517 26 6 125 254 3
284 360 25 108 109 253 4
268 426 27 108 135 255 5
402 400 27 223 185 120 6
106 406 24 3 80 203 7
88 660 25 2 162 204 8
322 740 19 1 205 206 9
164 720 18 1 182 204 10
96 572 25 0 130 233 11
360 368 25 215 157 205 12
444 308 23 164 115 59 13
64 524 23 1 96 205 14
64 614 24 0 138 205 15
168 492 28 69 139 255 16
400 336 23 200 115 167 17
126 618 26 3 199 255 18
142 446 25 7 92 232 19
188 410 27 26 70 255 20
448 358 25 187 140 42 21
258 690 18 0 208 224 22
328 332 23 146 100 236 23
364 304 21 139 49 192 24
406 292 18 170 86 134 25
146 408 13 10 50 232 26
128 667 11 0 160 221 27
232 380 27 27 25 255 28
202 340 23 3 41 205 29
318 402 28 185 168 242 30
294 302 22 68 8 200 31
426 714 11 0 183 152 32
52 568 15 2 117 204 33
121 478 13 17 94 234 34
382 270 15 104 27 149 35
218 744 15 0 183 204 36
448 270 16 124 75 67 37
404 126 7 191 191 191 38
76 426 11 1 81 196 39
490 168 9 169 169 169 40
428 146 11 199 199 199 41
180 449 13 28 74 252 42
330 274 21 111 15 163 43
424 124 7 180 180 180 44
220 456 24 106 165 255 45
322 364 9 179 141 239 46
370 132 8 198 198 198 47
402 108 8 201 201 201 48
265 390 8 66 74 251 49
418 262 14 112 62 96 50
464 132 10 178 178 178 51
250 324 25 6 6 206 52
386 148 8 188 188 188 53
272 613 15 43 231 255 54
492 124 8 162 162 162 55
190 740 13 0 186 197 56
280 30 8 199 199 199 57
284 86 10 188 188 188 58
228 418 11 75 101 255 59
420 106 9 196 196 196 60
472 158 9 179 179 179 61
530 162 8 138 138 138 62
95 629 7 16 135 214 63
360 404 10 212 198 192 64
211 496 14 105 177 255 65
396 244 12 107 39 110 66
430 92 6 136 136 136 67
508 134 9 150 150 150 68
400 92 7 205 205 205 69
410 632 14 9 226 195 70
386 112 6 208 208 208 71
406 146 9 203 203 203 72
384 96 9 196 196 196 73
512 166 9 152 152 152 74
364 334 8 197 129 216 75
272 100 7 171 171 171 76
177 698 8 0 163 225 77
476 116 9 174 174 174 78
264 82 9 188 188 188 79
280 68 8 199 199 199 80
500 150 8 162 162 162 81
94 538 8 20 118 220 82
522 106 8 174 174 174 83
336 60 8 198 198 198 84
524 250 6 156 156 156 85
362 88 7 194 194 194 86
526 234 8 176 176 176 87
378 228 12 87 38 120 88
284 392 7 139 140 254 89
412 366 8 219 172 104 90
154 698 7 8 148 195 91
354 130 9 166 166 166 92
111 442 7 7 79 203 93
384 604 12 53 209 155 94
334 76 8 205 205 205 95
314 40 7 143 143 143 96
386 130 8 197 197 197 97
264 54 8 207 207 207 98
272 116 7 161 161 161 99
320 58 8 193 193 193 100
298 60 10 194 194 194 101
358 248 16 96 25 135 102
366 148 7 186 186 186 103
396 162 5 155 155 155 104
394 366 7 221 155 150 105
538 174 6 128 128 128 106
60 644 6 24 137 204 107
438 108 9 174 174 174 108
446 559 12 11 182 83 109
502 210 6 126 126 126 110
456 110 9 183 183 183 111
474 98 8 161 161 161 112
280 48 9 199 199 199 113
298 722 11 22 195 211 114
318 74 7 206 206 206 115
486 210 6 150 150 150 116
546 160 6 119 119 119 117
482 190 6 120 120 120 118
328 646 12 61 255 255 119
52 492 11 9 79 192 120
420 208 9 74 28 75 121
544 128 7 133 133 133 122
266 36 7 188 188 188 123
326 572 11 101 254 255 124
302 78 8 194 194 194 125
522 182 9 136 136 136 126
394 40 8 71 71 71 127
376 82 6 200 200 200 128
512 78 7 196 196 196 129
444 128 10 182 182 182 130
490 104 9 159 159 159 131
370 116 7 207 207 207 132
352 64 8 198 198 198 133
370 102 6 211 211 211 134
532 196 7 133 133 133 135
524 218 8 176 176 176 136
350 746 10 9 205 209 137
298 40 8 169 169 169 138
510 94 8 182 182 182 139
366 72 8 201 201 201 140
414 92 6 178 178 178 141
434 48 5 159 159 159 142
254 68 8 176 176 176 143
516 200 9 171 171 171 144
336 716 8 8 194 205 145
502 184 10 158 158 158 146
538 98 9 167 167 167 147
470 84 6 180 180 180 148
212 698 27 2 205 232 149
538 210 6 136 136 136 150
548 108 5 167 167 167 151
382 68 7 156 156 156 152
384 14 7 37 37 37 153
520 148 9 144 144 144 154
360 52 6 120 120 120 155
546 68 7 167 167 167 156
382 30 7 48 48 48 157
248 80 4 160 160 160 158
400 22 8 78 78 78 159
350 80 7 207 207 207 160
486 72 5 58 58 58 161
510 220 6 124 124 124 162
330 44 9 132 132 132 163
392 80 7 174 174 174 164
412 64 7 108 108 108 165
338 30 7 95 95 95 166
94 694 8 11 139 214 167
410 226 10 92 43 87 168
538 148 8 125 125 125 169
372 58 7 137 137 137 170
406 80 6 134 134 134 171
406 200 7 65 28 68 172
534 76 7 174 174 174 173
500 30 4 111 111 111 174
394 214 9 65 36 86 175
496 88 7 187 187 187 176
368 22 7 66 66 66 177
274 14 8 183 183 183 178
288 104 7 62 62 62 179
438 74 6 79 79 79 180
558 76 7 166 166 166 181
510 26 4 156 156 156 182
558 42 5 101 101 101 183
494 198 6 122 122 122 184
508 36 5 154 154 154 185
298 752 7 8 195 210 186
436 28 5 215 215 215 187
362 160 5 153 153 153 188
260 22 7 160 160 160 189
524 88 7 175 175 175 190
119 374 10 0 49 192 191
544 188 7 99 99 99 192
510 62 7 174 174 174 193
350 92 4 175 175 175 194
320 12 9 118 118 118 195
338 144 7 154 154 154 196
536 116 7 168 168 168 197
446 86 6 96 96 96 198
200 26 5 52 52 52 199
390 194 5 152 155 153 200
416 20 7 107 107 107 201
530 134 8 132 132 132 202
468 68 6 180 180 180 203
496 58 6 98 98 98 204
336 14 7 132 132 132 205
478 202 4 140 140 140 206
324 28 7 127 127 127 207
510 16 5 145 145 145 208
440 204 8 45 22 37 209
380 46 7 67 67 67 210
510 48 5 167 167 167 211
428 238 10 88 47 74 212
410 36 8 74 74 74 213
462 10 4 218 218 218 214
482 86 6 179 179 179 215
550 140 6 104 104 104 216
444 64 4 129 129 129 217
446 48 5 181 181 181 218
458 30 4 147 147 147 219
460 94 6 125 125 125 220
406 52 6 91 91 91 221
346 46 6 126 126 126 222
356 104 6 205 205 205 223
532 42 5 109 109 109 224
252 46 6 158 158 158 225
472 184 5 110 110 110 226
392 56 8 92 92 92 227
82 468 26 3 111 229 228
296 26 6 142 142 142 229
308 470 28 177 201 253 230
522 68 6 196 196 196 231
522 52 7 196 196 196 232
372 162 4 167 167 167 233
218 314 8 2 13 217 234
352 158 5 149 149 149 235
498 74 7 138 138 138 236
260 8 6 102 102 102 237
368 38 7 70 70 70 238
390 172 6 156 156 156 239
460 54 5 221 221 221 240
546 20 9 52 52 52 241
340 90 6 163 163 163 242
428 62 9 88 88 88 243
258 98 7 166 166 166 244
332 168 9 144 144 144 245
416 190 7 83 61 84 246
554 120 5 139 139 139 247
356 116 5 185 185 185 248
518 40 5 114 114 114 249
330 186 9 72 72 72 250
454 20 6 126 126 126 251
310 26 7 125 125 125 252
544 36 6 55 55 55 253
342 156 5 162 162 162 254
488 14 6 85 85 85 255
400 68 5 122 122 122 256
462 44 5 219 219 219 257
534 58 6 166 166 166 258
472 42 4 234 234 234 259
514 230 4 172 172 172 260
534 30 5 77 77 77 261
488 50 5 46 46 46 262
454 62 4 199 199 199 263
238 28 4 61 61 61 264
470 50 4 213 213 213 265
224 52 7 42 42 42 266
204 38 6 44 44 44 267
324 150 6 150 150 150 268
352 34 7 94 94 94 269
318 138 4 126 126 126 270
440 40 4 173 173 173 271
416 160 5 174 174 174 272
400 186 7 130 133 131 273
380 178 5 146 146 146 274
440 56 4 148 148 148 275
230 40 5 38 38 38 276
298 120 4 118 118 118 277
470 60 4 196 196 196 278
424 30 5 156 156 156 279
306 136 7 40 40 40 280
500 18 5 119 119 119 281
482 24 5 174 174 174 282
296 96 4 58 58 58 283
562 28 8 45 45 45 284
548 4 7 70 70 70 285
552 172 5 86 86 86 286
444 188 6 48 27 43 287
494 218 5 137 137 137 288
306 92 4 63 63 63 289
472 194 4 133 133 133 290
554 56 7 131 131 131 291
520 26 6 100 100 100 292
244 58 5 116 116 116 293
520 14 5 94 94 94 294
556 152 6 86 86 86 295
462 178 4 123 123 123 296
482 222 6 64 64 64 297
226 66 7 58 58 58 298
420 78 8 120 120 120 299
526 34 4 100 100 100 300
358 272 7 107 25 144 301
544 48 5 111 111 111 302
234 58 4 40 40 40 303
472 210 6 106 106 106 304
540 236 6 145 145 145 305
256 502 24 142 210 255 306
240 40 5 86 86 86 307
498 8 5 135 135 135 308
452 224 7 74 28 41 309
240 70 6 92 92 92 310
466 224 6 139 139 139 311
434 182 5 59 42 58 312
456 196 6 49 23 41 313
420 48 7 73 73 73 314
357 508 27 162 228 179 315
498 38 4 104 104 104 316
222 4 7 79 79 79 317
428 18 4 129 129 129 318
454 208 6 50 20 39 319
450 242 11 77 51 44 320
478 36 4 192 192 192 321
472 30 4 185 185 185 322
560 130 6 105 105 105 323
372 186 6 163 163 163 324
352 18 8 84 84 84 325
246 586 21 88 219 255 326
428 40 4 152 152 152 327
562 142 4 69 69 69 328
336 102 4 146 146 146 329
230 32 4 38 38 38 330
458 82 5 97 97 97 331
406 160 4 160 160 160 332
536 246 4 125 125 125 333
428 192 5 54 22 53 334
344 100 4 124 124 124 335
436 162 6 144 144 144 336
288 12 6 126 126 126 337
352 146 6 175 175 175 338
514 242 4 141 141 141 339
452 74 5 104 104 104 340
314 88 4 91 91 91 341
326 140 4 146 146 146 342
482 58 4 46 46 46 343
560 164 6 71 71 71 344
248 18 5 93 93 93 345
312 116 6 57 57 57 346
302 543 27 130 253 255 347
306 611 19 42 254 254 348
554 98 5 174 174 174 349
560 106 4 157 157 157 350
414 132 5 191 191 191 351
480 616 27 0 149 56 352
478 8 5 164 164 164 353
198 16 5 68 68 68 354
444 32 4 194 194 194 355
262 729 19 1 205 206 356
424 172 9 88 88 88 357
306 8 5 103 103 103 358
316 128 5 80 80 80 359
564 64 5 161 161 161 360
322 94 5 137 137 137 361
208 6 5 72 72 72 362
566 88 6 203 203 203 363
484 552 26 1 166 68 364
246 4 7 77 77 77 365
560 14 6 38 38 38 366
450 98 4 122 122 122 367
498 48 4 92 92 92 368
412 467 24 176 217 108 369
438 2 6 154 154 154 370
436 84 4 103 103 103 371
358 178 6 146 146 146 372
400 6 7 58 58 58 373
448 162 4 138 138 138 374
466 18 5 167 167 167 375
492 32 4 56 56 56 376
251 644 22 41 232 255 377
368 6 8 76 76 76 378
264 108 4 186 186 186 379
540 222 7 154 154 154 380
424 592 27 2 200 142 381
510 114 4 164 164 164 382
473 481 24 94 165 1 383
322 84 4 139 139 139 384
198 4 5 70 70 70 385
504 108 4 163 163 163 386
538 8 4 70 70 70 387
396 732 9 1 181 152 388
302 106 7 120 120 120 389
482 142 10 164 164 164 390
234 8 5 101 101 101 391
456 2 4 222 222 222 392
294 128 4 118 118 118 393
366 568 29 81 237 212 394
416 534 25 74 209 123 395
370 208 9 87 67 101 396
564 98 4 178 178 178 397
498 242 12 141 141 141 398
446 154 4 199 199 199 399
312 152 6 87 87 87 400
294 4 4 126 126 126 401
360 194 8 86 81 88 402
394 118 4 219 219 219 403
414 4 7 113 113 113 404
450 8 4 174 174 174 405
364 732 8 0 182 152 406
268 70 4 193 193 193 407
272 280 9 68 8 200 408
316 700 13 0 230 231 409
380 158 4 164 164 164 410
194 36 5 42 42 42 411
568 116 8 104 104 104 412
446 172 6 138 138 138 413
434 12 4 141 141 141 414
520 2 6 109 109 109 415
530 12 4 71 71 71 416
270 570 8 86 219 253 417
412 732 8 1 181 152 418
570 74 5 176 176 176 419
542 84 4 172 172 172 420
460 424 26 198 162 2 421
378 740 8 1 181 152 422
230 486 7 142 210 255 423
476 234 7 64 64 64 424
348 206 5 46 43 47 425
430 664 23 0 181 126 426
374 648 24 1 229 192 427
240 84 4 83 83 83 428
568 50 7 116 116 116 429
570 136 5 87 87 87 430
62 440 8 2 64 142 431
254 292 7 6 6 206 432
290 695 13 0 230 231 433
348 196 4 46 43 47 434
332 2 5 121 121 121 435
404 708 11 1 181 152 436
514 258 6 78 78 78 437
388 2 6 47 47 47 438
294 668 13 0 233 226 439
202 60 8 40 40 40 440
382 200 4 90 83 96 441
452 532 11 25 147 64 442
570 16 4 38 38 38 443
462 670 10 0 181 126 444
444 696 12 2 178 124 445
382 534 8 115 228 195 446
440 502 15 15 80 25 447
441 393 10 137 108 56 448
327 673 14 0 230 231 449
286 586 11 43 231 255 450
233 616 11 64 225 255 451
235 729 8 0 194 205 452
461 583 11 2 170 64 453
469 516 11 59 156 32 454
458 391 7 160 132 22 455
364 615 10 0 233 194 456
381 714 12 3 183 154 457
357 717 8 3 183 154 458
345 661 7 73 217 199 459
272 667 9 13 224 235 460
452 147 5 190 190 190 461
456 158 4 73 73 73 462
462 147 4 40 40 40 463
459 168 6 151 151 151 464
474 173 6 116 116 116 465
520 123 6 150 150 150 466
443 20 4 73 73 73 467
317 104 6 133 133 133 468
346 176 6 232 232 232 469
370 176 4 154 154 154 470
304 586 7 130 253 255 471
95 433 6 3 80 203 472
88 502 8 6 82 178 473
96 605 7 8 137 230 474
288 739 8 2 207 212 475
417 693 8 23 183 137 476
294 641 14 21 243 240 477
342 624 14 30 244 224 478
386 685 14 0 178 147 479
353 695 17 18 180 154 480
224 519 12 142 210 255 481
262 466 13 136 187 249 482
443 630 12 6 174 128 483
461 650 10 1 180 125 484
358 444 26 220 229 202 485
378 476 11 173 229 152 486
394 437 10 212 211 130 487
395 501 12 120 211 156 488
339 542 8 135 228 227 489
69 555 6 19 97 217 490
337 599 11 51 245 230 491
401 670 6 0 105 89 492
434 221 8 68 26 57 493
330 302 7 128 57 199 494
423 433 12 208 191 71 495
252 32 6 124 124 124 496
452 39 5 113 113 113 497
286 119 7 50 50 50 498
194 609 28 45 188 255 499
210 652 18 0 199 255 500
157 570 26 52 167 254 501
126 552 10 37 153 248 502
210 555 26 99 186 252 503
255 545 19 114 217 253 504
219 22 10 29 29 29 505
218 40 6 61 61 61 506
211 51 4 27 27 27 507
215 63 4 31 31 31 508
292 506 12 177 201 253 509
176 532 13 52 167 254 510
164 628 8 0 172 252 511
116 649 6 46 142 196 512
155 603 7 0 173 255 513
202 519 10 92 185 254 514
149 536 10 2 162 204 515
170 340 9 0 0 211 516
188 372 11 15 9 242 517
447 459 10 131 188 35 518
333 120 14 232 232 232 519
Neighbours
0 :  27 500 511
1 :  10 27 91 167
2 :  26 191 516 517
3 :  16 34 82 473 502 515
4 :  30 49 52 89
5 :  30 49 59 482
6 :  12 90 105 448 487 495
7 :  26 39 191 472
8 :  15 63 107 167 512
9 :  114 137 145 186
10 :  1 56 77 91
11 :  82 474 490 502
12 :  6 17 23 30 64 75 105
13 :  21 25 37
14 :  82 120 473 490
15 :  8 63 107 474
16 :  3 19 65 510
17 :  12 25 90 105
18 :  63 474 512 513
19 :  16 26 34 42 93
20 :  26 28 42 59 517
21 :  13 448 455
22 :  149 356 433 460
23 :  12 24 31 46 494
24 :  23 35 43 75
25 :  13 17 35 50
26 :  2 7 19 20
27 :  0 1
28 :  20 29 49 59
29 :  28 52 234 516 517
30 :  4 5 12 46 89
31 :  23 43 52 408
32 :  436 445
33 :  490
34 :  3 19 228
35 :  24 25 66 102 301
36 :  56 452
37 :  13 50 320
38 :  48 97 351 403
39 :  7 431 472
40 :  61 146 465
41 :  72 130 272 336
42 :  19 20
43 :  24 31 102 301 494
44 :  60 130 351
45 :  65 423
46 :  23 30
47 :  92 97 103 132
48 :  38 60 69 71 403
49 :  4 5 28
50 :  25 37 66 212
51 :  78 130 390 463
52 :  4 29 31 234 432
53 :  72 97 410
54 :  326 348 377
55 :  68 78 131 390
56 :  10 36
57 :  113 123 178 229
58 :  76 79 80 125 179 283
59 :  5 20 28
60 :  44 48 67 108 141
61 :  40 390 462 463 464 465
62 :  74 106 117 154 169
63 :  8 15 18
64 :  12
65 :  16 45 423 481 514
66 :  35 50 88 168
67 :  60 108 299 371
68 :  55 81 154 466
69 :  48 73 141 164 171
70 :  381 426 427
71 :  48 73 132 403
72 :  41 53 272 332 351
73 :  69 71 128 134 164
74 :  62 81 126 146 154
75 :  12 24
76 :  58 99 179 244 379
77 :  10 149
78 :  51 55 111 112 131
79 :  58 143 158 244 407
80 :  58 101 113 407
81 :  68 74 154 390
82 :  3 11 14
83 :  139 147 190 197 382 466
84 :  95 100 133 163 222
85 :  87 333 339 437
86 :  128 134 140 160 194
87 :  85 136 260 305 339 380
88 :  66 102 175 396
89 :  4 30
90 :  6 17 105
91 :  1 10
92 :  47 248 338 519
93 :  19
94 :  381 394 456
95 :  84 115 160 242 384
96 :  138 163 207 252
97 :  38 47 53 403
98 :  113 123 143 225
99 :  76 379 498
100 :  84 115 163
101 :  80 113 125 138
102 :  35 43 88 301
103 :  47 188 338
104 :  239 332
105 :  6 12 17 90
106 :  62 126 192 286
107 :  8 15
108 :  60 67 111 130 367
109 :  364 381 395
110 :  144 162 184 288
111 :  78 108 130 220 367
112 :  78 131 148 215 220
113 :  57 80 98 101 123 138
114 :  9 475
115 :  95 100 125 384
116 :  184 206 288 297 304
117 :  62 169 286 295 344
118 :  184 206 226 290
119 :  449 478
120 :  14 228
121 :  168 172 209 246 493
122 :  197 202 216 247 323
123 :  57 98 113 189 496
124 :  347 394
125 :  58 101 115 289
126 :  74 106 135 144 146
127 :  157 159 210 213 221 227
128 :  73 86 140 152 164
129 :  139 190 193 231 236
130 :  41 44 51 108 111
131 :  55 78 112 176 386
132 :  47 71 134 248
133 :  84 140 155 160
134 :  73 86 132 223
135 :  126 144 150 192
136 :  87 144 150 162 380
137 :  9 406
138 :  96 101 113 229 252
139 :  83 129 176 190 386
140 :  86 128 133 152 160 170
141 :  60 69 171 299
142 :  218 243 271 275 314 327
143 :  79 98 158 293 310 407
144 :  110 126 135 136 146
145 :  9 480
146 :  40 74 126 144 184
147 :  83 151 190 197 349 420
148 :  112 215 220 331
149 :  22 77 500
150 :  135 136 380
151 :  147 197 247 349 350
152 :  128 140 164 170 227
153 :  157 159 378 438
154 :  62 68 74 81 169 202
155 :  133 170 222 238
156 :  173 181 258 291
157 :  127 153 177 210 238
158 :  79 143 310 428
159 :  127 153 201 213 373
160 :  86 95 133 140 194 242
161 :  236
162 :  110 136 260
163 :  84 96 100 166 207 222
164 :  69 73 128 152 171 256
165 :  221 243 256 299
166 :  163 205 207 269 325
167 :  1 8
168 :  66 121 175 212
169 :  62 117 154 202 216
170 :  140 152 155 210
171 :  69 141 164 256 299
172 :  121 175 246 273
173 :  156 190 231 420
174 :  182 185 281 316 376
175 :  88 168 172
176 :  131 139 215 236
177 :  157 238 325 378
178 :  57 189 237 337
179 :  58 76 283 389 498
180 :  198 217 243 340 371
181 :  156 360 363 419
182 :  174 185 208 292
183 :  284 291 429
184 :  110 116 118 146
185 :  174 182 211 249 316
186 :  9 475
187 :  279 355 467
188 :  103 233 235
189 :  123 178 237 345 496
190 :  83 129 139 147 173
191 :  2 7
192 :  106 135
193 :  129 204 211 231 232 236
194 :  86 160 223 242 335
195 :  205 207 252 358 435
196 :  254 268 338 342
197 :  83 122 147 151
198 :  180 331 340 367 371
199 :  267 354 411
200 :  273 441
201 :  159 213 279 318 404
202 :  122 154 169 466
203 :  278
204 :  193 236 262 368
205 :  166 195 325 435
206 :  116 118 290 304
207 :  96 163 166 195 252
208 :  182 281 292 294
209 :  121 287 319 493
210 :  127 157 170 227 238
211 :  185 193 232 249 368
212 :  50 168 320 493
213 :  127 159 201 221 279 314
214 :  251 375 392
215 :  112 148 176
216 :  122 169 295 323 328
217 :  180 243 263 275
218 :  142 271 275 497
219 :  251 497
220 :  111 112 148 331 367
221 :  127 165 213 227 314
222 :  84 155 163 269
223 :  134 194 248 335
224 :  232 253 261 300 302
225 :  98 293 307 496
226 :  118 290 296 465
227 :  127 152 210 221 256
228 :  34 120 431 473
229 :  57 138 252
230 :  485 509
231 :  129 173 193 232
232 :  193 211 224 231 249 258
233 :  188 410
234 :  29 52
235 :  188 254 338
236 :  129 161 176 193 204
237 :  178 189 365
238 :  155 157 177 210 269
239 :  104 274
240 :  257 263 265 278
241 :  253 261 284 285 366 387
242 :  95 160 194 329 335
243 :  142 165 180 217 275 299 314
244 :  76 79 379
245 :  250 254 469
246 :  121 172 273 334
247 :  122 151 323 412
248 :  92 132 223
249 :  185 211 232 292 300
250 :  245
251 :  214 219 375 405 467
252 :  96 138 195 207 229
253 :  224 241 261 302
254 :  196 235 245 338
255 :  281 282 308 353
256 :  164 165 171 227
257 :  240 259 265 497
258 :  156 232 302
259 :  257 265 321
260 :  87 162
261 :  224 241 253 300
262 :  204 343 368
263 :  217 240 340
264 :  307 330
265 :  240 257 259 278
266 :  276 298 303 506 507 508
267 :  199 411 506
268 :  196 270 342 400
269 :  166 222 238 325
270 :  268 280 342 359
271 :  142 218 355 497
272 :  41 72 332 357
273 :  172 200 246
274 :  239 324 470
275 :  142 217 218 243
276 :  266 307 330 506
277 :  393 498
278 :  203 240 265
279 :  187 201 213 327
280 :  270 359 393
281 :  174 208 255 308
282 :  255 322
283 :  58 179 289 389
284 :  183 241 366 443
285 :  241 366 387
286 :  106 117 344
287 :  209 312 313
288 :  110 116 297
289 :  125 283 341
290 :  118 206 226
291 :  156 183 302 360 429
292 :  182 208 249 294 300
293 :  143 225 303 310
294 :  208 292 415 416
295 :  117 216 328 344
296 :  226 464 465
297 :  116 288 424
298 :  266 303 310 508
299 :  67 141 165 171 243
300 :  224 249 261 292
301 :  35 43 102
302 :  224 253 258 291
303 :  266 293 298 310
304 :  116 206 311
305 :  87 333 380
306 :  423 481 482 504 509
307 :  225 264 276 496
308 :  255 281
309 :  311 319 320 493
310 :  143 158 293 298 303
311 :  304 309 424
312 :  287 334 357
313 :  287 319
314 :  142 213 221 243 327
315 :  446 486 488 489
316 :  174 185 368 376
317 :  362 391 505
318 :  201 414
319 :  209 309 313
320 :  37 212 309
321 :  259 322
322 :  282 321
323 :  122 216 247 328 412 430
324 :  274 402 470
325 :  166 177 205 269
326 :  54 417 451 503 504
327 :  142 279 314
328 :  216 295 323 430
329 :  242 335 519
330 :  264 276 505
331 :  148 198 220 340
332 :  72 104 272
333 :  85 305
334 :  246 312
335 :  194 223 242 329
336 :  41 357 374 399 413
337 :  178 401
338 :  92 103 196 235 254
339 :  85 87 398
340 :  180 198 263 331
341 :  289 361 384
342 :  196 268 270 519
343 :  262
344 :  117 286 295
345 :  189 365
346 :  359 389 468 519
347 :  124 489 504 509
348 :  54 450 471 477 491
349 :  147 151 350 397
350 :  151 349 397 412
351 :  38 44 72
352 :  453 483 484
353 :  255
354 :  199 385
355 :  187 271 497
356 :  22 452 475
357 :  272 312 336
358 :  195
359 :  270 280 346 519
360 :  181 291 419 429
361 :  341 384 468
362 :  317 385
363 :  181 397
364 :  109 442 453 454
365 :  237 345 391
366 :  241 284 285 443
367 :  108 111 198 220
368 :  204 211 262 316
369 :  486 487 488 495 518
370 :  405 414
371 :  67 180 198
372 :  402 469 470
373 :  159 404 438
374 :  336 399 413 462 464
375 :  214 251
376 :  174 316
377 :  54 451 460 500
378 :  153 177
379 :  76 99 244
380 :  87 136 150 305
381 :  70 94 109 453 483
382 :  83 386 466
383 :  447 454 518
384 :  95 115 341 361
385 :  354 362
386 :  131 139 382
387 :  241 285 416
388 :  418 422 457
389 :  179 283 346 468
390 :  51 55 61 81
391 :  317 365
392 :  214 405
393 :  277 280 498
394 :  94 124 446 489 491
395 :  109 442 446 447 488
396 :  88 402 441
397 :  349 350 363
398 :  339
399 :  336 374 461 462
400 :  268
401 :  337
402 :  324 372 396 434
403 :  38 48 71 97
404 :  201 373
405 :  251 370 392
406 :  137 422 458
407 :  79 80 143
408 :  31
409 :  433 449
410 :  53 233
411 :  199 267
412 :  247 323 350
413 :  336 374 464
414 :  318 370
415 :  294
416 :  294 387
417 :  326 504
418 :  388
419 :  181 360
420 :  147 173
421 :  448 455 495 518
422 :  388 406
423 :  45 65 306
424 :  297 311
425 :  434
426 :  70 444 445 476 483 484 492
427 :  70 456 459 478 479
428 :  158
429 :  183 291 360
430 :  323 328
431 :  39 228
432 :  52
433 :  22 409 439
434 :  402 425
435 :  195 205
436 :  32 457 476
437 :  85
438 :  153 373
439 :  433 460 477
440 :  507 508
441 :  200 396
442 :  364 395 454
443 :  284 366
444 :  426 484
445 :  32 426
446 :  315 394 395
447 :  383 395
448 :  6 21 421 455
449 :  119 409 459 480
450 :  348 471
451 :  326 377 499
452 :  36 356
453 :  352 364 381
454 :  364 383 442
455 :  21 421 448
456 :  94 427 478
457 :  388 436 479
458 :  406 480
459 :  427 449
460 :  22 377 439
461 :  399 462 463
462 :  61 374 399 461 464
463 :  51 61 461
464 :  61 296 374 413 462
465 :  40 61 226 296
466 :  68 83 202 382
467 :  187 251
468 :  346 361 389 519
469 :  245 372
470 :  274 324 372
471 :  348 450
472 :  7 39
473 :  3 14 228
474 :  11 15 18
475 :  114 186 356
476 :  426 436
477 :  348 439
478 :  119 427 456 491
479 :  427 457 480 492
480 :  145 449 458 479
481 :  65 306 503 514
482 :  5 306
483 :  352 381 426
484 :  352 426 444
485 :  230 486 487
486 :  315 369 485
487 :  6 369 485
488 :  315 369 395
489 :  315 347 394
490 :  11 14 33
491 :  348 394 478
492 :  426 479
493 :  121 209 212 309
494 :  23 43
495 :  6 369 421
496 :  123 189 225 307
497 :  218 219 257 271 355
498 :  99 179 277 393
499 :  451 500 501 503 511
500 :  0 149 377 499
501 :  499 502 503 510 513 515
502 :  3 11 501
503 :  326 481 499 501 504 510 514
504 :  306 326 347 417 503
505 :  317 330 506
506 :  266 267 276 505 507
507 :  266 440 506
508 :  266 298 440
509 :  230 306 347
510 :  16 501 503
511 :  0 499
512 :  8 18
513 :  18 501
514 :  65 481 503
515 :  3 501
516 :  2 29
517 :  2 20 29
518 :  369 383 421
519 :  92 329 342 346 359 468
RecommendedStartEnd
s 15
e  519
d r
s 356
e  519
d r
