 800 800 
164 662 26 3 199 255 0
125 700 23 2 181 232 1
152 368 24 10 50 232 2
120 517 26 6 125 254 3
284 360 25 108 109 253 4
268 426 27 108 135 255 5
402 400 27 223 185 120 6
106 406 24 3 80 203 7
88 660 25 2 162 204 8
322 740 19 1 205 206 9
164 720 18 1 182 204 10
96 572 25 0 130 233 11
360 368 25 215 157 205 12
444 308 23 164 115 59 13
64 524 23 1 96 205 14
64 614 24 0 138 205 15
168 492 28 69 139 255 16
400 336 23 200 115 167 17
126 618 26 3 199 255 18
142 446 25 7 92 232 19
188 410 27 26 70 255 20
448 358 25 187 140 42 21
258 690 18 0 208 224 22
328 332 23 146 100 236 23
364 304 21 139 49 192 24
406 292 18 170 86 134 25
146 408 13 10 50 232 26
128 667 11 0 160 221 27
232 380 27 27 25 255 28
202 340 23 3 41 205 29
318 402 28 185 168 242 30
294 302 22 68 8 200 31
426 714 11 0 183 152 32
52 568 15 2 117 204 33
121 478 13 17 94 234 34
382 270 15 104 27 149 35
218 744 15 0 183 204 36
448 270 16 124 75 67 37
404 126 7 191 191 191 38
76 426 11 1 81 196 39
490 168 9 169 169 169 40
428 146 11 199 199 199 41
180 449 13 28 74 252 42
330 274 21 111 15 163 43
424 124 7 180 180 180 44
220 456 24 106 165 255 45
322 364 9 179 141 239 46
370 132 8 198 198 198 47
402 108 8 201 201 201 48
265 390 8 66 74 251 49
418 262 14 112 62 96 50
464 132 10 178 178 178 51
250 324 25 6 6 206 52
386 148 8 188 188 188 53
272 613 15 43 231 255 54
492 124 8 162 162 162 55
190 740 13 0 186 197 56
280 30 8 199 199 199 57
284 86 10 188 188 188 58
228 418 11 75 101 255 59
420 106 9 196 196 196 60
472 158 9 179 179 179 61
530 162 8 138 138 138 62
95 629 7 16 135 214 63
360 404 10 212 198 192 64
211 496 14 105 177 255 65
396 244 12 107 39 110 66
430 92 6 136 136 136 67
508 134 9 150 150 150 68
400 92 7 205 205 205 69
410 632 14 9 226 195 70
386 112 6 208 208 208 71
406 146 9 203 203 203 72
384 96 9 196 196 196 73
512 166 9 152 152 152 74
364 334 8 197 129 216 75
272 100 7 171 171 171 76
177 698 8 0 163 225 77
476 116 9 174 174 174 78
264 82 9 188 188 188 79
280 68 8 199 199 199 80
500 150 8 162 162 162 81
94 538 8 20 118 220 82
522 106 8 174 174 174 83
336 60 8 198 198 198 84
524 250 6 156 156 156 85
362 88 7 194 194 194 86
526 234 8 176 176 176 87
378 228 12 87 38 120 88
284 392 7 139 140 254 89
412 366 8 219 172 104 90
154 698 7 8 148 195 91
354 130 7 166 166 166 92
111 442 7 7 79 203 93
384 604 12 53 209 155 94
334 76 8 205 205 205 95
314 40 7 143 143 143 96
386 130 8 197 197 197 97
264 54 8 207 207 207 98
272 116 7 161 161 161 99
320 58 8 193 193 193 100
298 60 10 194 194 194 101
358 248 16 96 25 135 102
366 148 7 186 186 186 103
396 162 5 155 155 155 104
394 366 7 221 155 150 105
538 174 6 128 128 128 106
60 644 6 24 137 204 107
438 108 9 174 174 174 108
446 559 12 11 182 83 109
502 210 6 126 126 126 110
456 110 9 183 183 183 111
474 98 8 161 161 161 112
280 48 9 199 199 199 113
298 722 11 22 195 211 114
318 74 7 206 206 206 115
486 210 6 150 150 150 116
546 160 6 119 119 119 117
482 190 6 120 120 120 118
328 646 12 61 255 255 119
52 492 11 9 79 192 120
420 208 9 74 28 75 121
544 128 7 133 133 133 122
266 36 7 188 188 188 123
326 572 11 101 254 255 124
302 78 8 194 194 194 125
522 182 9 136 136 136 126
394 40 8 71 71 71 127
376 82 6 200 200 200 128
512 78 7 196 196 196 129
444 128 10 182 182 182 130
490 104 9 159 159 159 131
370 116 7 207 207 207 132
352 64 8 198 198 198 133
370 102 6 211 211 211 134
532 196 7 133 133 133 135
524 218 8 176 176 176 136
350 746 10 9 205 209 137
298 40 8 169 169 169 138
510 94 8 182 182 182 139
366 72 8 201 201 201 140
414 92 6 178 178 178 141
344 120 4 141 141 141 142
434 48 5 159 159 159 143
254 68 8 176 176 176 144
516 200 9 171 171 171 145
336 716 8 8 194 205 146
502 184 10 158 158 158 147
538 98 9 167 167 167 148
470 84 6 180 180 180 149
212 698 27 2 205 232 150
538 210 6 136 136 136 151
548 108 5 167 167 167 152
382 68 7 156 156 156 153
384 14 7 37 37 37 154
520 148 9 144 144 144 155
360 52 6 120 120 120 156
546 68 7 167 167 167 157
382 30 7 48 48 48 158
248 80 4 160 160 160 159
400 22 8 78 78 78 160
350 80 7 207 207 207 161
486 72 5 58 58 58 162
510 220 6 124 124 124 163
330 44 9 132 132 132 164
392 80 7 174 174 174 165
412 64 7 108 108 108 166
338 30 7 95 95 95 167
94 694 8 11 139 214 168
410 226 10 92 43 87 169
538 148 8 125 125 125 170
372 58 7 137 137 137 171
406 80 6 134 134 134 172
406 200 7 65 28 68 173
534 76 7 174 174 174 174
500 30 4 111 111 111 175
394 214 9 65 36 86 176
496 88 7 187 187 187 177
368 22 7 66 66 66 178
274 14 8 183 183 183 179
288 104 7 62 62 62 180
438 74 6 79 79 79 181
558 76 7 166 166 166 182
510 26 4 156 156 156 183
558 42 5 101 101 101 184
494 198 6 122 122 122 185
508 36 5 154 154 154 186
298 752 7 8 195 210 187
436 28 5 215 215 215 188
362 160 5 153 153 153 189
260 22 7 160 160 160 190
524 88 7 175 175 175 191
119 374 10 0 49 192 192
544 188 7 99 99 99 193
510 62 7 174 174 174 194
350 92 4 175 175 175 195
320 12 9 118 118 118 196
338 144 7 154 154 154 197
536 116 7 168 168 168 198
446 86 6 96 96 96 199
200 26 5 52 52 52 200
390 194 5 152 155 153 201
416 20 7 107 107 107 202
530 134 8 132 132 132 203
468 68 6 180 180 180 204
496 58 6 98 98 98 205
336 14 7 132 132 132 206
478 202 4 140 140 140 207
324 28 7 127 127 127 208
510 16 5 145 145 145 209
440 204 8 45 22 37 210
380 46 7 67 67 67 211
510 48 5 167 167 167 212
428 238 10 88 47 74 213
410 36 8 74 74 74 214
462 10 4 218 218 218 215
482 86 6 179 179 179 216
550 140 6 104 104 104 217
444 64 4 129 129 129 218
446 48 5 181 181 181 219
458 30 4 147 147 147 220
460 94 6 125 125 125 221
406 52 6 91 91 91 222
346 46 6 126 126 126 223
356 104 6 205 205 205 224
532 42 5 109 109 109 225
252 46 6 158 158 158 226
472 184 5 110 110 110 227
392 56 8 92 92 92 228
82 468 26 3 111 229 229
296 26 6 142 142 142 230
308 470 28 177 201 253 231
522 68 6 196 196 196 232
522 52 7 196 196 196 233
372 162 4 167 167 167 234
218 314 8 2 13 217 235
352 158 5 149 149 149 236
498 74 7 138 138 138 237
260 8 6 102 102 102 238
368 38 7 70 70 70 239
390 172 6 156 156 156 240
460 54 5 221 221 221 241
546 20 9 52 52 52 242
340 90 6 163 163 163 243
428 62 9 88 88 88 244
258 98 7 166 166 166 245
332 168 9 144 144 144 246
416 190 7 83 61 84 247
554 120 5 139 139 139 248
356 116 5 185 185 185 249
518 40 5 114 114 114 250
330 186 9 72 72 72 251
454 20 6 126 126 126 252
310 26 7 125 125 125 253
544 36 6 55 55 55 254
342 156 5 162 162 162 255
488 14 6 85 85 85 256
400 68 5 122 122 122 257
462 44 5 219 219 219 258
534 58 6 166 166 166 259
326 116 8 224 224 224 260
472 42 4 234 234 234 261
514 230 4 172 172 172 262
534 30 5 77 77 77 263
488 50 5 46 46 46 264
454 62 4 199 199 199 265
238 28 4 61 61 61 266
470 50 4 213 213 213 267
224 52 7 42 42 42 268
204 38 6 44 44 44 269
324 150 6 150 150 150 270
352 34 7 94 94 94 271
318 138 4 126 126 126 272
440 40 4 173 173 173 273
416 160 5 174 174 174 274
342 132 5 113 113 113 275
400 186 7 130 133 131 276
380 178 5 146 146 146 277
440 56 4 148 148 148 278
230 40 5 38 38 38 279
298 120 4 118 118 118 280
470 60 4 196 196 196 281
424 30 5 156 156 156 282
306 136 6 40 40 40 283
500 18 5 119 119 119 284
482 24 5 174 174 174 285
296 96 4 58 58 58 286
562 28 8 45 45 45 287
548 4 7 70 70 70 288
552 172 5 86 86 86 289
444 188 6 48 27 43 290
494 218 5 137 137 137 291
306 92 4 63 63 63 292
472 194 4 133 133 133 293
554 56 7 131 131 131 294
520 26 6 100 100 100 295
244 58 5 116 116 116 296
520 14 5 94 94 94 297
556 152 6 86 86 86 298
462 178 4 123 123 123 299
482 222 6 64 64 64 300
226 66 7 58 58 58 301
420 78 8 120 120 120 302
526 34 4 100 100 100 303
358 272 7 107 25 144 304
544 48 5 111 111 111 305
234 58 4 40 40 40 306
472 210 6 106 106 106 307
540 236 6 145 145 145 308
256 502 24 142 210 255 309
240 40 5 86 86 86 310
498 8 5 135 135 135 311
452 224 7 74 28 41 312
240 70 6 92 92 92 313
466 224 6 139 139 139 314
434 182 5 59 42 58 315
456 196 6 49 23 41 316
420 48 7 73 73 73 317
357 508 27 162 228 179 318
498 38 4 104 104 104 319
222 4 7 79 79 79 320
428 18 4 129 129 129 321
454 208 6 50 20 39 322
450 242 11 77 51 44 323
478 36 4 192 192 192 324
472 30 4 185 185 185 325
560 130 6 105 105 105 326
372 186 6 163 163 163 327
352 18 8 84 84 84 328
246 586 21 88 219 255 329
428 40 4 152 152 152 330
562 142 4 69 69 69 331
336 102 4 146 146 146 332
230 32 4 38 38 38 333
458 82 5 97 97 97 334
332 128 5 40 40 40 335
406 160 4 160 160 160 336
536 246 4 125 125 125 337
428 192 5 54 22 53 338
344 100 4 124 124 124 339
436 162 6 144 144 144 340
288 12 6 126 126 126 341
352 148 4 175 175 175 342
514 242 4 141 141 141 343
452 74 5 104 104 104 344
314 88 4 91 91 91 345
326 140 4 146 146 146 346
482 58 4 46 46 46 347
560 164 6 71 71 71 348
248 18 5 93 93 93 349
312 116 6 57 57 57 350
302 543 27 130 253 255 351
306 611 19 42 254 254 352
554 98 5 174 174 174 353
560 106 4 157 157 157 354
414 132 5 191 191 191 355
480 616 27 0 149 56 356
478 8 5 164 164 164 357
198 16 5 68 68 68 358
444 32 4 194 194 194 359
262 729 19 1 205 206 360
424 172 9 88 88 88 361
306 8 5 103 103 103 362
316 128 6 80 80 80 363
564 64 5 161 161 161 364
322 94 5 137 137 137 365
208 6 5 72 72 72 366
566 88 6 203 203 203 367
484 552 26 1 166 68 368
246 4 7 77 77 77 369
560 14 6 38 38 38 370
450 98 4 122 122 122 371
498 48 4 92 92 92 372
412 467 24 176 217 108 373
438 2 6 154 154 154 374
436 84 4 103 103 103 375
358 178 6 146 146 146 376
400 6 7 58 58 58 377
448 162 4 138 138 138 378
466 18 5 167 167 167 379
492 32 4 56 56 56 380
251 644 22 41 232 255 381
368 6 8 76 76 76 382
264 108 4 186 186 186 383
540 222 7 154 154 154 384
338 112 5 169 169 169 385
424 592 27 2 200 142 386
510 114 4 164 164 164 387
473 481 24 94 165 1 388
322 84 4 139 139 139 389
198 4 5 70 70 70 390
504 108 4 163 163 163 391
538 8 4 70 70 70 392
396 732 9 1 181 152 393
302 106 7 120 120 120 394
482 142 10 164 164 164 395
234 8 5 101 101 101 396
456 2 4 222 222 222 397
294 128 4 118 118 118 398
366 568 29 81 237 212 399
416 534 25 74 209 123 400
370 208 9 87 67 101 401
564 98 4 178 178 178 402
498 242 12 141 141 141 403
446 154 4 199 199 199 404
312 152 6 87 87 87 405
294 4 4 126 126 126 406
360 194 8 86 81 88 407
394 118 4 219 219 219 408
414 4 7 113 113 113 409
450 8 4 174 174 174 410
364 732 8 0 182 152 411
268 70 4 193 193 193 412
272 280 9 68 8 200 413
316 700 13 0 230 231 414
380 158 4 164 164 164 415
194 36 5 42 42 42 416
568 116 8 104 104 104 417
446 172 6 138 138 138 418
434 12 4 141 141 141 419
520 2 6 109 109 109 420
530 12 4 71 71 71 421
270 570 8 86 219 253 422
412 732 8 1 181 152 423
570 74 5 176 176 176 424
542 84 4 172 172 172 425
460 424 26 198 162 2 426
378 740 8 1 181 152 427
230 486 7 142 210 255 428
476 234 7 64 64 64 429
348 206 5 46 43 47 430
430 664 23 0 181 126 431
374 648 24 1 229 192 432
240 84 4 83 83 83 433
568 50 7 116 116 116 434
570 136 5 87 87 87 435
62 440 8 2 64 142 436
254 292 7 6 6 206 437
290 695 13 0 230 231 438
348 196 4 46 43 47 439
332 2 5 121 121 121 440
404 708 11 1 181 152 441
514 258 6 78 78 78 442
388 2 6 47 47 47 443
294 668 13 0 233 226 444
202 60 8 40 40 40 445
382 200 4 90 83 96 446
452 532 11 25 147 64 447
570 16 4 38 38 38 448
462 670 10 0 181 126 449
444 696 12 2 178 124 450
382 534 8 115 228 195 451
440 502 15 15 80 25 452
441 393 10 137 108 56 453
327 673 14 0 230 231 454
286 586 11 43 231 255 455
233 616 11 64 225 255 456
235 729 8 0 194 205 457
461 583 11 2 170 64 458
469 516 11 59 156 32 459
458 391 7 160 132 22 460
364 615 10 0 233 194 461
381 714 12 3 183 154 462
357 717 8 3 183 154 463
345 661 7 73 217 199 464
272 667 9 13 224 235 465
452 147 5 190 190 190 466
456 158 4 73 73 73 467
462 147 4 40 40 40 468
459 168 6 151 151 151 469
474 173 6 116 116 116 470
520 123 6 150 150 150 471
443 20 4 73 73 73 472
317 104 6 133 133 133 473
346 176 6 232 232 232 474
370 176 4 154 154 154 475
304 586 7 130 253 255 476
95 433 6 3 80 203 477
88 502 8 6 82 178 478
96 605 7 8 137 230 479
288 739 8 2 207 212 480
417 693 8 23 183 137 481
294 641 14 21 243 240 482
342 624 14 30 244 224 483
386 685 14 0 178 147 484
353 695 17 18 180 154 485
224 519 12 142 210 255 486
262 466 13 136 187 249 487
443 630 12 6 174 128 488
461 650 10 1 180 125 489
358 444 26 220 229 202 490
378 476 11 173 229 152 491
394 437 10 212 211 130 492
395 501 12 120 211 156 493
339 542 8 135 228 227 494
69 555 6 19 97 217 495
337 599 11 51 245 230 496
401 670 6 0 105 89 497
434 221 8 68 26 57 498
330 302 7 128 57 199 499
423 433 12 208 191 71 500
252 32 6 124 124 124 501
452 39 5 113 113 113 502
286 119 7 50 50 50 503
194 609 28 45 188 255 504
210 652 18 0 199 255 505
157 570 26 52 167 254 506
126 552 10 37 153 248 507
210 555 26 99 186 252 508
255 545 19 114 217 253 509
219 22 10 29 29 29 510
218 40 6 61 61 61 511
211 51 4 27 27 27 512
215 63 4 31 31 31 513
292 506 12 177 201 253 514
176 532 13 52 167 254 515
164 628 8 0 172 252 516
116 649 6 46 142 196 517
155 603 7 0 173 255 518
202 519 10 92 185 254 519
149 536 10 2 162 204 520
170 340 9 0 0 211 521
188 372 11 15 9 242 522
447 459 10 131 188 35 523
Neighbours
0 :  27 505 516
1 :  10 27 91 168
2 :  26 192 521 522
3 :  16 34 82 478 507 520
4 :  30 49 52 89
5 :  30 49 59 487
6 :  12 90 105 453 492 500
7 :  26 39 192 477
8 :  15 63 107 168 517
9 :  114 137 146 187
10 :  1 56 77 91
11 :  82 479 495 507
12 :  6 17 23 30 64 75 105
13 :  21 25 37
14 :  82 120 478 495
15 :  8 63 107 479
16 :  3 19 65 515
17 :  12 25 90 105
18 :  63 479 517 518
19 :  16 26 34 42 93
20 :  26 28 42 59 522
21 :  13 453 460
22 :  150 360 438 465
23 :  12 24 31 46 499
24 :  23 35 43 75
25 :  13 17 35 50
26 :  2 7 19 20
27 :  0 1
28 :  20 29 49 59
29 :  28 52 235 521 522
30 :  4 5 12 46 89
31 :  23 43 52 413
32 :  441 450
33 :  495
34 :  3 19 229
35 :  24 25 66 102 304
36 :  56 457
37 :  13 50 323
38 :  48 97 355 408
39 :  7 436 477
40 :  61 147 470
41 :  72 130 274 340
42 :  19 20
43 :  24 31 102 304 499
44 :  60 130 355
45 :  65 428
46 :  23 30
47 :  92 97 103 132
48 :  38 60 69 71 408
49 :  4 5 28
50 :  25 37 66 213
51 :  78 130 395 468
52 :  4 29 31 235 437
53 :  72 97 415
54 :  329 352 381
55 :  68 78 131 395
56 :  10 36
57 :  113 123 179 230
58 :  76 79 80 125 180 286
59 :  5 20 28
60 :  44 48 67 108 141
61 :  40 395 467 468 469 470
62 :  74 106 117 155 170
63 :  8 15 18
64 :  12
65 :  16 45 428 486 519
66 :  35 50 88 169
67 :  60 108 302 375
68 :  55 81 155 471
69 :  48 73 141 165 172
70 :  386 431 432
71 :  48 73 132 408
72 :  41 53 274 336 355
73 :  69 71 128 134 165
74 :  62 81 126 147 155
75 :  12 24
76 :  58 99 180 245 383
77 :  10 150
78 :  51 55 111 112 131
79 :  58 144 159 245 412
80 :  58 101 113 412
81 :  68 74 155 395
82 :  3 11 14
83 :  139 148 191 198 387 471
84 :  95 100 133 164 223
85 :  87 337 343 442
86 :  128 134 140 161 195
87 :  85 136 262 308 343 384
88 :  66 102 176 401
89 :  4 30
90 :  6 17 105
91 :  1 10
92 :  47 142 249 275
93 :  19
94 :  386 399 461
95 :  84 115 161 243 389
96 :  138 164 208 253
97 :  38 47 53 408
98 :  113 123 144 226
99 :  76 383 503
100 :  84 115 164
101 :  80 113 125 138
102 :  35 43 88 304
103 :  47 189 342
104 :  240 336
105 :  6 12 17 90
106 :  62 126 193 289
107 :  8 15
108 :  60 67 111 130 371
109 :  368 386 400
110 :  145 163 185 291
111 :  78 108 130 221 371
112 :  78 131 149 216 221
113 :  57 80 98 101 123 138
114 :  9 480
115 :  95 100 125 389
116 :  185 207 291 300 307
117 :  62 170 289 298 348
118 :  185 207 227 293
119 :  454 483
120 :  14 229
121 :  169 173 210 247 498
122 :  198 203 217 248 326
123 :  57 98 113 190 501
124 :  351 399
125 :  58 101 115 292
126 :  74 106 135 145 147
127 :  158 160 211 214 222 228
128 :  73 86 140 153 165
129 :  139 191 194 232 237
130 :  41 44 51 108 111
131 :  55 78 112 177 391
132 :  47 71 134 249
133 :  84 140 156 161
134 :  73 86 132 224
135 :  126 145 151 193
136 :  87 145 151 163 384
137 :  9 411
138 :  96 101 113 230 253
139 :  83 129 177 191 391
140 :  86 128 133 153 161 171
141 :  60 69 172 302
142 :  92 275 385
143 :  219 244 273 278 317 330
144 :  79 98 159 296 313 412
145 :  110 126 135 136 147
146 :  9 485
147 :  40 74 126 145 185
148 :  83 152 191 198 353 425
149 :  112 216 221 334
150 :  22 77 505
151 :  135 136 384
152 :  148 198 248 353 354
153 :  128 140 165 171 228
154 :  158 160 382 443
155 :  62 68 74 81 170 203
156 :  133 171 223 239
157 :  174 182 259 294
158 :  127 154 178 211 239
159 :  79 144 313 433
160 :  127 154 202 214 377
161 :  86 95 133 140 195 243
162 :  237
163 :  110 136 262
164 :  84 96 100 167 208 223
165 :  69 73 128 153 172 257
166 :  222 244 257 302
167 :  164 206 208 271 328
168 :  1 8
169 :  66 121 176 213
170 :  62 117 155 203 217
171 :  140 153 156 211
172 :  69 141 165 257 302
173 :  121 176 247 276
174 :  157 191 232 425
175 :  183 186 284 319 380
176 :  88 169 173
177 :  131 139 216 237
178 :  158 239 328 382
179 :  57 190 238 341
180 :  58 76 286 394 503
181 :  199 218 244 344 375
182 :  157 364 367 424
183 :  175 186 209 295
184 :  287 294 434
185 :  110 116 118 147
186 :  175 183 212 250 319
187 :  9 480
188 :  282 359 472
189 :  103 234 236
190 :  123 179 238 349 501
191 :  83 129 139 148 174
192 :  2 7
193 :  106 135
194 :  129 205 212 232 233 237
195 :  86 161 224 243 339
196 :  206 208 253 362 440
197 :  255 270 275 346
198 :  83 122 148 152
199 :  181 334 344 371 375
200 :  269 358 416
201 :  276 446
202 :  160 214 282 321 409
203 :  122 155 170 471
204 :  281
205 :  194 237 264 372
206 :  167 196 328 440
207 :  116 118 293 307
208 :  96 164 167 196 253
209 :  183 284 295 297
210 :  121 290 322 498
211 :  127 158 171 228 239
212 :  186 194 233 250 372
213 :  50 169 323 498
214 :  127 160 202 222 282 317
215 :  252 379 397
216 :  112 149 177
217 :  122 170 298 326 331
218 :  181 244 265 278
219 :  143 273 278 502
220 :  252 502
221 :  111 112 149 334 371
222 :  127 166 214 228 317
223 :  84 156 164 271
224 :  134 195 249 339
225 :  233 254 263 303 305
226 :  98 296 310 501
227 :  118 293 299 470
228 :  127 153 211 222 257
229 :  34 120 436 478
230 :  57 138 253
231 :  490 514
232 :  129 174 194 233
233 :  194 212 225 232 250 259
234 :  189 415
235 :  29 52
236 :  189 255 342
237 :  129 162 177 194 205
238 :  179 190 369
239 :  156 158 178 211 271
240 :  104 277
241 :  258 265 267 281
242 :  254 263 287 288 370 392
243 :  95 161 195 332 339
244 :  143 166 181 218 278 302 317
245 :  76 79 383
246 :  251 255 474
247 :  121 173 276 338
248 :  122 152 326 417
249 :  92 132 224
250 :  186 212 233 295 303
251 :  246
252 :  215 220 379 410 472
253 :  96 138 196 208 230
254 :  225 242 263 305
255 :  197 236 246
256 :  284 285 311 357
257 :  165 166 172 228
258 :  241 261 267 502
259 :  157 233 305
260 :  335 350 363 385 473
261 :  258 267 324
262 :  87 163
263 :  225 242 254 303
264 :  205 347 372
265 :  218 241 344
266 :  310 333
267 :  241 258 261 281
268 :  279 301 306 511 512 513
269 :  200 416 511
270 :  197 272 346 405
271 :  167 223 239 328
272 :  270 283 346 363
273 :  143 219 359 502
274 :  41 72 336 361
275 :  92 142 197 335
276 :  173 201 247
277 :  240 327 475
278 :  143 218 219 244
279 :  268 310 333 511
280 :  398 503
281 :  204 241 267
282 :  188 202 214 330
283 :  272 363
284 :  175 209 256 311
285 :  256 325
286 :  58 180 292 394
287 :  184 242 370 448
288 :  242 370 392
289 :  106 117 348
290 :  210 315 316
291 :  110 116 300
292 :  125 286 345
293 :  118 207 227
294 :  157 184 305 364 434
295 :  183 209 250 297 303
296 :  144 226 306 313
297 :  209 295 420 421
298 :  117 217 331 348
299 :  227 469 470
300 :  116 291 429
301 :  268 306 313 513
302 :  67 141 166 172 244
303 :  225 250 263 295
304 :  35 43 102
305 :  225 254 259 294
306 :  268 296 301 313
307 :  116 207 314
308 :  87 337 384
309 :  428 486 487 509 514
310 :  226 266 279 501
311 :  256 284
312 :  314 322 323 498
313 :  144 159 296 301 306
314 :  307 312 429
315 :  290 338 361
316 :  290 322
317 :  143 214 222 244 330
318 :  451 491 493 494
319 :  175 186 372 380
320 :  366 396 510
321 :  202 419
322 :  210 312 316
323 :  37 213 312
324 :  261 325
325 :  285 324
326 :  122 217 248 331 417 435
327 :  277 407 475
328 :  167 178 206 271
329 :  54 422 456 508 509
330 :  143 282 317
331 :  217 298 326 435
332 :  243 339 385
333 :  266 279 510
334 :  149 199 221 344
335 :  260 275
336 :  72 104 274
337 :  85 308
338 :  247 315
339 :  195 224 243 332
340 :  41 361 378 404 418
341 :  179 406
342 :  103 236
343 :  85 87 403
344 :  181 199 265 334
345 :  292 365 389
346 :  197 270 272
347 :  264
348 :  117 289 298
349 :  190 369
350 :  260 363 394 473
351 :  124 494 509 514
352 :  54 455 476 482 496
353 :  148 152 354 402
354 :  152 353 402 417
355 :  38 44 72
356 :  458 488 489
357 :  256
358 :  200 390
359 :  188 273 502
360 :  22 457 480
361 :  274 315 340
362 :  196
363 :  260 272 283 350
364 :  182 294 424 434
365 :  345 389 473
366 :  320 390
367 :  182 402
368 :  109 447 458 459
369 :  238 349 396
370 :  242 287 288 448
371 :  108 111 199 221
372 :  205 212 264 319
373 :  491 492 493 500 523
374 :  410 419
375 :  67 181 199
376 :  407 474 475
377 :  160 409 443
378 :  340 404 418 467 469
379 :  215 252
380 :  175 319
381 :  54 456 465 505
382 :  154 178
383 :  76 99 245
384 :  87 136 151 308
385 :  142 260 332
386 :  70 94 109 458 488
387 :  83 391 471
388 :  452 459 523
389 :  95 115 345 365
390 :  358 366
391 :  131 139 387
392 :  242 288 421
393 :  423 427 462
394 :  180 286 350 473
395 :  51 55 61 81
396 :  320 369
397 :  215 410
398 :  280 503
399 :  94 124 451 494 496
400 :  109 447 451 452 493
401 :  88 407 446
402 :  353 354 367
403 :  343
404 :  340 378 466 467
405 :  270
406 :  341
407 :  327 376 401 439
408 :  38 48 71 97
409 :  202 377
410 :  252 374 397
411 :  137 427 463
412 :  79 80 144
413 :  31
414 :  438 454
415 :  53 234
416 :  200 269
417 :  248 326 354
418 :  340 378 469
419 :  321 374
420 :  297
421 :  297 392
422 :  329 509
423 :  393
424 :  182 364
425 :  148 174
426 :  453 460 500 523
427 :  393 411
428 :  45 65 309
429 :  300 314
430 :  439
431 :  70 449 450 481 488 489 497
432 :  70 461 464 483 484
433 :  159
434 :  184 294 364
435 :  326 331
436 :  39 229
437 :  52
438 :  22 414 444
439 :  407 430
440 :  196 206
441 :  32 462 481
442 :  85
443 :  154 377
444 :  438 465 482
445 :  512 513
446 :  201 401
447 :  368 400 459
448 :  287 370
449 :  431 489
450 :  32 431
451 :  318 399 400
452 :  388 400
453 :  6 21 426 460
454 :  119 414 464 485
455 :  352 476
456 :  329 381 504
457 :  36 360
458 :  356 368 386
459 :  368 388 447
460 :  21 426 453
461 :  94 432 483
462 :  393 441 484
463 :  411 485
464 :  432 454
465 :  22 381 444
466 :  404 467 468
467 :  61 378 404 466 469
468 :  51 61 466
469 :  61 299 378 418 467
470 :  40 61 227 299
471 :  68 83 203 387
472 :  188 252
473 :  260 350 365 394
474 :  246 376
475 :  277 327 376
476 :  352 455
477 :  7 39
478 :  3 14 229
479 :  11 15 18
480 :  114 187 360
481 :  431 441
482 :  352 444
483 :  119 432 461 496
484 :  432 462 485 497
485 :  146 454 463 484
486 :  65 309 508 519
487 :  5 309
488 :  356 386 431
489 :  356 431 449
490 :  231 491 492
491 :  318 373 490
492 :  6 373 490
493 :  318 373 400
494 :  318 351 399
495 :  11 14 33
496 :  352 399 483
497 :  431 484
498 :  121 210 213 312
499 :  23 43
500 :  6 373 426
501 :  123 190 226 310
502 :  219 220 258 273 359
503 :  99 180 280 398
504 :  456 505 506 508 516
505 :  0 150 381 504
506 :  504 507 508 515 518 520
507 :  3 11 506
508 :  329 486 504 506 509 515 519
509 :  309 329 351 422 508
510 :  320 333 511
511 :  268 269 279 510 512
512 :  268 445 511
513 :  268 301 445
514 :  231 309 351
515 :  16 506 508
516 :  0 504
517 :  8 18
518 :  18 506
519 :  65 486 508
520 :  3 506
521 :  2 29
522 :  2 20 29
523 :  373 388 426
RecommendedStartEnd
s 15
e  260
d r
s 356
e  260
d r
